2.550400e-02
0.000000e+00
9.112906e-02
0.000000e+00
2.051838e-02
0.000000e+00
3.873501e-04
8.317525e-06
0.000000e+00
3.796236e-02
0.000000e+00
6.312625e-02
0.000000e+00
1.081864e-02
0.000000e+00
0.000000e+00
1.109570e-01
0.000000e+00
2.962408e-02
4.689382e-02
0.000000e+00
2.380182e-02
0.000000e+00
8.435579e-05
1.255985e+01
1.084170e+01
7.838323e+00
4.533513e+00
1.305774e+00
1.311497e+00
1.546111e-01
4.813183e-02
7.747000e+00
1.801676e+01
3.413733e+01
1.849021e+01
1.159492e+01
1.632480e+00
9.026372e-02
3.983984e-02
2.963880e+01
8.902223e+01
2.339337e+01
5.444834e+00
9.221165e+00
1.038707e+00
6.172571e-01
1.913986e-01
0.000000e+00
0.000000e+00
0.000000e+00
0.000000e+00
0.000000e+00
0.000000e+00
0.000000e+00
0.000000e+00
0.000000e+00
0.000000e+00
0.000000e+00
0.000000e+00
0.000000e+00
0.000000e+00
0.000000e+00
0.000000e+00
1.089800e-01
3.662949e-02
6.205424e-02
5.731269e-03
4.920794e-03
4.749016e-03
1.170083e-03
3.700680e-04
