1.044330e-01
0.000000e+00
5.039254e-02
1.177320e-02
0.000000e+00
2.856418e-03
0.000000e+00
0.000000e+00
0.000000e+00
1.938538e-01
0.000000e+00
0.000000e+00
8.330334e-03
0.000000e+00
4.902723e-04
4.366593e-05
3.969700e-02
0.000000e+00
1.703518e-02
0.000000e+00
1.607696e-03
4.334866e-04
5.435826e-04
0.000000e+00
1.012386e+01
1.743450e+01
9.191224e+00
2.107752e+00
9.658312e-01
1.522595e-01
9.805004e-02
6.291869e-02
4.138000e+00
1.791005e+01
3.263269e+00
7.750683e+00
8.506629e-01
1.170420e+00
2.666870e-01
1.947941e-01
3.027980e+01
8.869384e+01
3.707530e+01
9.670686e+00
2.757764e+00
4.800149e-01
1.909814e-01
1.167598e-01
0.000000e+00
0.000000e+00
0.000000e+00
0.000000e+00
0.000000e+00
0.000000e+00
0.000000e+00
0.000000e+00
0.000000e+00
0.000000e+00
0.000000e+00
0.000000e+00
0.000000e+00
0.000000e+00
0.000000e+00
0.000000e+00
1.280900e-01
4.311029e-02
7.301568e-02
2.109016e-02
5.765017e-03
1.622391e-03
2.599429e-04
2.557109e-04
