1.501040e-01
0.000000e+00
0.000000e+00
3.845642e-02
0.000000e+00
3.908782e-03
0.000000e+00
0.000000e+00
0.000000e+00
8.394525e-02
6.469832e-02
0.000000e+00
3.847165e-03
0.000000e+00
3.184373e-03
1.424881e-04
3.188400e-02
5.521605e-02
1.406563e-02
1.302770e-02
7.995465e-04
3.712106e-03
8.601156e-04
0.000000e+00
6.487669e+00
1.951339e+01
1.310360e+01
6.450381e+00
2.797065e+00
9.349200e-01
3.062759e-01
1.174092e-01
9.943000e+00
8.795061e+01
1.171270e+01
7.563036e+01
5.779859e+00
4.990321e+00
1.023606e-01
4.601393e-01
2.375140e+01
3.144516e+01
2.883743e+01
1.270264e+01
9.025931e+00
1.574037e+00
2.057649e+00
4.171572e-01
0.000000e+00
0.000000e+00
0.000000e+00
0.000000e+00
0.000000e+00
0.000000e+00
0.000000e+00
0.000000e+00
0.000000e+00
0.000000e+00
0.000000e+00
0.000000e+00
0.000000e+00
3.459805e-04
0.000000e+00
0.000000e+00
9.669000e-02
2.959423e-02
2.404098e-02
2.046039e-02
8.072033e-03
0.000000e+00
9.585385e-04
2.100783e-05
