6.236300e-02
0.000000e+00
8.629070e-02
0.000000e+00
1.143258e-02
0.000000e+00
0.000000e+00
8.706430e-04
0.000000e+00
1.319635e-01
0.000000e+00
4.034110e-02
0.000000e+00
1.391541e-03
1.630221e-03
0.000000e+00
0.000000e+00
1.104402e-01
0.000000e+00
3.806193e-02
0.000000e+00
3.595604e-03
1.043985e-03
4.597507e-05
1.070026e+01
1.505413e+01
7.059598e+00
5.614711e+00
1.134043e+00
3.943905e-01
1.736656e-01
7.402708e-03
6.793000e+00
2.941522e+00
1.964192e+01
1.518267e+00
2.541282e+00
7.002620e-01
1.413155e-01
8.318616e-03
2.992450e+01
8.020812e+01
5.081368e+01
1.919524e+01
4.262686e+00
7.847943e-01
5.930758e-01
4.972058e-02
0.000000e+00
0.000000e+00
0.000000e+00
0.000000e+00
0.000000e+00
0.000000e+00
0.000000e+00
0.000000e+00
0.000000e+00
0.000000e+00
0.000000e+00
0.000000e+00
0.000000e+00
0.000000e+00
0.000000e+00
0.000000e+00
1.340400e-01
4.178155e-02
5.219682e-02
3.904741e-02
1.042872e-02
2.001443e-03
9.413619e-04
1.161818e-06
