1.849830e-01
0.000000e+00
1.513458e-02
5.416408e-02
0.000000e+00
0.000000e+00
0.000000e+00
0.000000e+00
0.000000e+00
1.996541e-01
0.000000e+00
0.000000e+00
2.521265e-02
0.000000e+00
0.000000e+00
0.000000e+00
2.162600e-02
1.291202e-01
0.000000e+00
6.613207e-03
3.567335e-02
0.000000e+00
0.000000e+00
0.000000e+00
4.918651e+00
1.817071e+01
9.220970e+00
3.227957e+00
1.692657e+00
0.000000e+00
0.000000e+00
0.000000e+00
2.110000e+00
2.744795e+01
4.136534e+01
2.243769e+01
8.909224e-01
0.000000e+00
0.000000e+00
0.000000e+00
2.502730e+01
2.788810e+01
1.362275e+01
2.907075e+00
0.000000e+00
0.000000e+00
0.000000e+00
0.000000e+00
0.000000e+00
0.000000e+00
0.000000e+00
0.000000e+00
1.507635e+01
0.000000e+00
0.000000e+00
0.000000e+00
0.000000e+00
0.000000e+00
0.000000e+00
0.000000e+00
0.000000e+00
0.000000e+00
0.000000e+00
0.000000e+00
7.337000e-02
2.206620e-02
3.150716e-02
8.300175e-03
8.995592e-03
0.000000e+00
0.000000e+00
0.000000e+00
