0.000000e+00
2.840457e-02
7.514807e-03
0.000000e+00
0.000000e+00
0.000000e+00
0.000000e+00
0.000000e+00
2.412600e-02
0.000000e+00
0.000000e+00
3.234179e-03
9.834027e-04
6.224920e-04
0.000000e+00
0.000000e+00
7.066600e-02
0.000000e+00
1.642211e-02
2.432650e-02
7.130905e-03
1.899727e-03
0.000000e+00
0.000000e+00
1.274365e+01
1.138702e+01
9.424246e+00
5.148665e+00
1.462441e+00
2.756997e-01
0.000000e+00
0.000000e+00
4.742000e+00
1.504045e+01
9.126885e+00
3.406929e+00
9.546543e-01
8.777158e-02
0.000000e+00
0.000000e+00
3.034760e+01
8.017498e+01
5.076304e+01
1.995426e+01
5.598629e+00
6.117163e-01
0.000000e+00
0.000000e+00
0.000000e+00
0.000000e+00
0.000000e+00
0.000000e+00
0.000000e+00
0.000000e+00
0.000000e+00
0.000000e+00
0.000000e+00
0.000000e+00
0.000000e+00
0.000000e+00
0.000000e+00
0.000000e+00
0.000000e+00
0.000000e+00
1.386800e-01
4.720507e-02
5.595965e-02
4.183516e-02
1.199192e-02
2.820016e-03
0.000000e+00
0.000000e+00
