1.388930e-01
0.000000e+00
8.612437e-02
0.000000e+00
0.000000e+00
0.000000e+00
2.081891e-03
0.000000e+00
0.000000e+00
2.213781e-01
0.000000e+00
8.979329e-03
2.968125e-03
1.089961e-03
0.000000e+00
5.824817e-04
7.737000e-03
0.000000e+00
2.010866e-02
4.006958e-03
0.000000e+00
3.581716e-03
0.000000e+00
3.071697e-04
7.023247e+00
1.875909e+01
7.209805e+00
5.723585e+00
2.579400e+00
6.074081e-01
2.316509e-01
9.111329e-02
1.268000e+00
8.222708e+01
2.696400e+00
3.033221e+01
3.222564e+00
2.840918e+00
6.602315e-01
2.447078e-01
3.063320e+01
7.491368e+01
4.828529e+01
1.971659e+01
7.868830e+00
2.001397e+00
5.855471e-01
1.792407e-01
0.000000e+00
0.000000e+00
0.000000e+00
0.000000e+00
0.000000e+00
0.000000e+00
0.000000e+00
0.000000e+00
0.000000e+00
0.000000e+00
0.000000e+00
0.000000e+00
0.000000e+00
0.000000e+00
0.000000e+00
0.000000e+00
1.309000e-01
4.365395e-02
5.020266e-02
2.416671e-02
1.759314e-02
2.013380e-03
1.705550e-03
3.073106e-04
