2.361380e-01
0.000000e+00
9.108249e-03
0.000000e+00
1.222496e-02
0.000000e+00
9.112842e-04
0.000000e+00
0.000000e+00
1.757093e-01
0.000000e+00
2.965516e-03
0.000000e+00
1.105483e-02
0.000000e+00
0.000000e+00
9.780000e-04
7.122481e-02
0.000000e+00
3.123086e-02
0.000000e+00
8.996507e-03
1.362958e-03
0.000000e+00
4.524084e+00
1.834655e+01
9.092556e+00
7.280485e+00
2.493638e+00
1.548044e+00
2.455451e-01
0.000000e+00
1.960000e-01
1.564886e+01
6.568014e+01
2.242450e+01
1.408596e+01
3.155028e+00
8.826992e-02
0.000000e+00
2.317160e+01
2.180979e+01
1.710225e+01
6.670275e+00
0.000000e+00
0.000000e+00
0.000000e+00
0.000000e+00
0.000000e+00
0.000000e+00
0.000000e+00
0.000000e+00
1.038724e+01
5.789379e+00
1.115822e+01
0.000000e+00
0.000000e+00
0.000000e+00
0.000000e+00
0.000000e+00
0.000000e+00
0.000000e+00
0.000000e+00
0.000000e+00
7.293000e-02
1.661436e-02
1.980090e-02
1.172123e-02
1.015576e-02
3.108192e-03
1.006747e-03
0.000000e+00
