1.262570e-01
0.000000e+00
0.000000e+00
1.677720e-02
6.188265e-03
5.728923e-03
0.000000e+00
1.625680e-04
0.000000e+00
4.597301e-02
6.173921e-02
0.000000e+00
0.000000e+00
0.000000e+00
5.391709e-03
0.000000e+00
2.304400e-02
1.656273e-02
1.010599e-02
3.728257e-03
0.000000e+00
8.429032e-04
1.862172e-03
4.035520e-04
7.643675e+00
1.836131e+01
1.390091e+01
6.733761e+00
2.700163e+00
6.469940e-01
4.813705e-01
1.779627e-01
8.402000e+00
6.192342e+01
4.054755e+01
2.685687e+01
8.035032e+00
2.166524e+00
4.881166e-01
1.139258e+00
2.368260e+01
3.057623e+01
2.378461e+01
1.346909e+01
3.538963e+00
1.161686e-01
0.000000e+00
2.884095e-01
0.000000e+00
0.000000e+00
0.000000e+00
0.000000e+00
0.000000e+00
0.000000e+00
2.151973e+00
0.000000e+00
0.000000e+00
0.000000e+00
0.000000e+00
0.000000e+00
0.000000e+00
1.115889e-05
0.000000e+00
0.000000e+00
9.818000e-02
3.235964e-02
2.610528e-02
2.686149e-02
1.184075e-02
0.000000e+00
1.930309e-03
3.035424e-04
