1.933810e-01
0.000000e+00
1.744647e-01
0.000000e+00
1.037226e-02
0.000000e+00
6.825366e-04
0.000000e+00
0.000000e+00
3.962834e-01
0.000000e+00
3.679669e-02
0.000000e+00
1.714748e-03
0.000000e+00
6.243450e-06
3.771100e-02
3.986986e-02
0.000000e+00
6.429558e-03
5.257740e-03
1.144944e-03
1.312234e-04
5.057087e-05
6.173272e+00
2.112675e+01
5.090120e+00
3.738744e+00
2.012666e+00
6.446780e-01
1.378253e-01
8.422420e-02
1.175000e+00
5.105470e+01
5.270244e+00
1.900580e+01
1.784048e+00
3.419882e+00
2.755022e-01
2.036533e-01
3.047640e+01
8.107664e+01
3.498600e+01
1.278688e+01
5.534002e+00
8.145285e-01
1.118507e+00
3.207046e-01
0.000000e+00
0.000000e+00
0.000000e+00
0.000000e+00
0.000000e+00
0.000000e+00
0.000000e+00
0.000000e+00
0.000000e+00
0.000000e+00
0.000000e+00
0.000000e+00
0.000000e+00
0.000000e+00
0.000000e+00
0.000000e+00
1.260200e-01
4.450350e-02
6.882690e-02
9.586061e-03
1.538047e-02
2.005892e-03
7.791757e-04
3.468748e-04
