1.405410e-01
0.000000e+00
5.456372e-03
0.000000e+00
1.021151e-02
0.000000e+00
6.918548e-04
0.000000e+00
0.000000e+00
8.380413e-02
0.000000e+00
2.379774e-02
0.000000e+00
3.105890e-03
0.000000e+00
6.911936e-04
1.546900e-02
3.647733e-02
0.000000e+00
4.639894e-02
0.000000e+00
3.123689e-03
0.000000e+00
1.820689e-04
1.093680e+01
1.480080e+01
1.408564e+01
7.074366e+00
4.123092e+00
6.948120e-01
1.246822e-01
7.115798e-02
9.513000e+00
1.081760e+02
4.982606e+01
2.214414e+01
1.408148e+01
6.572699e-01
9.226264e-01
1.329666e-01
2.502280e+01
3.667334e+01
2.313152e+01
2.034647e+01
1.092135e+01
3.129105e+00
2.719934e-01
1.915870e-01
0.000000e+00
0.000000e+00
0.000000e+00
0.000000e+00
0.000000e+00
0.000000e+00
0.000000e+00
0.000000e+00
0.000000e+00
0.000000e+00
0.000000e+00
0.000000e+00
0.000000e+00
0.000000e+00
0.000000e+00
0.000000e+00
8.961000e-02
3.235745e-02
1.700301e-02
2.063575e-02
9.674984e-03
4.762506e-03
2.687930e-04
2.270263e-04
