4.988000e-02
0.000000e+00
3.883112e-02
0.000000e+00
8.794914e-03
0.000000e+00
1.444325e-03
0.000000e+00
0.000000e+00
5.930690e-02
0.000000e+00
2.437603e-02
0.000000e+00
3.629269e-03
0.000000e+00
0.000000e+00
4.836600e-02
0.000000e+00
1.856315e-02
6.281958e-03
1.166042e-02
0.000000e+00
1.019926e-03
0.000000e+00
1.001112e+01
1.539435e+01
8.798033e+00
5.638538e+00
1.746146e+00
3.636879e-01
1.588229e-01
0.000000e+00
2.781000e+00
2.622477e+01
6.822505e+00
1.215973e+01
6.747051e-01
8.338290e-01
2.258682e-02
0.000000e+00
3.028740e+01
7.879843e+01
4.450359e+01
1.792880e+01
1.359356e+00
1.756839e+00
4.472227e-01
0.000000e+00
0.000000e+00
0.000000e+00
0.000000e+00
0.000000e+00
0.000000e+00
0.000000e+00
0.000000e+00
0.000000e+00
0.000000e+00
0.000000e+00
0.000000e+00
0.000000e+00
0.000000e+00
0.000000e+00
0.000000e+00
0.000000e+00
1.215300e-01
3.649745e-02
4.734125e-02
2.453711e-02
1.582144e-02
1.014254e-03
1.773851e-03
0.000000e+00
