1.853180e-01
0.000000e+00
1.815072e-01
0.000000e+00
4.851683e-02
0.000000e+00
8.033955e-03
0.000000e+00
0.000000e+00
3.238212e-01
0.000000e+00
9.358767e-02
0.000000e+00
3.023485e-02
0.000000e+00
0.000000e+00
3.964000e-03
6.701684e-02
0.000000e+00
4.057633e-02
0.000000e+00
9.192351e-03
2.517878e-04
0.000000e+00
8.580247e+00
1.841980e+01
6.456195e+00
4.685079e+00
9.437172e-01
1.524698e+00
2.856608e-01
0.000000e+00
1.638700e+01
1.829475e+01
2.871192e+01
1.574486e+01
7.608347e+00
3.399279e+00
2.796513e-01
0.000000e+00
2.888360e+01
8.454985e+01
2.138820e+01
7.451710e+00
3.574337e+00
5.256627e+00
1.039341e+00
0.000000e+00
0.000000e+00
0.000000e+00
0.000000e+00
0.000000e+00
0.000000e+00
0.000000e+00
0.000000e+00
0.000000e+00
0.000000e+00
0.000000e+00
0.000000e+00
0.000000e+00
0.000000e+00
0.000000e+00
0.000000e+00
0.000000e+00
1.179200e-01
3.938636e-02
6.497242e-02
8.987800e-03
6.936320e-03
3.605085e-03
3.861787e-03
0.000000e+00
