1.150700e-02
0.000000e+00
1.684764e-01
0.000000e+00
2.688891e-02
0.000000e+00
0.000000e+00
0.000000e+00
0.000000e+00
1.614263e-01
0.000000e+00
7.983098e-02
0.000000e+00
1.157864e-03
0.000000e+00
0.000000e+00
5.438400e-02
7.644926e-02
0.000000e+00
6.321142e-02
0.000000e+00
4.852195e-03
0.000000e+00
0.000000e+00
1.413717e+01
1.234319e+01
6.346459e+00
5.851975e+00
1.360343e+00
4.303246e-01
0.000000e+00
0.000000e+00
1.259000e+00
7.082513e+01
6.278087e+00
1.384924e+01
3.457707e+00
5.688301e-02
0.000000e+00
0.000000e+00
3.001020e+01
7.939380e+01
4.693417e+01
2.124085e+01
5.819263e+00
9.232244e-01
0.000000e+00
0.000000e+00
0.000000e+00
0.000000e+00
0.000000e+00
0.000000e+00
0.000000e+00
0.000000e+00
0.000000e+00
0.000000e+00
0.000000e+00
0.000000e+00
0.000000e+00
0.000000e+00
0.000000e+00
0.000000e+00
0.000000e+00
0.000000e+00
1.301800e-01
4.225594e-02
4.806697e-02
3.302796e-02
9.460603e-03
4.225808e-03
0.000000e+00
0.000000e+00
