1.181260e-01
0.000000e+00
8.918827e-02
0.000000e+00
1.668468e-03
0.000000e+00
4.698055e-03
0.000000e+00
0.000000e+00
1.666588e-01
0.000000e+00
3.394724e-02
0.000000e+00
4.770835e-03
0.000000e+00
1.600379e-03
9.514600e-02
0.000000e+00
9.412686e-02
4.248659e-03
3.308732e-03
1.286755e-03
3.053127e-04
3.267137e-04
1.120101e+01
1.065745e+01
1.186668e+01
3.911510e+00
1.068062e+00
6.814971e-01
1.940465e-01
7.033542e-02
1.107000e+00
6.818878e+01
1.743414e+01
7.757118e+00
6.681169e+00
6.536844e-01
2.694752e+00
5.285981e-02
2.949550e+01
7.657525e+01
5.900320e+01
2.546444e+01
2.301832e+00
1.695354e+00
3.790239e-01
5.764888e-01
0.000000e+00
0.000000e+00
0.000000e+00
0.000000e+00
0.000000e+00
0.000000e+00
0.000000e+00
0.000000e+00
0.000000e+00
0.000000e+00
0.000000e+00
0.000000e+00
0.000000e+00
0.000000e+00
0.000000e+00
0.000000e+00
7.658000e-02
2.529168e-02
3.388804e-02
1.500176e-02
2.038264e-03
2.174581e-03
5.236838e-04
1.541354e-04
