7.299400e-02
0.000000e+00
0.000000e+00
4.526648e-03
2.771166e-03
7.232155e-04
5.061844e-06
0.000000e+00
0.000000e+00
5.597372e-02
2.123405e-02
0.000000e+00
0.000000e+00
0.000000e+00
0.000000e+00
3.334606e-06
1.176680e-01
0.000000e+00
9.601496e-02
1.204986e-02
0.000000e+00
2.321797e-03
0.000000e+00
1.420052e-04
8.260022e+00
1.790944e+01
9.940326e+00
4.751293e+00
1.608337e+00
5.607837e-01
1.785519e-01
4.530228e-02
1.759000e+00
9.103180e+00
2.446173e+01
8.990609e+00
9.454902e-01
3.459768e-01
1.777553e-01
1.933625e-02
2.971290e+01
7.845773e+01
3.494885e+01
1.581904e+01
6.851445e+00
2.344840e+00
6.838680e-01
1.856749e-01
0.000000e+00
0.000000e+00
0.000000e+00
0.000000e+00
0.000000e+00
0.000000e+00
0.000000e+00
0.000000e+00
0.000000e+00
0.000000e+00
0.000000e+00
0.000000e+00
0.000000e+00
0.000000e+00
0.000000e+00
0.000000e+00
1.315300e-01
4.235434e-02
5.400437e-02
3.513790e-02
1.159219e-02
4.723038e-03
1.403589e-03
4.167862e-04
