5.813300e-02
0.000000e+00
0.000000e+00
0.000000e+00
1.202023e-02
0.000000e+00
1.021431e-03
0.000000e+00
0.000000e+00
1.892927e-03
1.389159e-02
2.263704e-02
0.000000e+00
3.561322e-03
0.000000e+00
0.000000e+00
1.352280e-01
0.000000e+00
7.974742e-02
3.164362e-02
0.000000e+00
5.951937e-03
0.000000e+00
0.000000e+00
7.439111e+00
1.899828e+01
9.136343e+00
5.838420e+00
9.446736e-01
6.880016e-01
1.760841e-01
0.000000e+00
1.156000e+00
9.531781e+00
3.231947e+01
2.259442e+01
5.507855e-01
9.613590e-01
1.078000e-02
0.000000e+00
2.952000e+01
8.313127e+01
4.327080e+01
2.125892e+01
8.113644e+00
2.828677e+00
3.947764e-01
0.000000e+00
0.000000e+00
0.000000e+00
0.000000e+00
0.000000e+00
0.000000e+00
0.000000e+00
0.000000e+00
0.000000e+00
0.000000e+00
0.000000e+00
0.000000e+00
0.000000e+00
0.000000e+00
0.000000e+00
0.000000e+00
0.000000e+00
1.161200e-01
3.179427e-02
4.985224e-02
3.066668e-02
7.453270e-03
5.769267e-03
1.614386e-03
0.000000e+00
