2.121740e-01
0.000000e+00
1.776523e-01
0.000000e+00
0.000000e+00
0.000000e+00
1.750782e-03
0.000000e+00
0.000000e+00
3.908934e-01
0.000000e+00
2.868087e-02
4.891488e-03
1.813424e-03
0.000000e+00
1.685729e-03
2.357000e-02
7.047144e-03
1.959882e-02
0.000000e+00
7.119302e-03
1.696877e-04
8.797708e-04
7.306722e-05
6.726038e+00
2.097760e+01
6.444448e+00
3.085276e+00
2.217344e+00
7.363213e-01
3.048320e-01
2.195884e-01
7.050000e-01
3.281013e+01
3.826287e+01
5.010479e+00
1.564181e+01
4.635460e+00
1.749179e+00
4.020387e-01
2.952490e+01
8.532771e+01
2.038378e+01
0.000000e+00
3.143321e+00
1.084479e+00
6.293758e-01
4.392927e-01
0.000000e+00
0.000000e+00
0.000000e+00
1.433670e+00
0.000000e+00
0.000000e+00
0.000000e+00
0.000000e+00
0.000000e+00
0.000000e+00
0.000000e+00
0.000000e+00
0.000000e+00
0.000000e+00
0.000000e+00
0.000000e+00
9.254000e-02
2.852159e-02
4.779513e-02
4.600583e-03
6.038955e-04
2.664049e-03
4.535827e-04
6.045293e-04
