5.772400e-02
2.314000e-02
0.000000e+00
2.419436e-02
0.000000e+00
7.383327e-04
1.946570e-04
3.078135e-04
0.000000e+00
0.000000e+00
7.935017e-02
0.000000e+00
2.697633e-03
0.000000e+00
0.000000e+00
0.000000e+00
1.297500e-02
7.366671e-03
2.161241e-02
0.000000e+00
1.323753e-03
1.075644e-03
4.053787e-04
5.822518e-05
6.205877e+00
1.798567e+01
1.273621e+01
3.718947e+00
1.903997e+00
9.283666e-01
3.290855e-01
6.277983e-02
7.518000e+00
2.407141e+00
1.793497e+01
3.532012e+00
1.589964e+00
9.187354e-01
3.070141e-01
3.048405e-02
2.746140e+01
6.578688e+01
6.991776e+01
2.501020e+01
7.711636e+00
4.579748e+00
1.578099e+00
2.088969e-01
0.000000e+00
0.000000e+00
0.000000e+00
0.000000e+00
0.000000e+00
0.000000e+00
0.000000e+00
0.000000e+00
0.000000e+00
0.000000e+00
0.000000e+00
0.000000e+00
0.000000e+00
0.000000e+00
0.000000e+00
0.000000e+00
1.358100e-01
2.491653e-02
5.580415e-02
2.717924e-02
7.244326e-03
6.530354e-03
2.393195e-03
5.895368e-04
