1.154950e-01
0.000000e+00
7.893103e-02
0.000000e+00
1.185562e-03
0.000000e+00
3.385615e-03
0.000000e+00
0.000000e+00
1.984994e-01
0.000000e+00
1.530734e-02
0.000000e+00
7.049855e-03
0.000000e+00
0.000000e+00
6.517700e-02
0.000000e+00
4.511951e-02
1.398708e-03
6.224358e-03
4.529481e-03
3.582155e-04
0.000000e+00
1.012386e+01
1.897440e+01
8.948010e+00
3.619853e+00
2.357710e+00
1.261908e+00
7.914229e-02
0.000000e+00
2.638000e+00
5.234024e+00
4.012515e+01
9.596585e+00
1.689387e+01
3.697237e+00
7.644251e-02
0.000000e+00
2.879550e+01
8.524696e+01
2.222488e+01
7.800327e+00
4.914478e+00
3.266847e+00
3.633714e-01
0.000000e+00
0.000000e+00
0.000000e+00
0.000000e+00
0.000000e+00
0.000000e+00
0.000000e+00
0.000000e+00
0.000000e+00
0.000000e+00
0.000000e+00
0.000000e+00
0.000000e+00
0.000000e+00
0.000000e+00
0.000000e+00
0.000000e+00
1.217100e-01
4.150313e-02
6.883860e-02
1.013005e-02
7.843297e-03
3.796817e-03
1.180444e-03
0.000000e+00
