2.290900e-02
1.731879e-02
2.426963e-02
0.000000e+00
0.000000e+00
0.000000e+00
1.939954e-04
3.865587e-04
0.000000e+00
0.000000e+00
0.000000e+00
1.254970e-02
1.163338e-03
2.834662e-04
0.000000e+00
0.000000e+00
4.436000e-02
1.894866e-02
1.215413e-02
6.960013e-03
1.003253e-02
7.321276e-04
5.110176e-04
5.364122e-05
1.476837e+01
1.040256e+01
1.115923e+01
2.969756e+00
1.619048e+00
3.740472e-01
2.369097e-01
8.503448e-02
9.420000e-01
5.290770e+01
1.356490e+01
2.894369e+00
3.082586e+00
1.831707e+00
1.021478e+00
1.247100e-01
2.873550e+01
7.956008e+01
2.669544e+01
1.261346e+01
4.210363e-01
6.789089e-01
4.412814e-01
1.166726e-02
0.000000e+00
0.000000e+00
0.000000e+00
0.000000e+00
0.000000e+00
0.000000e+00
0.000000e+00
0.000000e+00
0.000000e+00
0.000000e+00
0.000000e+00
0.000000e+00
0.000000e+00
0.000000e+00
0.000000e+00
0.000000e+00
8.729000e-02
1.054146e-02
3.542374e-02
9.140251e-04
2.525634e-03
5.605018e-04
5.537823e-04
2.303664e-04
