3.722630e-01
0.000000e+00
1.525116e-01
0.000000e+00
2.449280e-02
0.000000e+00
1.635928e-03
1.634312e-04
0.000000e+00
3.435337e-01
0.000000e+00
9.997827e-02
0.000000e+00
9.671856e-03
0.000000e+00
0.000000e+00
8.511000e-03
1.198736e-01
0.000000e+00
3.424559e-02
6.021986e-03
0.000000e+00
2.411917e-03
9.403935e-05
4.432116e+00
2.081864e+01
1.143768e+01
8.838232e+00
2.200941e+00
1.948170e+00
5.701035e-01
1.893937e-02
1.200000e-02
1.455463e+01
7.223904e+01
3.279121e+01
7.251199e+00
1.473818e+01
1.517137e+00
2.259137e-02
2.629410e+01
6.709756e+01
5.127001e+01
3.354304e+01
1.454760e+01
2.630685e+00
2.038297e+01
4.822881e-02
0.000000e+00
0.000000e+00
0.000000e+00
0.000000e+00
0.000000e+00
0.000000e+00
0.000000e+00
0.000000e+00
4.900000e-03
0.000000e+00
1.580557e-02
0.000000e+00
0.000000e+00
0.000000e+00
0.000000e+00
0.000000e+00
0.000000e+00
4.930077e-03
0.000000e+00
2.183288e-02
8.831676e-03
3.607025e-03
9.008240e-04
1.695063e-04
