4.844700e-02
0.000000e+00
4.202985e-02
0.000000e+00
0.000000e+00
0.000000e+00
1.645400e-03
0.000000e+00
0.000000e+00
1.034410e-01
0.000000e+00
4.770098e-04
6.658961e-04
3.142173e-03
0.000000e+00
0.000000e+00
1.074860e-01
0.000000e+00
4.786318e-02
0.000000e+00
1.432797e-02
0.000000e+00
1.137683e-03
0.000000e+00
1.325155e+01
1.307693e+01
9.400374e+00
2.451001e+00
1.541032e+00
4.311883e-01
1.533683e-01
0.000000e+00
1.967000e+00
3.191666e+01
3.824356e+00
3.617019e+00
1.273685e+00
6.018568e-01
3.318720e-02
0.000000e+00
3.052050e+01
8.535377e+01
3.586478e+01
1.271039e+01
6.257820e+00
1.999699e+00
4.528185e-01
0.000000e+00
0.000000e+00
0.000000e+00
0.000000e+00
0.000000e+00
0.000000e+00
0.000000e+00
0.000000e+00
0.000000e+00
0.000000e+00
0.000000e+00
0.000000e+00
0.000000e+00
0.000000e+00
0.000000e+00
0.000000e+00
0.000000e+00
1.296600e-01
4.527187e-02
7.352555e-02
1.487024e-02
1.130255e-02
1.544446e-03
2.005930e-03
0.000000e+00
