6.384900e-02
1.369199e-01
0.000000e+00
1.066986e-01
0.000000e+00
1.905830e-02
0.000000e+00
0.000000e+00
0.000000e+00
0.000000e+00
1.944040e-01
0.000000e+00
6.787665e-02
0.000000e+00
1.222623e-03
5.756366e-05
0.000000e+00
3.164089e-02
2.458465e-02
0.000000e+00
1.615252e-02
7.744033e-04
1.892040e-04
1.499888e-04
1.005612e+01
1.414858e+01
1.503360e+01
6.382918e+00
4.469208e+00
4.483020e-01
1.328109e-01
6.114760e-02
1.548800e+01
1.638594e+02
8.684824e+00
9.511532e+01
4.900313e+00
2.144233e+00
2.431954e-01
3.464370e-01
2.349140e+01
3.124475e+01
2.903123e+01
2.350950e+01
1.729431e+01
1.760219e+00
2.423221e-01
1.216950e-01
0.000000e+00
0.000000e+00
0.000000e+00
0.000000e+00
0.000000e+00
0.000000e+00
0.000000e+00
0.000000e+00
0.000000e+00
0.000000e+00
0.000000e+00
0.000000e+00
0.000000e+00
0.000000e+00
0.000000e+00
0.000000e+00
8.345000e-02
2.321639e-02
1.920003e-02
5.648787e-03
1.087904e-02
2.160020e-03
2.017203e-04
8.993695e-05
