4.353260e-01
0.000000e+00
1.459783e-01
0.000000e+00
1.733895e-02
0.000000e+00
0.000000e+00
0.000000e+00
0.000000e+00
3.492158e-01
0.000000e+00
6.287346e-02
0.000000e+00
6.158855e-03
5.360343e-05
0.000000e+00
0.000000e+00
1.031189e-01
3.096607e-03
1.725122e-02
1.650385e-02
0.000000e+00
4.319060e-03
0.000000e+00
4.603919e+00
1.620704e+01
7.931191e+00
7.266850e+00
2.174871e+00
1.847342e+00
5.689257e-01
0.000000e+00
1.717500e+01
2.891610e+01
1.750656e+02
8.436711e+00
4.542565e+00
1.546569e+01
1.177493e+00
0.000000e+00
1.956570e+01
1.027266e+02
1.153348e+01
2.158002e+01
1.609581e+01
2.562375e+00
2.799552e+01
0.000000e+00
0.000000e+00
0.000000e+00
0.000000e+00
0.000000e+00
0.000000e+00
0.000000e+00
0.000000e+00
0.000000e+00
2.691000e-02
0.000000e+00
4.300313e-03
0.000000e+00
0.000000e+00
0.000000e+00
0.000000e+00
0.000000e+00
0.000000e+00
4.161559e-02
0.000000e+00
1.058770e-02
5.692045e-03
2.499828e-03
3.157321e-04
0.000000e+00
