3.335000e-03
3.206877e-02
0.000000e+00
0.000000e+00
3.212977e-03
0.000000e+00
0.000000e+00
2.216783e-04
0.000000e+00
0.000000e+00
1.633103e-02
9.030015e-04
0.000000e+00
5.067158e-04
1.901259e-04
0.000000e+00
4.226900e-02
0.000000e+00
2.855472e-02
3.069222e-03
0.000000e+00
2.256585e-03
5.929039e-04
0.000000e+00
1.253374e+01
1.166665e+01
1.103283e+01
4.853438e+00
1.488291e+00
2.168913e-01
6.920915e-02
2.329251e-02
4.123000e+00
1.204715e+01
1.226693e+01
4.291375e+00
4.217259e-01
4.871799e-01
2.651452e-01
3.793823e-03
3.036490e+01
7.656862e+01
5.049950e+01
1.998299e+01
4.317917e+00
4.995943e-01
1.541745e-01
1.157497e-01
0.000000e+00
0.000000e+00
0.000000e+00
0.000000e+00
0.000000e+00
0.000000e+00
0.000000e+00
0.000000e+00
0.000000e+00
0.000000e+00
0.000000e+00
0.000000e+00
0.000000e+00
0.000000e+00
0.000000e+00
0.000000e+00
1.375400e-01
4.655497e-02
5.458545e-02
4.205791e-02
1.290316e-02
1.589769e-03
3.599783e-04
1.585175e-04
