1.578470e-01
0.000000e+00
0.000000e+00
1.058347e-02
0.000000e+00
6.196616e-03
0.000000e+00
0.000000e+00
0.000000e+00
1.238086e-01
1.905255e-02
0.000000e+00
7.003634e-03
0.000000e+00
2.241666e-03
1.018083e-03
2.091000e-02
1.562327e-02
3.284818e-02
0.000000e+00
5.852844e-03
2.035652e-03
9.674877e-04
1.300917e-03
6.917371e+00
1.825532e+01
1.258620e+01
7.173271e+00
4.263151e+00
2.090582e+00
1.140838e+00
4.360011e-01
1.789000e+00
2.104819e+01
4.288127e+01
3.472675e+01
1.540677e+01
8.054133e+00
3.855141e+00
8.873282e-01
2.297730e+01
3.253986e+01
2.445584e+01
1.468756e+01
8.759206e+00
4.301559e+00
2.220227e+00
8.932415e-01
0.000000e+00
0.000000e+00
0.000000e+00
0.000000e+00
0.000000e+00
0.000000e+00
0.000000e+00
0.000000e+00
0.000000e+00
0.000000e+00
0.000000e+00
0.000000e+00
0.000000e+00
0.000000e+00
0.000000e+00
0.000000e+00
1.030900e-01
3.659908e-02
2.660900e-02
2.373330e-02
1.126096e-02
6.713397e-03
3.057103e-03
1.698842e-03
