3.188500e-02
0.000000e+00
3.866442e-02
0.000000e+00
0.000000e+00
3.008766e-03
0.000000e+00
0.000000e+00
0.000000e+00
7.319843e-02
0.000000e+00
9.579504e-03
4.359569e-03
0.000000e+00
1.887531e-04
6.901830e-05
0.000000e+00
9.133232e-02
0.000000e+00
2.712014e-02
8.963298e-03
0.000000e+00
9.380050e-04
6.105919e-05
1.322449e+01
1.184830e+01
1.059938e+01
2.786210e+00
9.555343e-01
2.260165e-01
1.330140e-01
4.377092e-02
4.060000e+00
2.549939e+01
2.101910e+00
6.790313e+00
3.178192e+00
6.635233e-02
1.390058e-01
3.959841e-02
3.075590e+01
8.764240e+01
3.691507e+01
6.374830e+00
1.847428e+00
1.286871e+00
5.096440e-01
1.665035e-01
0.000000e+00
0.000000e+00
0.000000e+00
0.000000e+00
0.000000e+00
0.000000e+00
0.000000e+00
0.000000e+00
0.000000e+00
0.000000e+00
0.000000e+00
0.000000e+00
0.000000e+00
0.000000e+00
0.000000e+00
0.000000e+00
1.303800e-01
4.418436e-02
7.213158e-02
2.109669e-02
4.385257e-03
1.830277e-03
1.012603e-03
3.347036e-04
