2.651400e-02
2.848876e-01
0.000000e+00
1.019533e-01
0.000000e+00
0.000000e+00
4.321502e-03
0.000000e+00
0.000000e+00
0.000000e+00
2.562012e-01
0.000000e+00
4.752227e-02
7.455249e-03
0.000000e+00
0.000000e+00
1.636580e-01
0.000000e+00
1.929590e-01
0.000000e+00
5.574836e-02
9.829800e-04
2.052343e-04
0.000000e+00
9.352234e+00
6.406767e+00
1.419491e+01
5.021912e+00
4.392539e+00
3.754926e-01
3.744860e-02
0.000000e+00
1.242200e+01
1.796107e+02
3.737872e+01
1.120522e+02
2.419472e+01
1.582171e-01
7.905343e-04
0.000000e+00
2.295250e+01
2.838905e+01
9.683912e+00
1.491093e+01
3.595192e+00
2.146096e+00
2.677694e-01
0.000000e+00
0.000000e+00
0.000000e+00
0.000000e+00
0.000000e+00
0.000000e+00
0.000000e+00
0.000000e+00
0.000000e+00
0.000000e+00
0.000000e+00
0.000000e+00
0.000000e+00
0.000000e+00
4.493514e-05
1.300241e-04
0.000000e+00
8.706000e-02
1.317280e-02
2.031929e-02
2.238488e-03
9.500948e-03
0.000000e+00
0.000000e+00
0.000000e+00
