0.000000e+00
6.712553e-02
0.000000e+00
6.154960e-03
3.330011e-03
0.000000e+00
2.861921e-04
2.835530e-05
2.557200e-02
0.000000e+00
3.428839e-02
0.000000e+00
0.000000e+00
1.714325e-03
0.000000e+00
0.000000e+00
6.362000e-02
0.000000e+00
3.894701e-02
4.050319e-03
0.000000e+00
3.012534e-03
4.424135e-04
0.000000e+00
1.327865e+01
1.178238e+01
1.074158e+01
5.000051e+00
1.187843e+00
4.604274e-01
6.074820e-02
2.744108e-02
4.646000e+00
6.592740e+00
1.856924e+01
3.045084e+00
8.442987e-01
6.561431e-01
2.302443e-01
4.365004e-03
3.031720e+01
7.751791e+01
4.931764e+01
1.939886e+01
5.622504e+00
9.842716e-01
1.611571e-01
1.323952e-01
0.000000e+00
0.000000e+00
0.000000e+00
0.000000e+00
0.000000e+00
0.000000e+00
0.000000e+00
0.000000e+00
0.000000e+00
0.000000e+00
0.000000e+00
0.000000e+00
0.000000e+00
0.000000e+00
0.000000e+00
0.000000e+00
1.374200e-01
4.655435e-02
5.479419e-02
4.200225e-02
1.142465e-02
3.647279e-03
3.654732e-04
1.523354e-04
