2.029470e-01
0.000000e+00
5.901251e-03
2.889740e-02
0.000000e+00
0.000000e+00
4.764130e-03
0.000000e+00
0.000000e+00
1.810620e-01
0.000000e+00
0.000000e+00
2.271395e-02
1.583370e-03
0.000000e+00
2.557393e-03
1.175300e-02
1.212498e-02
3.542894e-02
0.000000e+00
2.853581e-02
5.456456e-03
0.000000e+00
1.297403e-03
5.262025e+00
1.844912e+01
1.286006e+01
4.981086e+00
3.685556e+00
7.853966e-01
1.241464e-01
2.345355e-01
2.948000e+00
2.988698e+01
8.695756e+01
4.144475e+01
4.209684e+00
6.306770e-01
3.464962e+00
6.372842e-01
2.472630e+01
3.975479e+01
2.178166e+01
2.420856e+01
0.000000e+00
0.000000e+00
3.792152e-01
4.428959e-01
0.000000e+00
0.000000e+00
0.000000e+00
0.000000e+00
1.422604e+00
3.188839e+00
0.000000e+00
0.000000e+00
0.000000e+00
0.000000e+00
0.000000e+00
0.000000e+00
0.000000e+00
0.000000e+00
0.000000e+00
0.000000e+00
8.532000e-02
3.186463e-02
1.378722e-02
2.190359e-02
6.157725e-03
3.128510e-03
5.716571e-04
5.397643e-04
