6.943000e-02
0.000000e+00
3.083521e-02
0.000000e+00
6.991605e-03
1.429725e-03
0.000000e+00
5.562199e-04
0.000000e+00
7.737513e-02
0.000000e+00
1.494880e-02
0.000000e+00
0.000000e+00
1.644174e-03
0.000000e+00
1.035690e-01
0.000000e+00
6.642077e-02
2.654406e-03
9.899905e-03
0.000000e+00
9.685946e-04
1.311709e-04
9.655996e+00
1.484229e+01
1.137302e+01
2.885895e+00
1.722897e+00
2.930024e-01
1.347087e-01
8.811386e-03
1.011000e+00
7.811119e+01
1.018216e+01
2.702414e+01
1.994229e+00
1.876075e+00
3.267255e-01
3.510297e-02
2.920600e+01
8.026083e+01
4.091030e+01
9.387819e+00
5.139252e+00
9.405062e-01
5.686686e-01
6.535052e-02
0.000000e+00
0.000000e+00
0.000000e+00
0.000000e+00
0.000000e+00
0.000000e+00
0.000000e+00
0.000000e+00
0.000000e+00
0.000000e+00
0.000000e+00
0.000000e+00
0.000000e+00
0.000000e+00
0.000000e+00
0.000000e+00
1.048100e-01
1.854906e-02
5.177842e-02
4.673937e-03
1.018349e-02
1.566344e-03
4.827212e-04
1.381879e-04
