1.785080e-01
0.000000e+00
1.200284e-01
0.000000e+00
2.413226e-03
0.000000e+00
0.000000e+00
0.000000e+00
0.000000e+00
3.394981e-01
0.000000e+00
8.494971e-03
0.000000e+00
2.696243e-04
4.385103e-04
3.639468e-04
5.785000e-03
6.559552e-02
0.000000e+00
7.297342e-03
1.606854e-03
2.653768e-03
0.000000e+00
3.311657e-04
7.587518e+00
2.051461e+01
7.418566e+00
2.840547e+00
1.539844e+00
6.746223e-01
3.147950e-01
1.289692e-01
1.472000e+00
5.135348e+01
9.369777e+00
1.677620e+01
3.815954e+00
2.349964e+00
7.411905e-01
3.547647e-01
3.034070e+01
8.469722e+01
3.536296e+01
9.558606e+00
3.376329e+00
7.748137e-01
3.020352e-01
5.120033e-01
0.000000e+00
0.000000e+00
0.000000e+00
0.000000e+00
0.000000e+00
0.000000e+00
0.000000e+00
0.000000e+00
0.000000e+00
0.000000e+00
0.000000e+00
0.000000e+00
0.000000e+00
0.000000e+00
0.000000e+00
0.000000e+00
1.242100e-01
4.212339e-02
6.877922e-02
1.464614e-02
9.570848e-03
1.823183e-03
1.127740e-03
7.951937e-04
