8.117800e-02
1.113833e-01
0.000000e+00
1.417720e-03
1.243115e-03
1.544144e-03
1.226390e-03
0.000000e+00
0.000000e+00
0.000000e+00
9.034480e-02
0.000000e+00
0.000000e+00
0.000000e+00
0.000000e+00
0.000000e+00
1.310490e-01
0.000000e+00
1.176323e-01
0.000000e+00
1.736700e-02
0.000000e+00
5.016855e-04
0.000000e+00
5.651652e+00
6.925245e+00
1.829307e+01
2.120629e+00
2.753346e+00
2.154483e-01
1.303276e-01
0.000000e+00
3.361000e+00
9.976268e+01
4.419096e+01
3.747227e+01
7.134929e+00
7.426183e+00
1.166772e-01
0.000000e+00
2.773510e+01
7.276822e+01
1.675322e+02
2.337104e+01
2.404823e+01
2.577365e+00
4.055714e-01
0.000000e+00
0.000000e+00
0.000000e+00
0.000000e+00
0.000000e+00
0.000000e+00
0.000000e+00
0.000000e+00
0.000000e+00
0.000000e+00
0.000000e+00
0.000000e+00
0.000000e+00
0.000000e+00
0.000000e+00
0.000000e+00
0.000000e+00
6.601000e-02
2.359355e-03
2.773409e-02
1.930368e-03
1.051288e-02
5.624295e-04
1.213003e-03
0.000000e+00
