0.000000e+00
1.085753e-01
0.000000e+00
2.251591e-03
1.270533e-03
1.607498e-03
1.217936e-03
0.000000e+00
7.957800e-02
0.000000e+00
5.359733e-02
0.000000e+00
0.000000e+00
0.000000e+00
0.000000e+00
0.000000e+00
1.552340e-01
0.000000e+00
1.098444e-01
0.000000e+00
1.706380e-02
0.000000e+00
4.981727e-04
0.000000e+00
1.532839e+01
7.373729e+00
1.604000e+01
2.338133e+00
2.735932e+00
2.676090e-01
1.293040e-01
0.000000e+00
7.060000e-01
9.942937e+01
4.786764e+01
3.698993e+01
7.497436e+00
7.373306e+00
1.158264e-01
0.000000e+00
2.798970e+01
7.774268e+01
1.669945e+02
2.489287e+01
2.394114e+01
2.671918e+00
4.025164e-01
0.000000e+00
0.000000e+00
0.000000e+00
0.000000e+00
0.000000e+00
0.000000e+00
0.000000e+00
0.000000e+00
0.000000e+00
0.000000e+00
0.000000e+00
0.000000e+00
0.000000e+00
0.000000e+00
0.000000e+00
0.000000e+00
0.000000e+00
7.177000e-02
2.921739e-03
2.585372e-02
3.311855e-03
1.041367e-02
9.475569e-04
1.203790e-03
0.000000e+00
