6.112000e-02
0.000000e+00
7.079875e-02
0.000000e+00
9.717712e-03
0.000000e+00
0.000000e+00
0.000000e+00
0.000000e+00
9.895886e-02
0.000000e+00
3.167247e-02
0.000000e+00
2.490901e-03
1.164287e-04
0.000000e+00
5.991500e-02
0.000000e+00
7.558375e-03
2.954130e-02
0.000000e+00
4.386788e-03
2.578484e-03
0.000000e+00
1.079446e+01
1.614132e+01
8.601162e+00
4.227066e+00
1.581605e+00
1.057906e+00
2.865612e-01
0.000000e+00
9.064000e+00
1.882320e+01
3.491576e+01
2.428667e+01
5.142792e+00
8.396755e+00
3.350968e-01
0.000000e+00
2.935110e+01
8.711893e+01
2.420682e+01
6.546512e+00
6.487089e+00
1.703991e+00
0.000000e+00
0.000000e+00
0.000000e+00
0.000000e+00
0.000000e+00
0.000000e+00
0.000000e+00
0.000000e+00
1.258054e+00
0.000000e+00
0.000000e+00
0.000000e+00
0.000000e+00
0.000000e+00
0.000000e+00
3.904259e-04
0.000000e+00
0.000000e+00
8.146000e-02
2.178197e-02
4.519088e-02
2.655732e-03
4.880743e-03
0.000000e+00
2.229959e-03
0.000000e+00
