1.310070e-01
0.000000e+00
0.000000e+00
2.721603e-02
0.000000e+00
5.195360e-04
1.950751e-03
0.000000e+00
0.000000e+00
5.458895e-02
4.608747e-02
0.000000e+00
1.884459e-02
0.000000e+00
0.000000e+00
0.000000e+00
6.102000e-03
7.831339e-02
1.704478e-03
2.315693e-02
9.687210e-03
1.797887e-03
3.798741e-04
0.000000e+00
8.846441e+00
1.699775e+01
1.433251e+01
6.544796e+00
4.208039e+00
4.913849e-01
1.439842e-01
0.000000e+00
9.087000e+00
7.524859e+01
4.955312e+01
2.615501e+01
7.854082e+00
6.715983e-01
2.028461e-02
0.000000e+00
2.329490e+01
3.021386e+01
2.293695e+01
1.285761e+01
5.937580e+00
3.031328e+00
3.410695e-01
0.000000e+00
0.000000e+00
0.000000e+00
0.000000e+00
0.000000e+00
0.000000e+00
0.000000e+00
0.000000e+00
0.000000e+00
0.000000e+00
0.000000e+00
0.000000e+00
0.000000e+00
0.000000e+00
0.000000e+00
0.000000e+00
0.000000e+00
1.074300e-01
3.546587e-02
2.546362e-02
1.906917e-02
1.502370e-02
3.314970e-03
6.412481e-04
0.000000e+00
