1.569390e-01
0.000000e+00
0.000000e+00
3.230881e-02
4.819557e-04
2.080110e-03
0.000000e+00
2.905515e-03
0.000000e+00
8.624333e-02
7.482258e-02
0.000000e+00
0.000000e+00
0.000000e+00
6.460137e-03
0.000000e+00
2.803600e-02
4.995239e-02
3.908341e-02
5.291325e-03
8.579030e-03
4.499855e-07
2.928738e-03
1.356416e-04
6.304381e+00
1.929340e+01
1.381246e+01
6.472363e+00
2.601375e+00
9.134074e-01
6.250241e-01
1.362118e-01
1.027800e+01
7.671033e+01
2.657375e+01
4.056123e+01
7.648222e+00
1.590726e+00
3.041391e+00
3.708724e-02
2.412860e+01
3.155104e+01
2.860098e+01
1.372734e+01
1.080977e+01
2.537494e+00
2.025656e+00
4.255341e-01
0.000000e+00
0.000000e+00
0.000000e+00
0.000000e+00
0.000000e+00
0.000000e+00
0.000000e+00
0.000000e+00
0.000000e+00
0.000000e+00
0.000000e+00
0.000000e+00
0.000000e+00
0.000000e+00
0.000000e+00
0.000000e+00
1.097900e-01
3.781023e-02
3.152587e-02
2.673071e-02
1.100184e-02
2.007698e-03
2.309576e-03
1.643033e-03
