5.076900e-02
1.123919e-01
0.000000e+00
2.187477e-02
0.000000e+00
0.000000e+00
3.508060e-03
0.000000e+00
0.000000e+00
0.000000e+00
7.494905e-02
0.000000e+00
8.274162e-03
2.681781e-03
0.000000e+00
1.035334e-05
2.725900e-02
0.000000e+00
2.317569e-02
7.651444e-04
9.760407e-04
2.537819e-03
0.000000e+00
0.000000e+00
1.051349e+01
1.242616e+01
1.086058e+01
2.214924e+00
1.772414e+00
1.033943e+00
1.886278e-01
1.047480e-01
4.870000e-01
4.246325e+01
6.432943e+00
2.556660e+01
7.121541e+00
1.225837e+01
1.912112e+00
4.039562e+00
2.743080e+01
7.171338e+01
5.276052e+01
3.145200e+00
4.274445e+00
1.768985e+00
8.374015e-01
0.000000e+00
0.000000e+00
0.000000e+00
0.000000e+00
0.000000e+00
0.000000e+00
0.000000e+00
0.000000e+00
2.517792e-02
0.000000e+00
0.000000e+00
0.000000e+00
0.000000e+00
0.000000e+00
0.000000e+00
0.000000e+00
2.431381e-05
9.433000e-02
4.789380e-03
5.726069e-02
1.622061e-03
4.289122e-03
3.439617e-03
1.453980e-03
0.000000e+00
