7.692000e-02
7.969989e-02
0.000000e+00
2.092423e-02
6.684264e-05
2.161734e-03
0.000000e+00
0.000000e+00
0.000000e+00
0.000000e+00
1.034319e-01
0.000000e+00
0.000000e+00
0.000000e+00
4.640489e-04
0.000000e+00
9.415000e-03
6.551891e-02
0.000000e+00
2.121165e-02
0.000000e+00
3.934711e-03
3.736674e-03
0.000000e+00
1.410891e+01
1.128133e+01
1.693778e+01
8.482983e+00
2.759766e+00
8.466117e-01
2.494309e-01
0.000000e+00
4.646000e+00
2.573127e+01
1.164911e+02
2.263219e+01
1.249784e+01
1.162301e+01
3.869141e-01
0.000000e+00
2.382730e+01
3.368895e+01
3.369733e+01
7.668043e+01
7.542630e+00
1.422915e+00
8.122519e-01
0.000000e+00
0.000000e+00
0.000000e+00
0.000000e+00
0.000000e+00
0.000000e+00
0.000000e+00
0.000000e+00
0.000000e+00
0.000000e+00
0.000000e+00
0.000000e+00
0.000000e+00
0.000000e+00
0.000000e+00
0.000000e+00
0.000000e+00
7.546000e-02
2.204215e-02
9.609102e-03
1.221996e-02
5.113759e-03
2.024856e-03
6.570331e-04
0.000000e+00
