1.249100e-01
0.000000e+00
3.803538e-03
0.000000e+00
1.680298e-02
0.000000e+00
0.000000e+00
3.476971e-05
0.000000e+00
8.769815e-02
0.000000e+00
3.102787e-02
0.000000e+00
1.736817e-03
2.771739e-04
0.000000e+00
2.794400e-02
5.708156e-02
0.000000e+00
1.766813e-02
4.007853e-03
4.510905e-03
7.585473e-05
6.306162e-05
1.169221e+01
1.641442e+01
1.423519e+01
6.605953e+00
3.738359e+00
6.468563e-01
1.675154e-01
1.001894e-01
7.249000e+00
7.944290e+01
4.512033e+01
1.777060e+01
1.168422e+01
9.791350e-01
7.716786e-01
2.963762e-01
2.479390e+01
3.929476e+01
2.113097e+01
2.292878e+01
5.746801e+00
0.000000e+00
3.083160e-01
1.926884e-01
0.000000e+00
0.000000e+00
0.000000e+00
0.000000e+00
0.000000e+00
2.407017e+00
0.000000e+00
0.000000e+00
0.000000e+00
0.000000e+00
0.000000e+00
0.000000e+00
0.000000e+00
0.000000e+00
0.000000e+00
0.000000e+00
9.936000e-02
3.815631e-02
1.815642e-02
2.383962e-02
9.543528e-03
4.759401e-03
3.309344e-04
3.483971e-04
