7.790400e-02
1.489834e-01
0.000000e+00
0.000000e+00
4.053236e-03
0.000000e+00
0.000000e+00
0.000000e+00
0.000000e+00
0.000000e+00
9.597116e-02
1.765876e-04
0.000000e+00
0.000000e+00
0.000000e+00
0.000000e+00
9.440000e-02
0.000000e+00
9.192826e-02
2.576570e-02
4.217366e-03
0.000000e+00
0.000000e+00
0.000000e+00
6.370626e+00
1.836285e+01
1.072677e+01
4.619699e+00
3.873951e-01
0.000000e+00
0.000000e+00
0.000000e+00
1.808000e+00
3.667244e+01
1.183550e+01
6.698958e+00
9.162717e-02
0.000000e+00
0.000000e+00
0.000000e+00
2.624290e+01
5.311570e+01
5.304169e+01
1.019008e+01
1.593025e+00
0.000000e+00
0.000000e+00
0.000000e+00
0.000000e+00
0.000000e+00
0.000000e+00
0.000000e+00
0.000000e+00
0.000000e+00
0.000000e+00
0.000000e+00
0.000000e+00
1.954834e-02
0.000000e+00
0.000000e+00
0.000000e+00
0.000000e+00
0.000000e+00
0.000000e+00
7.869000e-02
0.000000e+00
4.273587e-02
2.135285e-03
5.334247e-03
0.000000e+00
0.000000e+00
0.000000e+00
