8.812900e-02
0.000000e+00
1.091671e-01
0.000000e+00
1.965921e-02
0.000000e+00
2.150399e-03
0.000000e+00
0.000000e+00
1.581381e-01
0.000000e+00
5.576007e-02
0.000000e+00
4.673096e-03
0.000000e+00
0.000000e+00
0.000000e+00
1.108479e-01
0.000000e+00
5.272774e-02
0.000000e+00
1.976931e-03
0.000000e+00
0.000000e+00
1.306289e+01
1.386779e+01
6.742433e+00
5.005145e+00
1.551037e+00
3.507717e-01
1.280906e-01
0.000000e+00
4.948000e+00
1.686608e+01
7.973558e+00
1.453771e+01
1.090781e+00
5.066267e-01
3.968420e-02
0.000000e+00
3.018290e+01
8.084359e+01
3.551575e+01
2.043764e+01
1.277714e+01
1.719700e+00
4.422890e-01
0.000000e+00
0.000000e+00
0.000000e+00
0.000000e+00
0.000000e+00
0.000000e+00
0.000000e+00
0.000000e+00
0.000000e+00
0.000000e+00
0.000000e+00
0.000000e+00
0.000000e+00
0.000000e+00
0.000000e+00
0.000000e+00
0.000000e+00
1.232400e-01
4.147722e-02
6.691739e-02
6.130829e-03
1.578651e-02
1.071794e-03
1.753736e-03
0.000000e+00
