2.720600e-02
0.000000e+00
3.949272e-02
0.000000e+00
1.363567e-02
0.000000e+00
0.000000e+00
0.000000e+00
0.000000e+00
5.343581e-02
0.000000e+00
1.781424e-02
0.000000e+00
4.571314e-03
5.631110e-04
1.950734e-04
0.000000e+00
7.663551e-03
0.000000e+00
3.668063e-03
3.357340e-03
9.968935e-04
2.533626e-04
9.074982e-04
1.240372e+01
1.104666e+01
1.097829e+01
4.413276e+00
2.259128e+00
4.040914e-01
1.653616e-01
5.723740e-02
1.413300e+01
2.194483e+00
4.326131e+01
2.105062e+01
1.510893e+01
1.719554e+00
5.242052e+00
3.482595e-02
3.068750e+01
7.676374e+01
4.903239e+01
2.299749e+01
3.958838e+00
0.000000e+00
9.611577e-02
4.380811e-01
0.000000e+00
0.000000e+00
0.000000e+00
0.000000e+00
0.000000e+00
3.694789e-01
0.000000e+00
0.000000e+00
0.000000e+00
0.000000e+00
0.000000e+00
0.000000e+00
0.000000e+00
0.000000e+00
3.019678e-04
0.000000e+00
1.125100e-01
3.449218e-02
4.040923e-02
2.861723e-02
1.247746e-02
1.029587e-03
0.000000e+00
9.103628e-05
