2.116080e-01
0.000000e+00
5.562556e-02
0.000000e+00
2.991577e-04
5.618579e-03
0.000000e+00
3.035408e-03
0.000000e+00
2.282755e-01
0.000000e+00
1.531338e-02
0.000000e+00
0.000000e+00
7.400160e-03
0.000000e+00
1.153170e-01
0.000000e+00
9.019438e-02
1.285441e-02
3.237987e-03
7.070707e-03
0.000000e+00
1.653705e-03
4.862916e+00
1.986605e+01
9.163565e+00
5.024500e+00
2.138843e+00
8.460983e-01
6.211905e-01
6.974004e-02
3.900000e-01
1.124262e+01
1.557935e+02
1.084189e+01
1.380692e+00
1.409386e+01
2.204234e-01
5.578726e-03
2.649800e+01
5.795444e+01
3.047602e+00
1.331569e+01
6.599386e+00
3.061395e-01
1.834448e+00
3.800145e-01
0.000000e+00
0.000000e+00
0.000000e+00
0.000000e+00
0.000000e+00
0.000000e+00
0.000000e+00
0.000000e+00
0.000000e+00
0.000000e+00
0.000000e+00
0.000000e+00
0.000000e+00
0.000000e+00
0.000000e+00
0.000000e+00
8.824000e-02
3.196612e-02
3.734929e-02
8.600597e-03
8.013435e-03
3.868652e-03
9.931601e-04
1.265467e-03
