0.000000e+00
2.212600e-01
0.000000e+00
6.662383e-02
0.000000e+00
5.007154e-03
0.000000e+00
0.000000e+00
3.137800e-02
0.000000e+00
1.665897e-01
0.000000e+00
1.600935e-02
0.000000e+00
0.000000e+00
0.000000e+00
8.191700e-02
0.000000e+00
2.456121e-02
1.492628e-02
5.362714e-03
3.150393e-03
0.000000e+00
0.000000e+00
9.921539e+00
6.471366e+00
1.326768e+01
6.060360e+00
1.624406e+00
4.907329e-01
0.000000e+00
0.000000e+00
7.025000e+00
5.818424e+00
2.406491e+01
2.227511e+00
2.919139e+00
9.673628e-02
0.000000e+00
0.000000e+00
3.012760e+01
7.734948e+01
6.072939e+01
2.426062e+01
6.909150e+00
1.376768e+00
0.000000e+00
0.000000e+00
0.000000e+00
0.000000e+00
0.000000e+00
0.000000e+00
0.000000e+00
0.000000e+00
0.000000e+00
0.000000e+00
0.000000e+00
0.000000e+00
0.000000e+00
0.000000e+00
0.000000e+00
0.000000e+00
0.000000e+00
0.000000e+00
1.432800e-01
4.591501e-02
3.675010e-02
6.379517e-02
8.202444e-03
6.049807e-03
0.000000e+00
0.000000e+00
