1.268860e-01
0.000000e+00
7.303708e-02
0.000000e+00
0.000000e+00
2.005716e-03
0.000000e+00
0.000000e+00
0.000000e+00
2.053767e-01
0.000000e+00
8.241723e-03
2.462623e-04
0.000000e+00
0.000000e+00
0.000000e+00
0.000000e+00
1.819682e-01
0.000000e+00
1.800264e-02
1.037816e-02
1.895904e-04
0.000000e+00
0.000000e+00
6.795199e+00
1.917060e+01
6.090020e+00
5.829194e+00
9.453041e-01
7.019913e-02
0.000000e+00
0.000000e+00
1.611000e+00
2.192207e+01
1.103114e+01
9.823435e+00
2.781947e+00
2.151091e-02
0.000000e+00
0.000000e+00
3.021750e+01
8.127724e+01
5.342143e+01
1.588471e+01
1.042678e+01
2.978659e-01
0.000000e+00
0.000000e+00
0.000000e+00
0.000000e+00
0.000000e+00
0.000000e+00
0.000000e+00
0.000000e+00
0.000000e+00
0.000000e+00
0.000000e+00
0.000000e+00
0.000000e+00
0.000000e+00
0.000000e+00
0.000000e+00
0.000000e+00
0.000000e+00
1.273700e-01
3.901828e-02
4.966691e-02
4.220778e-02
4.772933e-03
3.904384e-04
0.000000e+00
0.000000e+00
