2.145110e-01
0.000000e+00
2.005833e-01
0.000000e+00
1.089534e-02
1.012776e-03
0.000000e+00
5.227743e-04
0.000000e+00
4.781509e-01
0.000000e+00
3.828969e-02
0.000000e+00
0.000000e+00
1.217179e-03
0.000000e+00
0.000000e+00
1.505821e-01
0.000000e+00
0.000000e+00
1.200932e-02
0.000000e+00
1.103984e-04
4.344238e-04
6.354022e+00
2.217744e+01
4.165631e+00
3.427922e+00
1.973217e+00
2.150968e-01
1.843265e-01
4.795558e-02
9.120000e-01
6.884778e+01
1.831810e+00
7.057926e+00
2.081273e+00
5.444156e-01
8.848297e-02
1.913043e-02
3.055330e+01
8.050776e+01
3.518153e+01
1.669817e+01
4.875565e+00
8.289070e-01
7.202274e-01
1.517796e-01
0.000000e+00
0.000000e+00
0.000000e+00
0.000000e+00
0.000000e+00
0.000000e+00
0.000000e+00
0.000000e+00
0.000000e+00
0.000000e+00
0.000000e+00
0.000000e+00
0.000000e+00
0.000000e+00
0.000000e+00
0.000000e+00
1.310900e-01
4.698476e-02
7.351817e-02
1.059538e-02
1.904000e-02
9.071821e-04
8.289024e-04
6.364804e-04
