1.286780e-01
0.000000e+00
0.000000e+00
7.056567e-02
0.000000e+00
8.124389e-03
0.000000e+00
3.921928e-03
0.000000e+00
1.770820e-02
1.338238e-01
0.000000e+00
2.150573e-02
0.000000e+00
7.701836e-03
0.000000e+00
2.101400e-02
2.779858e-02
3.628544e-02
0.000000e+00
0.000000e+00
4.713229e-03
2.259192e-03
0.000000e+00
7.274481e+00
1.818111e+01
1.458603e+01
5.502591e+00
3.744288e+00
1.571750e+00
1.022475e+00
1.692903e-01
7.011000e+00
5.833831e+01
3.196519e+01
1.790111e+01
2.563066e+01
2.912401e+00
3.140548e+00
1.335358e+00
2.361470e+01
3.335674e+01
2.608716e+01
1.333461e+01
8.930166e+00
3.773037e+00
1.866721e+00
5.780710e-01
0.000000e+00
0.000000e+00
0.000000e+00
0.000000e+00
0.000000e+00
0.000000e+00
0.000000e+00
0.000000e+00
0.000000e+00
0.000000e+00
0.000000e+00
0.000000e+00
0.000000e+00
0.000000e+00
0.000000e+00
0.000000e+00
1.083700e-01
3.891415e-02
3.002708e-02
2.956271e-02
7.734854e-03
7.074034e-03
3.131615e-03
1.366952e-03
