0.000000e+00
1.170846e-01
0.000000e+00
4.304807e-02
0.000000e+00
3.262774e-03
0.000000e+00
0.000000e+00
4.260400e-02
0.000000e+00
7.022953e-02
0.000000e+00
2.120144e-02
0.000000e+00
0.000000e+00
0.000000e+00
6.974400e-02
0.000000e+00
3.418252e-02
7.943091e-03
3.871492e-03
4.668744e-03
0.000000e+00
0.000000e+00
1.408069e+01
7.429532e+00
1.149237e+01
1.865010e+00
1.296469e+00
4.034302e-01
0.000000e+00
0.000000e+00
7.960000e-01
6.880007e+01
2.382146e+00
7.865127e+00
4.562919e+00
1.435518e+00
0.000000e+00
0.000000e+00
3.068310e+01
9.217405e+01
3.653125e+01
1.076093e+01
1.450291e+00
1.290856e+01
0.000000e+00
0.000000e+00
0.000000e+00
0.000000e+00
0.000000e+00
0.000000e+00
0.000000e+00
0.000000e+00
0.000000e+00
0.000000e+00
0.000000e+00
0.000000e+00
0.000000e+00
0.000000e+00
0.000000e+00
8.189867e-05
0.000000e+00
0.000000e+00
1.158000e-01
3.675542e-02
6.440201e-02
1.035151e-02
2.921250e-03
0.000000e+00
0.000000e+00
0.000000e+00
