0.000000e+00
8.223033e-02
0.000000e+00
1.097106e-02
0.000000e+00
5.296598e-03
0.000000e+00
3.943815e-04
3.868700e-02
0.000000e+00
4.290973e-03
0.000000e+00
1.435911e-02
0.000000e+00
3.391328e-03
0.000000e+00
5.354800e-02
0.000000e+00
5.203999e-02
0.000000e+00
1.299550e-02
1.138216e-03
7.933044e-04
0.000000e+00
1.181721e+01
1.049923e+01
9.493776e+00
5.552679e+00
2.473707e+00
3.883056e-01
1.952766e-01
4.087163e-02
1.882000e+00
3.578337e+01
1.309965e+01
7.728756e+00
8.254190e+00
1.761812e+00
6.979197e-02
5.800575e-02
3.002840e+01
8.238845e+01
4.841092e+01
1.805954e+01
6.729826e+00
9.636380e-01
9.369939e-01
1.947050e-01
0.000000e+00
0.000000e+00
0.000000e+00
0.000000e+00
0.000000e+00
0.000000e+00
0.000000e+00
0.000000e+00
0.000000e+00
0.000000e+00
0.000000e+00
0.000000e+00
0.000000e+00
0.000000e+00
0.000000e+00
0.000000e+00
1.240900e-01
3.673173e-02
4.776135e-02
2.804457e-02
1.076888e-02
1.309775e-03
9.613760e-04
1.252756e-04
