0.000000e+00
4.485966e-02
0.000000e+00
1.547319e-02
0.000000e+00
0.000000e+00
4.716736e-04
0.000000e+00
1.773000e-03
0.000000e+00
2.161808e-02
0.000000e+00
4.327420e-03
1.896394e-03
0.000000e+00
0.000000e+00
2.963500e-02
0.000000e+00
1.110187e-02
0.000000e+00
8.121947e-03
4.133738e-03
2.321625e-05
0.000000e+00
1.164246e+01
1.160805e+01
9.541437e+00
4.616129e+00
1.477345e+00
4.616271e-01
3.517683e-02
0.000000e+00
3.668000e+00
8.306348e+00
2.175797e+01
4.169545e+00
1.945210e+00
1.280899e+00
1.705367e-03
0.000000e+00
2.996230e+01
7.870202e+01
5.171989e+01
1.929021e+01
4.291056e+00
9.422422e-01
9.876403e-02
0.000000e+00
0.000000e+00
0.000000e+00
0.000000e+00
0.000000e+00
0.000000e+00
0.000000e+00
0.000000e+00
0.000000e+00
0.000000e+00
0.000000e+00
0.000000e+00
0.000000e+00
0.000000e+00
0.000000e+00
0.000000e+00
0.000000e+00
1.383400e-01
4.435370e-02
5.626813e-02
4.151492e-02
1.056936e-02
2.637539e-03
4.791307e-04
0.000000e+00
