1.722160e-01
0.000000e+00
5.536842e-02
0.000000e+00
3.391940e-03
0.000000e+00
2.058505e-03
0.000000e+00
0.000000e+00
2.336601e-01
0.000000e+00
5.556939e-03
0.000000e+00
3.520222e-03
0.000000e+00
0.000000e+00
7.078900e-02
0.000000e+00
4.933517e-02
2.412844e-02
5.822337e-03
2.809977e-05
3.096347e-04
0.000000e+00
1.032891e+01
1.699944e+01
1.390778e+01
5.133610e+00
2.968753e+00
2.837945e-01
1.779063e-01
0.000000e+00
2.711000e+00
1.266607e+01
7.799209e+01
2.010177e+01
1.407736e+01
9.710940e-01
2.530516e-01
0.000000e+00
3.015090e+01
8.317574e+01
3.124635e+01
3.877562e+01
1.171595e+01
1.835223e+00
4.686297e-01
0.000000e+00
0.000000e+00
0.000000e+00
0.000000e+00
0.000000e+00
0.000000e+00
0.000000e+00
0.000000e+00
0.000000e+00
0.000000e+00
0.000000e+00
0.000000e+00
0.000000e+00
0.000000e+00
0.000000e+00
0.000000e+00
0.000000e+00
1.150200e-01
3.775934e-02
5.502770e-02
6.536127e-03
7.116042e-03
7.883544e-04
1.752136e-03
0.000000e+00
