2.607100e-02
0.000000e+00
2.201580e-02
1.081414e-03
0.000000e+00
0.000000e+00
5.278981e-04
0.000000e+00
0.000000e+00
6.749686e-02
0.000000e+00
0.000000e+00
4.539126e-04
6.103493e-04
0.000000e+00
1.400736e-05
3.460500e-02
0.000000e+00
3.030387e-02
0.000000e+00
0.000000e+00
1.667162e-03
0.000000e+00
2.846131e-04
1.413717e+01
1.297964e+01
1.049575e+01
2.519087e+00
8.212501e-01
2.349540e-01
5.584726e-02
1.886559e-02
1.719000e+00
3.719088e+01
2.804059e+00
1.908614e+00
1.500880e+00
2.372779e-02
8.217202e-02
2.703081e-02
3.062070e+01
8.805943e+01
3.773189e+01
1.013521e+01
2.923544e+00
8.642185e-01
2.247707e-01
7.564015e-02
0.000000e+00
0.000000e+00
0.000000e+00
0.000000e+00
0.000000e+00
0.000000e+00
0.000000e+00
0.000000e+00
0.000000e+00
0.000000e+00
0.000000e+00
0.000000e+00
0.000000e+00
0.000000e+00
0.000000e+00
0.000000e+00
1.270700e-01
4.376170e-02
7.167226e-02
2.126235e-02
5.786537e-03
1.624776e-03
4.255818e-04
1.463377e-04
