7.371600e-02
0.000000e+00
0.000000e+00
3.330098e-02
2.636087e-04
0.000000e+00
1.351913e-03
7.030881e-04
0.000000e+00
6.986218e-03
1.021331e-01
0.000000e+00
0.000000e+00
5.602796e-03
0.000000e+00
0.000000e+00
5.404800e-02
7.013650e-02
2.926641e-02
1.667363e-02
3.666959e-05
4.000312e-03
1.707973e-03
1.740258e-04
1.240372e+01
1.425111e+01
1.376864e+01
5.132184e+00
2.609173e+00
1.303368e+00
5.341577e-01
4.631161e-02
1.228000e+00
3.834541e+01
2.403227e+01
1.703416e+01
1.016251e+01
4.232421e+00
1.305134e+00
4.607549e-02
2.523860e+01
3.186914e+01
3.701455e+01
1.696415e+01
5.318139e+00
2.374161e+00
1.135526e+00
1.369832e-01
0.000000e+00
0.000000e+00
0.000000e+00
0.000000e+00
0.000000e+00
0.000000e+00
0.000000e+00
0.000000e+00
0.000000e+00
0.000000e+00
0.000000e+00
0.000000e+00
0.000000e+00
0.000000e+00
0.000000e+00
0.000000e+00
1.110400e-01
3.948970e-02
3.016852e-02
3.591085e-02
1.033052e-02
4.207343e-03
2.516369e-03
6.313817e-04
