1.432300e-01
0.000000e+00
2.679765e-02
1.472880e-03
0.000000e+00
0.000000e+00
0.000000e+00
1.091878e-03
0.000000e+00
1.231168e-01
0.000000e+00
0.000000e+00
5.181718e-03
8.162111e-04
6.095778e-04
0.000000e+00
1.766600e-02
4.121153e-02
0.000000e+00
6.632432e-03
0.000000e+00
9.399895e-04
2.268295e-04
0.000000e+00
7.202099e+00
1.916124e+01
9.094777e+00
3.911971e+00
1.743383e+00
3.712101e-01
1.560098e-01
6.106563e-02
2.826000e+00
6.271907e+00
1.511472e+01
1.702646e+01
1.629237e+00
1.622099e+00
3.603791e-01
6.451136e-01
2.925480e+01
8.041409e+01
3.955568e+01
1.923870e+01
8.717950e+00
6.857500e-01
4.134722e-01
1.489907e-01
0.000000e+00
0.000000e+00
0.000000e+00
0.000000e+00
0.000000e+00
0.000000e+00
0.000000e+00
0.000000e+00
0.000000e+00
0.000000e+00
0.000000e+00
2.244276e-03
0.000000e+00
0.000000e+00
0.000000e+00
0.000000e+00
9.585000e-02
1.576553e-02
5.191931e-02
0.000000e+00
1.110519e-02
6.237276e-04
5.019201e-04
1.220660e-04
