7.440800e-02
0.000000e+00
8.607210e-02
0.000000e+00
1.284700e-02
0.000000e+00
3.063339e-03
0.000000e+00
0.000000e+00
1.589170e-01
0.000000e+00
3.344418e-02
0.000000e+00
9.360214e-03
0.000000e+00
0.000000e+00
7.637500e-02
0.000000e+00
2.510057e-02
1.470442e-02
0.000000e+00
5.640048e-03
1.033447e-03
0.000000e+00
1.295589e+01
1.648645e+01
8.792323e+00
3.997592e+00
1.912668e+00
1.280873e+00
1.311677e-01
0.000000e+00
1.130600e+01
2.368731e+01
4.754317e+01
1.262814e+01
7.629386e+00
2.518599e+00
1.407631e-01
0.000000e+00
2.939430e+01
8.474626e+01
2.181231e+01
6.788635e+00
5.836628e+00
3.095179e+00
4.783642e-01
0.000000e+00
0.000000e+00
0.000000e+00
0.000000e+00
0.000000e+00
0.000000e+00
0.000000e+00
0.000000e+00
0.000000e+00
0.000000e+00
0.000000e+00
0.000000e+00
0.000000e+00
0.000000e+00
0.000000e+00
0.000000e+00
0.000000e+00
1.216000e-01
3.997898e-02
6.679141e-02
9.698016e-03
8.113986e-03
5.741242e-03
2.108320e-03
0.000000e+00
