2.087390e-01
0.000000e+00
0.000000e+00
1.114049e-02
1.384487e-02
0.000000e+00
2.516122e-03
0.000000e+00
0.000000e+00
8.020234e-02
4.544950e-02
0.000000e+00
0.000000e+00
1.149738e-02
0.000000e+00
0.000000e+00
2.827700e-02
4.969318e-02
3.393597e-02
2.541851e-03
3.462943e-03
9.379622e-03
2.686233e-04
0.000000e+00
5.379938e+00
1.901899e+01
1.753589e+01
5.672332e+00
1.162175e+00
5.764268e-01
3.538158e-02
0.000000e+00
2.753800e+01
2.531767e+02
2.653491e+01
5.617584e+01
3.947934e+00
2.195149e-01
7.725495e-02
0.000000e+00
2.371600e+01
2.707572e+01
7.281776e+01
1.136920e+01
1.968392e+00
1.150999e+00
1.504317e-01
0.000000e+00
0.000000e+00
0.000000e+00
0.000000e+00
0.000000e+00
0.000000e+00
0.000000e+00
0.000000e+00
0.000000e+00
0.000000e+00
0.000000e+00
0.000000e+00
0.000000e+00
0.000000e+00
0.000000e+00
2.594043e-04
0.000000e+00
6.365000e-02
1.685977e-02
1.252370e-02
1.415334e-02
2.274513e-03
2.004879e-03
0.000000e+00
0.000000e+00
