1.766130e-01
0.000000e+00
0.000000e+00
4.387965e-02
0.000000e+00
1.369587e-02
0.000000e+00
8.164001e-04
0.000000e+00
4.374827e-02
7.620286e-02
0.000000e+00
2.771306e-02
0.000000e+00
4.540524e-03
0.000000e+00
2.157600e-02
3.836051e-02
5.390467e-02
0.000000e+00
3.100288e-02
0.000000e+00
6.436624e-04
5.586765e-05
6.027961e+00
1.642778e+01
1.456572e+01
7.632553e+00
4.323991e+00
3.821002e-01
1.946963e-01
1.351129e-02
2.081000e+00
7.961938e+00
1.882570e+02
3.696726e+01
1.599339e+01
4.871540e+00
1.597197e-01
8.244052e-03
2.344990e+01
3.582972e+01
2.381754e+01
3.387948e+01
7.323604e+00
1.043489e+00
3.099417e-01
5.049492e-02
0.000000e+00
0.000000e+00
0.000000e+00
0.000000e+00
0.000000e+00
0.000000e+00
0.000000e+00
0.000000e+00
0.000000e+00
0.000000e+00
0.000000e+00
0.000000e+00
0.000000e+00
0.000000e+00
0.000000e+00
8.404625e-05
8.960000e-02
3.003855e-02
2.035879e-02
1.884670e-02
9.760242e-03
2.861380e-03
7.092137e-04
0.000000e+00
