0.000000e+00
2.731506e-02
0.000000e+00
3.107003e-03
0.000000e+00
0.000000e+00
9.701733e-04
0.000000e+00
4.190000e-04
0.000000e+00
1.294308e-02
0.000000e+00
9.816170e-04
7.559879e-04
0.000000e+00
0.000000e+00
0.000000e+00
2.298819e-02
1.369964e-02
5.849485e-03
3.668821e-03
2.140161e-03
1.544781e-04
0.000000e+00
1.206989e+01
1.283156e+01
1.049014e+01
4.782563e+00
1.444184e+00
4.266384e-01
2.567540e-02
0.000000e+00
4.081000e+00
1.391674e+01
8.818456e+00
3.700706e+00
3.524828e+00
1.465005e+00
1.638576e-02
0.000000e+00
2.998150e+01
8.043361e+01
4.910936e+01
1.901542e+01
5.502885e+00
9.736956e-01
1.169605e-01
0.000000e+00
0.000000e+00
0.000000e+00
0.000000e+00
0.000000e+00
0.000000e+00
0.000000e+00
0.000000e+00
0.000000e+00
0.000000e+00
0.000000e+00
0.000000e+00
0.000000e+00
0.000000e+00
0.000000e+00
0.000000e+00
0.000000e+00
1.417300e-01
4.838453e-02
5.743750e-02
4.134593e-02
7.837021e-03
1.481790e-03
3.675160e-04
0.000000e+00
