1.142830e-01
2.876776e-02
0.000000e+00
6.239765e-02
0.000000e+00
1.295645e-02
0.000000e+00
0.000000e+00
0.000000e+00
0.000000e+00
1.304613e-01
0.000000e+00
3.444145e-02
0.000000e+00
9.918263e-04
2.051122e-04
0.000000e+00
1.233684e-01
0.000000e+00
3.242280e-02
1.020455e-02
0.000000e+00
1.804354e-03
0.000000e+00
5.697809e+00
1.536688e+01
1.579668e+01
7.379744e+00
3.609169e+00
3.204807e-01
3.140244e-01
1.108234e-01
5.171000e+00
5.451371e+01
6.925301e+01
3.697511e+01
3.445266e+00
3.031597e-01
3.484061e-01
2.646629e-01
2.425220e+01
3.571340e+01
3.471518e+01
7.532547e+01
1.150697e+01
3.002779e+00
1.658863e+00
5.649222e-01
0.000000e+00
0.000000e+00
0.000000e+00
0.000000e+00
0.000000e+00
0.000000e+00
0.000000e+00
0.000000e+00
0.000000e+00
0.000000e+00
0.000000e+00
0.000000e+00
0.000000e+00
0.000000e+00
0.000000e+00
0.000000e+00
9.302000e-02
3.151816e-02
1.801229e-02
1.727292e-02
9.642978e-03
3.876714e-04
2.387643e-03
2.114193e-04
