1.609130e-01
0.000000e+00
0.000000e+00
4.458815e-02
0.000000e+00
5.657530e-03
0.000000e+00
0.000000e+00
0.000000e+00
6.724879e-02
4.107999e-02
0.000000e+00
4.689671e-02
0.000000e+00
0.000000e+00
0.000000e+00
5.382800e-02
2.976573e-02
3.038284e-02
3.202778e-03
2.565076e-02
1.975095e-03
0.000000e+00
0.000000e+00
5.189212e+00
1.655172e+01
1.193201e+01
5.030484e+00
2.798818e+00
2.559426e-01
0.000000e+00
0.000000e+00
6.800000e-01
6.496376e+01
4.308972e+01
2.919011e+01
6.643840e+00
2.091049e-02
0.000000e+00
0.000000e+00
2.465410e+01
2.677616e+01
6.102457e+00
0.000000e+00
0.000000e+00
9.380057e-01
0.000000e+00
0.000000e+00
0.000000e+00
0.000000e+00
0.000000e+00
2.161441e+01
1.017542e+01
0.000000e+00
0.000000e+00
0.000000e+00
0.000000e+00
0.000000e+00
0.000000e+00
0.000000e+00
0.000000e+00
0.000000e+00
0.000000e+00
0.000000e+00
6.921000e-02
1.836904e-02
6.573870e-03
1.487164e-02
6.833834e-03
2.953636e-03
0.000000e+00
0.000000e+00
