3.523490e-01
0.000000e+00
1.608666e-01
0.000000e+00
1.243141e-02
0.000000e+00
3.934230e-03
0.000000e+00
0.000000e+00
4.172361e-01
0.000000e+00
4.240735e-02
0.000000e+00
1.168952e-04
0.000000e+00
2.861342e-03
0.000000e+00
1.895709e-01
0.000000e+00
1.633126e-02
9.161320e-03
0.000000e+00
0.000000e+00
5.350970e-04
6.420614e+00
1.622780e+01
8.659672e+00
5.171320e+00
2.579670e+00
9.852549e-01
2.901115e-01
2.063351e-01
1.182000e+00
1.594584e+01
9.633626e+01
1.107924e+01
1.169468e+01
1.056828e+00
3.877965e+00
2.194925e-01
2.793950e+01
1.056506e+02
1.761983e+01
1.255975e+01
6.173202e+00
2.573541e+00
1.721881e+00
1.207258e+00
0.000000e+00
0.000000e+00
0.000000e+00
0.000000e+00
0.000000e+00
0.000000e+00
0.000000e+00
0.000000e+00
0.000000e+00
0.000000e+00
0.000000e+00
0.000000e+00
0.000000e+00
0.000000e+00
1.009497e-03
0.000000e+00
1.481000e-02
1.340989e-02
7.969649e-03
1.016676e-02
8.523849e-03
4.007592e-03
0.000000e+00
8.201292e-04
