2.066340e-01
0.000000e+00
9.821122e-02
0.000000e+00
3.637524e-03
1.034300e-02
0.000000e+00
2.388043e-03
0.000000e+00
1.946705e-01
0.000000e+00
5.616728e-02
0.000000e+00
0.000000e+00
5.249278e-03
0.000000e+00
0.000000e+00
2.256023e-01
0.000000e+00
1.447727e-01
0.000000e+00
1.442299e-02
5.436200e-04
1.103536e-05
4.657661e+00
1.870514e+01
9.300820e+00
8.312453e+00
3.356652e+00
1.020575e+00
2.530548e-01
2.162827e-02
2.549000e+00
1.786964e+01
1.537802e+02
1.348627e+01
1.773859e+01
5.310443e+00
4.102656e-01
6.925621e-02
2.300820e+01
3.006143e+01
2.184896e+01
7.298220e+00
8.541435e+00
2.133289e+00
2.067483e+00
1.451373e-01
0.000000e+00
0.000000e+00
0.000000e+00
0.000000e+00
0.000000e+00
0.000000e+00
0.000000e+00
0.000000e+00
0.000000e+00
0.000000e+00
0.000000e+00
0.000000e+00
0.000000e+00
0.000000e+00
0.000000e+00
1.927902e-04
1.069400e-01
3.777252e-02
2.268612e-02
2.293478e-02
9.825743e-03
4.646150e-03
5.188967e-04
0.000000e+00
