1.070370e-01
0.000000e+00
1.493250e-01
0.000000e+00
4.040273e-02
0.000000e+00
5.187451e-03
0.000000e+00
0.000000e+00
2.080759e-01
0.000000e+00
8.138006e-02
0.000000e+00
2.403477e-02
0.000000e+00
0.000000e+00
4.167800e-02
2.974612e-02
0.000000e+00
4.534883e-02
0.000000e+00
1.017500e-02
1.391591e-04
0.000000e+00
1.274365e+01
1.486876e+01
7.701122e+00
4.637720e+00
1.627885e+00
1.463776e+00
1.751640e-01
0.000000e+00
1.322200e+01
1.753396e+01
3.510618e+01
7.648790e+00
1.491082e+01
1.833343e+00
1.879838e-01
0.000000e+00
2.952900e+01
8.506730e+01
2.003351e+01
9.195548e+00
3.977131e+00
3.938703e+00
5.907945e-01
0.000000e+00
0.000000e+00
0.000000e+00
0.000000e+00
0.000000e+00
0.000000e+00
0.000000e+00
0.000000e+00
0.000000e+00
0.000000e+00
0.000000e+00
0.000000e+00
0.000000e+00
0.000000e+00
0.000000e+00
0.000000e+00
0.000000e+00
1.024500e-01
3.104039e-02
5.266908e-02
5.896086e-03
3.794474e-03
2.893173e-03
1.381483e-03
0.000000e+00
