1.191640e-01
0.000000e+00
2.208016e-02
5.103345e-02
0.000000e+00
1.106519e-02
0.000000e+00
1.702079e-03
0.000000e+00
2.481930e-01
0.000000e+00
0.000000e+00
2.583291e-02
0.000000e+00
3.148269e-03
0.000000e+00
1.740000e-03
4.695869e-02
0.000000e+00
0.000000e+00
3.168035e-03
3.402686e-04
9.444482e-04
8.919801e-05
8.379155e+00
2.163784e+01
7.789746e+00
1.376251e+00
2.239390e+00
6.834124e-01
3.967670e-01
1.521402e-01
2.927000e+00
4.575391e+01
1.050252e+01
1.779851e+00
4.656105e+00
3.366327e+00
1.372606e+00
9.808573e-01
2.910410e+01
7.926805e+01
4.706846e+01
1.255167e+01
6.194820e+00
2.467285e+00
9.134679e-01
6.779745e-01
0.000000e+00
0.000000e+00
0.000000e+00
0.000000e+00
0.000000e+00
0.000000e+00
0.000000e+00
0.000000e+00
0.000000e+00
0.000000e+00
0.000000e+00
0.000000e+00
0.000000e+00
0.000000e+00
0.000000e+00
0.000000e+00
1.299400e-01
3.101428e-02
6.907100e-02
6.459715e-03
8.824325e-03
4.731714e-03
1.050601e-03
5.371104e-04
