1.998090e-01
0.000000e+00
2.331189e-02
2.522731e-02
0.000000e+00
0.000000e+00
6.827488e-04
0.000000e+00
0.000000e+00
2.652537e-01
0.000000e+00
0.000000e+00
2.270845e-03
2.769854e-05
0.000000e+00
2.545164e-04
0.000000e+00
3.251581e-01
3.193030e-02
0.000000e+00
9.724761e-03
3.708364e-04
0.000000e+00
1.837280e-04
4.960730e+00
1.849746e+01
1.017213e+01
2.728806e+00
1.477241e+00
4.118793e-01
1.149598e-01
4.254465e-02
8.510000e-01
4.763441e+01
6.351046e+01
4.554444e-01
1.398080e+00
5.005562e-01
3.623712e-02
5.363764e-02
2.629250e+01
4.004385e+01
1.963883e+01
1.442109e+01
5.402672e+00
1.619556e+00
5.004271e-01
1.725898e-01
0.000000e+00
0.000000e+00
0.000000e+00
0.000000e+00
0.000000e+00
0.000000e+00
0.000000e+00
0.000000e+00
0.000000e+00
0.000000e+00
0.000000e+00
0.000000e+00
0.000000e+00
0.000000e+00
0.000000e+00
0.000000e+00
1.155300e-01
4.509378e-02
4.822225e-02
2.033049e-02
1.067489e-02
3.292468e-03
9.978815e-04
3.036659e-04
