2.679500e-02
0.000000e+00
4.242590e-02
0.000000e+00
3.348772e-03
0.000000e+00
0.000000e+00
1.290091e-04
0.000000e+00
8.177012e-02
0.000000e+00
1.176306e-02
0.000000e+00
6.080612e-04
9.308677e-05
0.000000e+00
1.327800e-02
0.000000e+00
0.000000e+00
8.086719e-03
0.000000e+00
3.188331e-04
2.712477e-04
0.000000e+00
1.399627e+01
1.305516e+01
9.865487e+00
2.847134e+00
6.706761e-01
2.443862e-01
6.644646e-02
1.554544e-02
2.317000e+00
2.761345e+01
3.817830e+00
2.978488e+00
4.524530e-01
1.032998e-01
1.328507e-01
1.040260e-02
3.063770e+01
8.810776e+01
3.772462e+01
1.012562e+01
2.883551e+00
8.519781e-01
2.617296e-01
8.902156e-02
0.000000e+00
0.000000e+00
0.000000e+00
0.000000e+00
0.000000e+00
0.000000e+00
0.000000e+00
0.000000e+00
0.000000e+00
0.000000e+00
0.000000e+00
0.000000e+00
0.000000e+00
0.000000e+00
0.000000e+00
0.000000e+00
1.301400e-01
4.537548e-02
7.371365e-02
2.206291e-02
6.108693e-03
1.751765e-03
5.196948e-04
1.552056e-04
