6.648400e-02
0.000000e+00
6.547021e-02
0.000000e+00
0.000000e+00
1.564505e-03
0.000000e+00
1.736320e-05
0.000000e+00
1.593611e-01
0.000000e+00
5.113222e-03
2.465894e-03
0.000000e+00
4.064690e-04
0.000000e+00
0.000000e+00
2.506521e-02
0.000000e+00
0.000000e+00
1.831325e-03
0.000000e+00
1.133091e-04
7.385878e-05
1.263840e+01
1.545196e+01
9.001696e+00
2.690917e+00
8.393821e-01
1.600330e-01
7.845719e-02
1.954585e-02
2.278000e+00
3.421036e+01
3.883361e+00
1.765109e+00
8.457381e-01
1.105955e-01
3.973853e-02
4.092223e-02
3.063410e+01
8.811585e+01
3.771210e+01
1.011958e+01
2.878049e+00
8.509828e-01
2.626637e-01
8.360115e-02
0.000000e+00
0.000000e+00
0.000000e+00
0.000000e+00
0.000000e+00
0.000000e+00
0.000000e+00
0.000000e+00
0.000000e+00
0.000000e+00
0.000000e+00
0.000000e+00
0.000000e+00
0.000000e+00
0.000000e+00
0.000000e+00
1.303900e-01
4.550697e-02
7.389442e-02
2.212883e-02
6.143949e-03
1.767057e-03
5.300614e-04
1.633210e-04
