1.622620e-01
0.000000e+00
6.200943e-02
1.355625e-02
0.000000e+00
0.000000e+00
2.816303e-03
0.000000e+00
0.000000e+00
2.094804e-01
0.000000e+00
0.000000e+00
9.017857e-03
4.087882e-03
0.000000e+00
0.000000e+00
0.000000e+00
1.895772e-02
2.412948e-02
0.000000e+00
4.816915e-03
5.786999e-03
6.401338e-04
0.000000e+00
8.339318e+00
1.883477e+01
9.446325e+00
2.829887e+00
2.747178e+00
1.271039e+00
9.467575e-02
0.000000e+00
2.197600e+01
7.736451e+01
6.383549e+01
1.394712e+01
1.194000e+01
1.656116e+00
6.418221e-02
0.000000e+00
2.875790e+01
8.471936e+01
2.044344e+01
6.550027e+00
5.409442e+00
2.616448e+00
2.995852e-01
0.000000e+00
0.000000e+00
0.000000e+00
0.000000e+00
0.000000e+00
0.000000e+00
0.000000e+00
0.000000e+00
0.000000e+00
0.000000e+00
0.000000e+00
0.000000e+00
0.000000e+00
0.000000e+00
0.000000e+00
0.000000e+00
0.000000e+00
1.226900e-01
4.169265e-02
6.431657e-02
7.767262e-03
3.304550e-03
7.165668e-03
6.905560e-04
0.000000e+00
