2.671060e-01
0.000000e+00
9.578939e-02
2.963298e-03
0.000000e+00
8.802159e-03
0.000000e+00
9.334483e-04
0.000000e+00
2.946959e-01
0.000000e+00
0.000000e+00
3.296462e-02
0.000000e+00
2.039973e-03
0.000000e+00
0.000000e+00
1.143564e-01
0.000000e+00
1.707038e-03
1.717940e-02
4.961386e-03
6.155532e-04
8.956136e-05
4.341403e+00
1.978957e+01
9.458244e+00
7.855615e+00
5.530753e+00
2.104241e+00
3.495199e-01
1.602275e-02
3.496000e+00
1.267876e+01
1.085557e+02
8.640122e+01
6.426777e+00
8.888999e+00
3.478737e-01
3.139732e-02
2.243220e+01
3.132624e+01
2.347821e+01
1.501864e+01
1.098631e+01
4.166053e+00
8.401955e-01
5.761744e-02
0.000000e+00
0.000000e+00
0.000000e+00
0.000000e+00
0.000000e+00
0.000000e+00
0.000000e+00
0.000000e+00
0.000000e+00
0.000000e+00
0.000000e+00
0.000000e+00
0.000000e+00
0.000000e+00
0.000000e+00
9.079618e-05
9.367000e-02
3.188032e-02
2.229080e-02
1.644304e-02
1.523755e-02
7.380740e-03
2.667332e-03
0.000000e+00
