1.567040e-01
0.000000e+00
4.796254e-03
4.448632e-04
0.000000e+00
7.083320e-03
0.000000e+00
0.000000e+00
0.000000e+00
1.361901e-01
0.000000e+00
0.000000e+00
4.025804e-03
0.000000e+00
2.915998e-03
1.939073e-04
3.365000e-03
8.872159e-02
0.000000e+00
4.532418e-02
0.000000e+00
1.419213e-03
0.000000e+00
1.251167e-03
6.271431e+00
2.024770e+01
1.047076e+01
8.269387e+00
2.824211e+00
1.130104e+00
4.086521e-01
3.909747e-01
7.234000e+00
5.582389e+01
2.878090e+01
4.517466e+01
6.683443e+00
5.080978e+00
2.671564e+00
7.002030e-01
2.397630e+01
3.183239e+01
2.755966e+01
1.381917e+01
1.733433e+01
6.130313e+00
2.313606e+00
7.184050e-01
0.000000e+00
0.000000e+00
0.000000e+00
0.000000e+00
0.000000e+00
0.000000e+00
0.000000e+00
0.000000e+00
0.000000e+00
0.000000e+00
0.000000e+00
0.000000e+00
0.000000e+00
0.000000e+00
0.000000e+00
0.000000e+00
1.019200e-01
3.455146e-02
2.798855e-02
2.546918e-02
1.009559e-02
1.484973e-03
1.798091e-03
1.875320e-03
