4.020280e-01
0.000000e+00
1.425524e-01
0.000000e+00
0.000000e+00
6.891211e-03
0.000000e+00
0.000000e+00
0.000000e+00
3.505801e-01
0.000000e+00
9.974407e-02
4.108310e-03
0.000000e+00
4.999887e-04
1.515737e-03
4.895700e-02
5.250167e-03
0.000000e+00
3.205209e-02
0.000000e+00
2.297713e-03
8.925049e-05
8.407381e-04
8.519585e+00
1.579992e+01
8.325762e+00
5.857381e+00
1.825343e+00
3.396502e-01
4.356042e-01
2.608178e-01
1.212700e+01
2.208185e+01
1.027128e+02
2.346788e+00
6.844682e+00
1.434193e+00
3.156876e+00
3.607201e-01
2.590020e+01
8.724343e+01
5.488457e+00
2.842866e+00
3.025431e+00
1.705971e+00
6.483475e-01
9.734519e-01
0.000000e+00
0.000000e+00
0.000000e+00
0.000000e+00
0.000000e+00
0.000000e+00
0.000000e+00
0.000000e+00
3.090000e-02
0.000000e+00
5.488481e-03
0.000000e+00
0.000000e+00
0.000000e+00
0.000000e+00
0.000000e+00
0.000000e+00
4.123358e-02
0.000000e+00
2.414814e-02
5.292068e-03
2.771718e-03
4.618187e-04
7.685817e-04
