6.075500e-02
8.837137e-03
0.000000e+00
2.212001e-02
0.000000e+00
9.915519e-03
0.000000e+00
1.564791e-03
0.000000e+00
0.000000e+00
2.631314e-02
0.000000e+00
1.733983e-02
0.000000e+00
6.494945e-03
0.000000e+00
3.729500e-02
0.000000e+00
4.642110e-02
3.236122e-03
1.389395e-03
2.254217e-03
2.482290e-03
1.399945e-04
8.681988e+00
1.600852e+01
9.159286e+00
2.343969e+00
1.855215e+00
9.781763e-01
4.769749e-01
6.216041e-02
3.202000e+00
4.397327e+01
4.882329e+00
1.857017e+01
3.989565e+00
8.180435e+00
9.975282e-01
8.766484e-02
2.783860e+01
7.009966e+01
5.721674e+01
3.292621e+00
4.241498e+00
1.362053e+00
5.949351e-01
1.992437e-01
0.000000e+00
0.000000e+00
0.000000e+00
0.000000e+00
0.000000e+00
0.000000e+00
0.000000e+00
0.000000e+00
0.000000e+00
1.152150e-03
0.000000e+00
0.000000e+00
0.000000e+00
0.000000e+00
0.000000e+00
0.000000e+00
8.489000e-02
0.000000e+00
4.863240e-02
5.387210e-04
3.400244e-03
1.827461e-03
1.794224e-03
8.273122e-04
