2.002110e-01
0.000000e+00
3.312577e-02
6.767223e-03
0.000000e+00
0.000000e+00
0.000000e+00
0.000000e+00
0.000000e+00
1.363028e-01
0.000000e+00
0.000000e+00
1.663498e-02
3.302407e-03
0.000000e+00
0.000000e+00
2.845100e-02
1.447726e-02
3.164770e-03
7.949617e-03
1.965182e-02
4.395065e-03
0.000000e+00
0.000000e+00
5.424605e+00
1.842233e+01
9.887522e+00
7.191828e+00
4.366531e+00
9.382047e-01
0.000000e+00
0.000000e+00
7.115000e+00
7.256442e+01
5.497639e+01
3.718714e+01
7.683086e+00
4.778025e-01
0.000000e+00
0.000000e+00
2.260640e+01
3.155440e+01
2.334971e+01
1.188856e+01
7.128855e+00
0.000000e+00
0.000000e+00
0.000000e+00
0.000000e+00
0.000000e+00
0.000000e+00
0.000000e+00
0.000000e+00
2.158444e-01
0.000000e+00
0.000000e+00
0.000000e+00
0.000000e+00
0.000000e+00
0.000000e+00
0.000000e+00
0.000000e+00
0.000000e+00
0.000000e+00
9.192000e-02
2.736794e-02
1.866114e-02
1.361423e-02
9.706929e-03
3.032406e-03
0.000000e+00
0.000000e+00
