2.074080e-01
0.000000e+00
1.782421e-01
0.000000e+00
0.000000e+00
8.975886e-03
0.000000e+00
1.309718e-03
0.000000e+00
4.162728e-01
0.000000e+00
4.380423e-02
2.055907e-05
0.000000e+00
3.695593e-03
0.000000e+00
4.719100e-02
2.009948e-02
1.351967e-02
1.395392e-02
7.505388e-03
0.000000e+00
2.292230e-03
0.000000e+00
6.271431e+00
2.153813e+01
4.405610e+00
4.334597e+00
1.956794e+00
6.565435e-01
2.075409e-01
5.238575e-02
5.776000e+00
1.323602e+01
2.469675e+01
1.825335e+01
3.511708e+00
7.416704e+00
1.357728e-01
1.371866e-01
2.910870e+01
8.461760e+01
2.322374e+01
6.957802e+00
5.356503e+00
1.319265e+00
1.178729e+00
3.467510e-01
0.000000e+00
0.000000e+00
0.000000e+00
0.000000e+00
0.000000e+00
0.000000e+00
0.000000e+00
0.000000e+00
0.000000e+00
0.000000e+00
0.000000e+00
0.000000e+00
0.000000e+00
0.000000e+00
0.000000e+00
0.000000e+00
1.251900e-01
4.214998e-02
7.151465e-02
9.618440e-03
9.701348e-03
3.327014e-03
2.737540e-04
2.062384e-04
