8.919900e-02
0.000000e+00
1.633946e-02
3.866493e-03
0.000000e+00
2.056361e-03
0.000000e+00
0.000000e+00
0.000000e+00
1.330351e-01
0.000000e+00
0.000000e+00
7.064486e-05
0.000000e+00
0.000000e+00
0.000000e+00
4.833400e-02
6.130426e-02
1.170399e-01
0.000000e+00
7.254467e-03
0.000000e+00
0.000000e+00
0.000000e+00
9.438363e+00
2.089891e+01
1.243426e+01
2.234637e+00
1.019455e+00
2.884866e-01
0.000000e+00
0.000000e+00
9.090000e-01
5.722472e+01
4.160150e+01
1.053908e+01
1.561488e-01
2.145081e-01
0.000000e+00
0.000000e+00
2.940430e+01
9.274548e+01
1.178537e+02
1.092672e+01
5.198403e+00
8.604976e-01
0.000000e+00
0.000000e+00
0.000000e+00
0.000000e+00
0.000000e+00
0.000000e+00
0.000000e+00
0.000000e+00
0.000000e+00
0.000000e+00
0.000000e+00
0.000000e+00
0.000000e+00
0.000000e+00
0.000000e+00
0.000000e+00
0.000000e+00
0.000000e+00
1.061500e-01
2.701911e-02
5.972512e-02
5.082740e-03
8.587847e-03
3.366951e-03
0.000000e+00
0.000000e+00
