1.098470e-01
0.000000e+00
7.384609e-02
0.000000e+00
4.145570e-03
0.000000e+00
1.362069e-03
0.000000e+00
0.000000e+00
2.078635e-01
0.000000e+00
5.457343e-03
0.000000e+00
4.554409e-03
0.000000e+00
0.000000e+00
5.870700e-02
2.294402e-02
0.000000e+00
8.118070e-03
5.526915e-03
5.042835e-03
0.000000e+00
0.000000e+00
1.005612e+01
1.763469e+01
8.021171e+00
3.011498e+00
6.524655e-01
3.330714e-01
1.563164e-02
0.000000e+00
1.607000e+00
2.215605e+01
9.535417e+00
1.148401e+00
2.908670e+00
9.816698e-01
5.683956e-02
0.000000e+00
3.032340e+01
8.873490e+01
3.712300e+01
1.051340e+01
2.351428e+00
1.199743e+00
1.325032e-01
0.000000e+00
0.000000e+00
0.000000e+00
0.000000e+00
0.000000e+00
0.000000e+00
0.000000e+00
0.000000e+00
0.000000e+00
0.000000e+00
0.000000e+00
0.000000e+00
0.000000e+00
0.000000e+00
0.000000e+00
0.000000e+00
0.000000e+00
1.202900e-01
3.920907e-02
6.756596e-02
1.875609e-02
4.740901e-03
8.689753e-04
2.190095e-04
0.000000e+00
