0.000000e+00
2.637969e-01
0.000000e+00
1.196567e-02
6.294332e-03
0.000000e+00
0.000000e+00
0.000000e+00
7.133200e-02
0.000000e+00
1.248262e-01
0.000000e+00
0.000000e+00
1.426380e-04
0.000000e+00
0.000000e+00
7.112600e-02
0.000000e+00
1.225050e-01
3.000956e-02
0.000000e+00
5.368319e-03
0.000000e+00
0.000000e+00
1.209535e+01
5.426502e+00
1.150458e+01
5.532859e+00
5.446698e-01
3.822974e-01
0.000000e+00
0.000000e+00
1.694400e+01
1.657889e+00
3.266482e+01
1.283149e+01
2.375258e-01
3.055034e-01
0.000000e+00
0.000000e+00
2.917020e+01
8.237829e+01
3.831104e+01
1.286331e+01
4.589467e+00
9.100009e-01
0.000000e+00
0.000000e+00
0.000000e+00
0.000000e+00
0.000000e+00
0.000000e+00
0.000000e+00
0.000000e+00
0.000000e+00
0.000000e+00
0.000000e+00
0.000000e+00
0.000000e+00
0.000000e+00
0.000000e+00
0.000000e+00
0.000000e+00
0.000000e+00
1.309600e-01
4.110845e-02
5.283504e-02
3.929167e-02
5.746944e-03
3.685673e-03
0.000000e+00
0.000000e+00
