1.049740e-01
0.000000e+00
1.327040e-01
0.000000e+00
2.180916e-02
0.000000e+00
1.253280e-03
0.000000e+00
0.000000e+00
2.330940e-01
0.000000e+00
4.899752e-02
0.000000e+00
5.677117e-03
0.000000e+00
4.290575e-04
5.251500e-02
0.000000e+00
0.000000e+00
2.159624e-02
0.000000e+00
3.759119e-03
0.000000e+00
2.424425e-04
1.156809e+01
1.477008e+01
7.667518e+00
3.428585e+00
1.208338e+00
2.976315e-01
7.895076e-02
5.435671e-02
2.847000e+00
3.068181e+01
1.098846e+01
1.106344e+00
6.296285e+00
9.142181e-02
7.815045e-01
3.220321e-02
3.078720e+01
8.435085e+01
3.738402e+01
1.345956e+01
2.634293e+00
0.000000e+00
1.857257e-01
2.673339e-01
0.000000e+00
0.000000e+00
0.000000e+00
0.000000e+00
0.000000e+00
4.445884e-01
0.000000e+00
0.000000e+00
0.000000e+00
0.000000e+00
0.000000e+00
0.000000e+00
0.000000e+00
0.000000e+00
0.000000e+00
6.215234e-05
1.157900e-01
3.951278e-02
6.390087e-02
1.355172e-02
9.303722e-03
7.978897e-04
1.551715e-05
0.000000e+00
