3.659940e-01
0.000000e+00
1.776490e-01
0.000000e+00
2.093037e-02
0.000000e+00
5.899664e-03
0.000000e+00
0.000000e+00
4.362355e-01
0.000000e+00
4.932707e-02
0.000000e+00
7.307856e-03
0.000000e+00
3.731659e-03
2.804300e-02
9.543931e-02
8.856136e-04
1.530674e-02
3.324747e-03
6.976794e-04
0.000000e+00
1.042029e-03
5.218257e+00
1.628017e+01
7.559376e+00
5.231912e+00
2.450644e+00
1.202632e+00
2.699108e-01
2.140306e-01
1.960000e-01
1.208107e+01
9.242222e+01
1.651135e+01
1.592591e+01
6.249992e-01
4.392350e+00
1.238485e-01
2.799070e+01
1.049055e+02
1.754562e+01
1.262312e+01
6.158416e+00
2.488239e+00
1.684232e+00
1.075900e+00
0.000000e+00
0.000000e+00
0.000000e+00
0.000000e+00
0.000000e+00
0.000000e+00
0.000000e+00
0.000000e+00
0.000000e+00
0.000000e+00
0.000000e+00
0.000000e+00
0.000000e+00
0.000000e+00
1.120988e-03
0.000000e+00
9.460000e-03
1.055831e-02
5.184466e-03
9.309170e-03
7.779040e-03
3.608509e-03
0.000000e+00
7.151677e-04
