1.790240e-01
0.000000e+00
1.946064e-01
0.000000e+00
8.911461e-03
7.061262e-05
3.388162e-05
0.000000e+00
0.000000e+00
3.876768e-01
0.000000e+00
3.708446e-02
0.000000e+00
0.000000e+00
0.000000e+00
8.988651e-04
1.710700e-02
6.695048e-02
0.000000e+00
9.677708e-03
2.282086e-03
0.000000e+00
6.923198e-04
6.801931e-04
9.899227e+00
2.031339e+01
6.079379e+00
2.917733e+00
1.434455e+00
2.909828e-01
3.444800e-01
1.422872e-01
1.632000e+00
3.370096e+01
3.619149e+00
4.703421e+00
1.023202e+01
3.599733e-01
1.913005e+00
1.306825e-01
3.039080e+01
8.549022e+01
3.119367e+01
1.625781e+01
2.406786e+00
1.063097e+00
4.604489e-01
2.836827e-01
0.000000e+00
0.000000e+00
0.000000e+00
0.000000e+00
0.000000e+00
0.000000e+00
0.000000e+00
0.000000e+00
0.000000e+00
0.000000e+00
0.000000e+00
0.000000e+00
0.000000e+00
0.000000e+00
0.000000e+00
0.000000e+00
1.135500e-01
4.080206e-02
5.880908e-02
1.414533e-02
6.553418e-03
1.071880e-03
5.554650e-04
6.535089e-04
