0.000000e+00
1.352811e-01
0.000000e+00
3.909081e-03
6.794229e-03
0.000000e+00
3.277684e-04
0.000000e+00
4.489700e-02
0.000000e+00
5.902802e-02
0.000000e+00
0.000000e+00
2.136858e-03
0.000000e+00
1.641064e-04
3.747100e-02
0.000000e+00
1.527993e-02
7.790207e-03
0.000000e+00
2.597805e-03
5.423045e-04
0.000000e+00
1.346938e+01
7.067481e+00
1.152449e+01
4.886221e+00
1.163877e+00
4.312085e-01
1.237939e-01
5.523712e-02
3.951000e+00
1.332360e+01
1.211708e+01
6.004101e+00
7.384216e-01
5.837713e-01
6.385190e-01
1.391763e-02
3.033560e+01
7.752069e+01
4.962134e+01
1.925709e+01
5.510016e+00
1.470427e+00
5.396184e-01
2.409992e-01
0.000000e+00
0.000000e+00
0.000000e+00
0.000000e+00
0.000000e+00
0.000000e+00
0.000000e+00
0.000000e+00
0.000000e+00
0.000000e+00
0.000000e+00
0.000000e+00
0.000000e+00
0.000000e+00
0.000000e+00
0.000000e+00
1.362800e-01
4.582797e-02
5.407981e-02
4.141029e-02
1.112409e-02
3.106519e-03
7.790637e-04
2.038951e-04
