1.695460e-01
0.000000e+00
6.810608e-02
0.000000e+00
2.954468e-02
0.000000e+00
4.020833e-04
0.000000e+00
0.000000e+00
1.718300e-01
0.000000e+00
5.625200e-02
0.000000e+00
7.123265e-03
0.000000e+00
3.745178e-04
2.660300e-02
7.010726e-03
1.198133e-02
2.185331e-02
0.000000e+00
9.716177e-03
4.382649e-04
8.618443e-05
8.240277e+00
1.809732e+01
1.252314e+01
7.646560e+00
3.713775e+00
1.278730e+00
3.485820e-01
1.563657e-01
4.554000e+00
3.359310e+01
1.389514e+02
1.971509e+01
3.395174e+01
1.747250e+00
1.837465e+00
1.430949e-01
2.427820e+01
3.937641e+01
2.120758e+01
2.002005e+01
6.445855e+00
6.620088e-01
6.179857e-01
3.416253e-01
0.000000e+00
0.000000e+00
0.000000e+00
0.000000e+00
0.000000e+00
0.000000e+00
0.000000e+00
0.000000e+00
0.000000e+00
0.000000e+00
0.000000e+00
0.000000e+00
0.000000e+00
0.000000e+00
0.000000e+00
0.000000e+00
8.450000e-02
3.135673e-02
1.467279e-02
1.982339e-02
8.058808e-03
6.257957e-03
9.567696e-04
6.518768e-04
