5.632800e-02
5.090210e-02
0.000000e+00
7.075687e-02
0.000000e+00
6.910480e-03
0.000000e+00
2.962162e-04
0.000000e+00
0.000000e+00
9.368627e-02
0.000000e+00
3.022573e-02
0.000000e+00
2.410144e-03
0.000000e+00
4.249800e-02
0.000000e+00
2.180100e-02
0.000000e+00
1.355837e-03
8.093311e-04
3.059318e-04
5.394826e-05
7.076588e+00
1.754984e+01
9.655538e+00
4.255053e+00
2.094892e+00
5.297197e-01
1.741077e-01
3.276521e-02
2.600000e+00
1.744669e+01
1.206647e+01
1.689619e+01
2.113066e+00
2.323327e+00
1.527564e-01
2.272750e-01
2.744630e+01
7.526472e+01
5.171684e+01
1.498224e+01
6.720656e+00
2.339940e+00
7.516302e-01
7.260598e-02
0.000000e+00
0.000000e+00
0.000000e+00
0.000000e+00
0.000000e+00
0.000000e+00
0.000000e+00
0.000000e+00
0.000000e+00
0.000000e+00
0.000000e+00
0.000000e+00
0.000000e+00
0.000000e+00
0.000000e+00
0.000000e+00
1.113900e-01
1.629848e-02
3.616238e-02
1.626662e-02
9.175828e-03
1.414248e-03
6.344114e-04
9.119747e-05
