0.000000e+00
1.104990e-01
0.000000e+00
0.000000e+00
9.611601e-03
0.000000e+00
2.176762e-03
0.000000e+00
6.276000e-03
0.000000e+00
4.957041e-02
1.160067e-02
0.000000e+00
4.256129e-03
0.000000e+00
0.000000e+00
6.437400e-02
1.415949e-02
0.000000e+00
3.190273e-02
2.801804e-03
7.156610e-04
5.511706e-04
0.000000e+00
1.103239e+01
1.239057e+01
9.795145e+00
5.744610e+00
1.428210e+00
3.683058e-01
1.501811e-01
0.000000e+00
6.395000e+00
4.092731e+00
2.674136e+01
1.456281e+01
2.683225e+00
1.646433e-01
6.059270e-02
0.000000e+00
2.788860e+01
7.156965e+01
7.961895e+01
3.566566e+01
5.105233e+00
2.952400e+00
3.800779e-01
0.000000e+00
0.000000e+00
0.000000e+00
0.000000e+00
0.000000e+00
0.000000e+00
0.000000e+00
0.000000e+00
0.000000e+00
0.000000e+00
0.000000e+00
0.000000e+00
0.000000e+00
0.000000e+00
0.000000e+00
0.000000e+00
0.000000e+00
1.134000e-01
1.164469e-02
4.976993e-02
2.111708e-02
9.630877e-03
2.072382e-03
9.660346e-04
0.000000e+00
