1.682820e-01
0.000000e+00
1.173850e-02
0.000000e+00
0.000000e+00
0.000000e+00
0.000000e+00
0.000000e+00
0.000000e+00
1.248589e-01
0.000000e+00
0.000000e+00
0.000000e+00
0.000000e+00
0.000000e+00
0.000000e+00
1.580670e-01
0.000000e+00
3.054954e-01
0.000000e+00
0.000000e+00
0.000000e+00
0.000000e+00
0.000000e+00
4.932651e+00
2.052383e+01
1.898352e+01
0.000000e+00
0.000000e+00
0.000000e+00
0.000000e+00
0.000000e+00
3.303400e+01
3.698838e+02
8.174892e+01
0.000000e+00
0.000000e+00
0.000000e+00
0.000000e+00
0.000000e+00
1.826260e+01
0.000000e+00
0.000000e+00
0.000000e+00
0.000000e+00
0.000000e+00
0.000000e+00
0.000000e+00
0.000000e+00
7.975374e+01
4.474340e+02
0.000000e+00
0.000000e+00
0.000000e+00
0.000000e+00
0.000000e+00
0.000000e+00
0.000000e+00
0.000000e+00
0.000000e+00
0.000000e+00
0.000000e+00
0.000000e+00
0.000000e+00
6.963000e-02
3.483184e-03
2.798981e-02
0.000000e+00
0.000000e+00
0.000000e+00
0.000000e+00
0.000000e+00
