2.127130e-01
0.000000e+00
7.913912e-02
0.000000e+00
0.000000e+00
3.729835e-03
0.000000e+00
6.534047e-04
0.000000e+00
1.913873e-01
0.000000e+00
1.557004e-02
1.684554e-02
0.000000e+00
1.825830e-03
0.000000e+00
0.000000e+00
5.519776e-02
0.000000e+00
1.460316e-02
5.710368e-03
1.173650e-03
9.785879e-04
2.725653e-05
5.306038e+00
1.884870e+01
9.124367e+00
8.415104e+00
4.723209e+00
7.032311e-01
2.185802e-01
1.261798e-02
1.089800e+01
5.478633e+01
1.191009e+02
8.368938e+01
2.012606e+01
3.326555e+00
1.787634e-01
8.110787e-03
2.254380e+01
3.351900e+01
1.591240e+01
6.976887e+00
0.000000e+00
1.664631e+00
6.976879e-01
6.311296e-02
0.000000e+00
0.000000e+00
0.000000e+00
0.000000e+00
4.069292e+00
0.000000e+00
0.000000e+00
0.000000e+00
0.000000e+00
0.000000e+00
0.000000e+00
0.000000e+00
0.000000e+00
0.000000e+00
0.000000e+00
0.000000e+00
8.049000e-02
2.418162e-02
1.359514e-02
3.050242e-03
1.565693e-02
2.915467e-03
8.136324e-04
1.226416e-04
