7.649500e-02
0.000000e+00
5.670551e-02
0.000000e+00
2.888181e-02
0.000000e+00
0.000000e+00
0.000000e+00
0.000000e+00
7.205343e-02
0.000000e+00
8.994551e-02
0.000000e+00
0.000000e+00
0.000000e+00
0.000000e+00
1.050860e-01
0.000000e+00
1.884452e-02
4.765587e-02
4.951071e-03
0.000000e+00
0.000000e+00
0.000000e+00
9.503306e+00
1.799918e+01
1.074750e+01
9.756625e+00
1.065799e+00
0.000000e+00
0.000000e+00
0.000000e+00
3.727000e+00
3.960223e+00
9.514776e+01
1.173798e+01
2.854936e-01
0.000000e+00
0.000000e+00
0.000000e+00
2.776190e+01
6.681965e+01
2.978191e+01
2.308190e+01
4.406583e+00
0.000000e+00
0.000000e+00
0.000000e+00
0.000000e+00
0.000000e+00
0.000000e+00
0.000000e+00
0.000000e+00
0.000000e+00
0.000000e+00
0.000000e+00
0.000000e+00
0.000000e+00
0.000000e+00
0.000000e+00
0.000000e+00
0.000000e+00
0.000000e+00
0.000000e+00
1.158400e-01
3.518242e-02
2.946764e-02
3.058413e-02
1.835909e-02
0.000000e+00
0.000000e+00
0.000000e+00
