2.043270e-01
0.000000e+00
2.171036e-01
0.000000e+00
4.052794e-02
0.000000e+00
3.504071e-03
0.000000e+00
0.000000e+00
3.926629e-01
0.000000e+00
8.371291e-02
0.000000e+00
2.454188e-02
0.000000e+00
0.000000e+00
3.180100e-02
6.986582e-02
0.000000e+00
4.765366e-02
0.000000e+00
1.052732e-02
7.915739e-04
0.000000e+00
8.887876e+00
2.121707e+01
5.959925e+00
4.264667e+00
9.372756e-01
1.128740e+00
1.380371e-01
0.000000e+00
1.014600e+01
6.107285e+00
3.329090e+01
4.831700e+00
1.387419e+01
1.273620e+00
6.314950e-02
0.000000e+00
2.961610e+01
8.480113e+01
1.785085e+01
8.379228e+00
2.341931e+00
2.229773e+00
4.927679e-01
0.000000e+00
0.000000e+00
0.000000e+00
0.000000e+00
0.000000e+00
0.000000e+00
0.000000e+00
0.000000e+00
0.000000e+00
0.000000e+00
0.000000e+00
0.000000e+00
0.000000e+00
0.000000e+00
0.000000e+00
0.000000e+00
0.000000e+00
8.986000e-02
2.622725e-02
3.935136e-02
7.389180e-03
3.308212e-03
3.154649e-03
1.647786e-03
0.000000e+00
