2.652950e-01
0.000000e+00
2.560741e-01
0.000000e+00
6.780144e-03
2.065849e-03
0.000000e+00
1.173145e-04
0.000000e+00
5.812408e-01
0.000000e+00
3.659319e-02
0.000000e+00
0.000000e+00
1.114767e-03
0.000000e+00
0.000000e+00
2.611662e-01
0.000000e+00
4.018891e-04
1.068734e-02
0.000000e+00
0.000000e+00
3.247542e-04
5.590499e+00
2.575697e+01
6.030211e+00
2.413116e+00
2.153444e+00
6.643840e-02
1.337934e-01
6.631044e-02
3.880000e-01
1.056230e+02
4.121213e+00
2.431777e+01
1.238287e+00
3.016571e-01
7.712630e-01
8.604537e-02
3.165740e+01
1.004525e+02
6.669220e+01
1.653603e+01
9.239687e+00
2.935989e-01
2.074521e-01
2.201300e-01
0.000000e+00
0.000000e+00
0.000000e+00
0.000000e+00
0.000000e+00
0.000000e+00
0.000000e+00
0.000000e+00
0.000000e+00
0.000000e+00
0.000000e+00
0.000000e+00
0.000000e+00
0.000000e+00
0.000000e+00
0.000000e+00
1.139200e-01
5.093364e-02
6.259250e-02
9.040775e-03
1.424564e-02
3.219382e-04
2.718742e-04
2.802669e-04
