1.626990e-01
0.000000e+00
0.000000e+00
2.125621e-02
0.000000e+00
2.329946e-03
9.172366e-04
0.000000e+00
0.000000e+00
1.753822e-01
1.770594e-02
0.000000e+00
6.205813e-03
0.000000e+00
0.000000e+00
0.000000e+00
1.222080e-01
0.000000e+00
1.979851e-01
0.000000e+00
2.000851e-02
0.000000e+00
5.721313e-04
0.000000e+00
6.691633e+00
2.061362e+01
9.260944e+00
1.702040e+00
1.685254e+00
3.613945e-01
1.175718e-01
0.000000e+00
1.566000e+00
2.056684e+01
1.578981e+01
2.060508e+00
1.024986e+00
6.195500e-01
3.690262e-02
0.000000e+00
2.910930e+01
7.466126e+01
4.534480e+01
1.222781e+01
6.261754e+00
2.293876e+00
3.756852e-01
0.000000e+00
0.000000e+00
0.000000e+00
0.000000e+00
0.000000e+00
0.000000e+00
0.000000e+00
0.000000e+00
0.000000e+00
0.000000e+00
0.000000e+00
0.000000e+00
0.000000e+00
0.000000e+00
0.000000e+00
0.000000e+00
0.000000e+00
1.242300e-01
3.150340e-02
7.202183e-02
7.549253e-03
1.283861e-02
3.390623e-03
1.621681e-03
0.000000e+00
