2.691310e-01
0.000000e+00
2.309816e-01
0.000000e+00
0.000000e+00
3.855886e-03
0.000000e+00
2.830254e-04
0.000000e+00
4.367503e-01
0.000000e+00
6.780352e-02
1.864116e-03
0.000000e+00
1.636857e-03
0.000000e+00
0.000000e+00
2.355909e-02
2.554035e-03
7.425652e-03
2.416570e-03
0.000000e+00
3.264682e-04
2.657364e-04
4.432116e+00
2.233679e+01
7.787439e+00
4.139985e+00
7.287714e-01
1.194232e-01
1.729582e-01
8.295619e-02
9.910000e+00
1.810999e+00
7.834302e+01
2.117045e+00
2.300282e+00
6.434224e-01
1.126889e+00
1.567235e-01
2.908780e+01
7.529460e+01
5.118957e+01
1.991226e+01
1.289391e+00
5.916006e-01
2.679713e-01
2.190574e-01
0.000000e+00
0.000000e+00
0.000000e+00
0.000000e+00
0.000000e+00
0.000000e+00
0.000000e+00
0.000000e+00
0.000000e+00
0.000000e+00
0.000000e+00
0.000000e+00
0.000000e+00
0.000000e+00
0.000000e+00
0.000000e+00
7.985000e-02
2.537068e-02
2.458826e-02
1.790969e-02
2.157542e-03
1.089676e-03
3.192379e-04
3.333491e-04
