2.066400e-02
0.000000e+00
6.641289e-02
0.000000e+00
4.123387e-03
0.000000e+00
0.000000e+00
0.000000e+00
0.000000e+00
1.165333e-01
0.000000e+00
2.288176e-02
0.000000e+00
6.827914e-04
0.000000e+00
0.000000e+00
1.063360e-01
6.821223e-03
0.000000e+00
2.694696e-02
8.912517e-03
8.692444e-04
0.000000e+00
0.000000e+00
1.258600e+01
1.566082e+01
9.403075e+00
5.185660e+00
2.102891e+00
2.616974e-01
0.000000e+00
0.000000e+00
1.988000e+00
2.655659e+01
1.168946e+01
5.533763e+00
1.114768e+00
8.473610e-02
0.000000e+00
0.000000e+00
3.006230e+01
8.091910e+01
4.726456e+01
2.549744e+01
7.251774e+00
5.963937e-01
0.000000e+00
0.000000e+00
0.000000e+00
0.000000e+00
0.000000e+00
0.000000e+00
0.000000e+00
0.000000e+00
0.000000e+00
0.000000e+00
0.000000e+00
0.000000e+00
0.000000e+00
0.000000e+00
0.000000e+00
0.000000e+00
0.000000e+00
0.000000e+00
1.366000e-01
4.773194e-02
5.530561e-02
3.005004e-02
1.965720e-02
2.777778e-03
0.000000e+00
0.000000e+00
