1.172890e-01
0.000000e+00
0.000000e+00
3.297556e-02
4.420782e-03
0.000000e+00
3.542979e-03
0.000000e+00
0.000000e+00
1.895273e-02
1.060199e-01
0.000000e+00
0.000000e+00
1.422909e-03
0.000000e+00
3.342315e-03
2.761200e-02
4.235748e-02
1.818255e-02
1.242178e-02
0.000000e+00
5.208983e-03
0.000000e+00
1.123866e-03
8.681988e+00
1.737601e+01
1.495292e+01
5.746529e+00
2.854178e+00
1.050851e+00
3.085381e-01
2.198178e-01
7.556000e+00
7.170636e+01
2.335633e+01
6.286769e+01
1.970646e+01
4.842377e+00
4.536914e+00
1.613791e-01
2.393900e+01
3.383643e+01
2.531583e+01
1.372494e+01
7.082038e+00
2.501472e+00
5.451769e-01
8.567340e-01
0.000000e+00
0.000000e+00
0.000000e+00
0.000000e+00
0.000000e+00
0.000000e+00
0.000000e+00
0.000000e+00
0.000000e+00
0.000000e+00
0.000000e+00
0.000000e+00
0.000000e+00
0.000000e+00
0.000000e+00
0.000000e+00
1.108600e-01
3.950913e-02
2.968241e-02
3.074136e-02
9.675415e-03
4.313204e-03
6.776383e-04
5.305203e-04
