1.151140e-01
0.000000e+00
0.000000e+00
5.540135e-02
0.000000e+00
4.177274e-03
7.743492e-05
0.000000e+00
0.000000e+00
4.835793e-04
1.186015e-01
0.000000e+00
1.472537e-02
0.000000e+00
0.000000e+00
1.893754e-03
1.119400e-02
1.019170e-02
1.028782e-02
0.000000e+00
5.350350e-03
0.000000e+00
3.842671e-04
4.659897e-04
8.419120e+00
1.702265e+01
1.434293e+01
4.958086e+00
3.384613e+00
1.331863e+00
8.971423e-01
5.753893e-01
3.959000e+00
5.093849e+01
8.812077e+00
8.653047e+01
5.753364e+00
3.662862e+00
6.029663e+00
2.389588e+00
2.346330e+01
3.343476e+01
2.479148e+01
1.357967e+01
6.312450e+00
2.743463e+00
1.794305e+00
1.109488e+00
0.000000e+00
0.000000e+00
0.000000e+00
0.000000e+00
0.000000e+00
0.000000e+00
0.000000e+00
0.000000e+00
0.000000e+00
0.000000e+00
0.000000e+00
0.000000e+00
0.000000e+00
0.000000e+00
0.000000e+00
0.000000e+00
1.051800e-01
3.724241e-02
2.836156e-02
2.905758e-02
9.615810e-03
3.838460e-03
2.029238e-03
1.428233e-03
