1.932130e-01
0.000000e+00
3.361835e-02
0.000000e+00
0.000000e+00
8.628211e-03
0.000000e+00
1.084585e-04
0.000000e+00
1.858356e-01
0.000000e+00
3.640925e-03
1.888206e-02
0.000000e+00
3.137035e-04
0.000000e+00
0.000000e+00
5.541832e-02
2.585349e-02
0.000000e+00
5.119837e-03
4.717867e-03
0.000000e+00
1.885730e-04
5.948227e+00
1.897932e+01
1.124179e+01
7.361000e+00
5.198419e+00
1.340046e+00
3.214775e-01
2.146825e-01
4.287000e+00
2.765949e+01
8.528028e+01
3.781451e+01
8.403996e+00
3.095085e+00
6.436949e-01
5.173214e-01
2.480210e+01
3.151859e+01
2.258662e+01
2.033277e+01
1.187813e+01
3.053126e+00
1.241415e+00
6.596487e-01
0.000000e+00
0.000000e+00
0.000000e+00
0.000000e+00
0.000000e+00
0.000000e+00
0.000000e+00
0.000000e+00
0.000000e+00
0.000000e+00
0.000000e+00
0.000000e+00
0.000000e+00
0.000000e+00
0.000000e+00
0.000000e+00
1.150200e-01
4.284490e-02
3.017005e-02
2.101936e-02
2.167637e-02
9.097042e-03
9.649096e-04
1.218981e-03
