3.866880e-01
0.000000e+00
0.000000e+00
8.643190e-02
0.000000e+00
1.147320e-02
1.582608e-04
2.475834e-04
0.000000e+00
2.829351e-01
7.264937e-02
0.000000e+00
6.422397e-02
0.000000e+00
0.000000e+00
0.000000e+00
3.720900e-02
3.835006e-02
1.658119e-02
0.000000e+00
1.228880e-02
3.827208e-03
0.000000e+00
9.425030e-04
4.251937e+00
1.669203e+01
9.500205e+00
3.939544e+00
4.360529e+00
1.564205e+00
4.268542e-01
1.733965e-01
2.174000e+00
3.531648e+00
3.353270e+01
6.312234e+00
9.099904e+00
3.862845e+00
8.243417e-01
7.090537e-01
2.762070e+01
1.376718e+02
1.874356e+01
1.086139e+01
7.353120e+00
3.797998e+00
8.553492e-01
3.529215e-01
0.000000e+00
0.000000e+00
0.000000e+00
0.000000e+00
0.000000e+00
0.000000e+00
0.000000e+00
0.000000e+00
2.484000e-02
0.000000e+00
1.873826e-03
0.000000e+00
0.000000e+00
0.000000e+00
0.000000e+00
0.000000e+00
0.000000e+00
3.437496e-02
0.000000e+00
4.977771e-03
1.563365e-02
1.168603e-02
1.758143e-03
7.403623e-04
