5.940400e-02
2.036069e-02
2.475301e-02
0.000000e+00
0.000000e+00
0.000000e+00
0.000000e+00
0.000000e+00
0.000000e+00
0.000000e+00
0.000000e+00
1.954962e-02
0.000000e+00
0.000000e+00
0.000000e+00
0.000000e+00
2.861610e-01
0.000000e+00
3.245927e-01
0.000000e+00
0.000000e+00
0.000000e+00
0.000000e+00
0.000000e+00
1.422216e+01
6.461611e+00
1.691708e+01
2.361852e+00
0.000000e+00
0.000000e+00
0.000000e+00
0.000000e+00
8.690000e-01
3.836671e+01
2.811890e+01
2.042733e+00
0.000000e+00
0.000000e+00
0.000000e+00
0.000000e+00
3.014620e+01
8.633873e+01
3.839821e+01
4.995633e+01
0.000000e+00
0.000000e+00
0.000000e+00
0.000000e+00
0.000000e+00
0.000000e+00
0.000000e+00
0.000000e+00
0.000000e+00
0.000000e+00
0.000000e+00
0.000000e+00
0.000000e+00
0.000000e+00
0.000000e+00
0.000000e+00
0.000000e+00
0.000000e+00
0.000000e+00
0.000000e+00
7.174000e-02
2.894426e-02
2.014083e-02
1.302209e-02
0.000000e+00
0.000000e+00
0.000000e+00
0.000000e+00
