7.159400e-02
0.000000e+00
7.544431e-02
0.000000e+00
0.000000e+00
1.490198e-03
0.000000e+00
4.248722e-04
0.000000e+00
1.737885e-01
0.000000e+00
8.963100e-03
1.161404e-03
0.000000e+00
5.885360e-04
0.000000e+00
0.000000e+00
2.464077e-02
0.000000e+00
2.371374e-03
8.165712e-04
1.365339e-05
1.697737e-04
2.084374e-05
1.237782e+01
1.589964e+01
8.400983e+00
2.855289e+00
7.881674e-01
1.997611e-01
7.474769e-02
2.034265e-02
2.996000e+00
2.080428e+01
6.173546e+00
1.769162e+00
4.943178e-01
2.823396e-01
2.867559e-02
7.691975e-02
3.063800e+01
8.812512e+01
3.772139e+01
1.014646e+01
2.877591e+00
9.038892e-01
2.837068e-01
1.306207e-01
0.000000e+00
0.000000e+00
0.000000e+00
0.000000e+00
0.000000e+00
0.000000e+00
0.000000e+00
0.000000e+00
0.000000e+00
0.000000e+00
0.000000e+00
0.000000e+00
0.000000e+00
0.000000e+00
0.000000e+00
0.000000e+00
1.272900e-01
4.394979e-02
7.188886e-02
2.133169e-02
5.822329e-03
1.601431e-03
4.757202e-04
7.938887e-05
