1.116960e-01
1.493758e-02
0.000000e+00
4.997310e-02
0.000000e+00
1.423252e-03
6.659626e-04
0.000000e+00
0.000000e+00
0.000000e+00
1.534080e-01
0.000000e+00
5.867427e-03
0.000000e+00
0.000000e+00
0.000000e+00
5.361500e-02
4.413570e-03
1.091920e-01
6.606081e-03
2.317160e-03
9.924605e-04
3.258605e-04
0.000000e+00
9.202772e+00
1.667092e+01
1.445377e+01
4.083309e+00
1.459646e+00
6.706024e-01
7.602857e-02
0.000000e+00
1.334000e+00
2.316357e+01
1.031811e+02
5.746697e+01
1.149889e+01
1.561200e+00
3.076420e-02
0.000000e+00
2.489160e+01
3.129852e+01
2.039679e+01
1.563425e+01
4.641931e+00
2.005084e+00
2.491682e-01
0.000000e+00
0.000000e+00
0.000000e+00
0.000000e+00
0.000000e+00
0.000000e+00
0.000000e+00
0.000000e+00
0.000000e+00
0.000000e+00
0.000000e+00
0.000000e+00
0.000000e+00
0.000000e+00
0.000000e+00
0.000000e+00
0.000000e+00
1.057100e-01
4.095451e-02
3.329041e-02
2.962132e-02
6.748497e-03
3.975838e-03
1.062940e-03
0.000000e+00
