1.240860e-01
0.000000e+00
1.653884e-01
0.000000e+00
2.082793e-02
0.000000e+00
2.038328e-03
8.366917e-05
0.000000e+00
2.843691e-01
0.000000e+00
5.397926e-02
0.000000e+00
5.195069e-03
0.000000e+00
0.000000e+00
2.584900e-02
4.291107e-02
0.000000e+00
1.899120e-02
0.000000e+00
3.361723e-03
0.000000e+00
1.763924e-04
1.282297e+01
1.607210e+01
1.039367e+01
3.485653e+00
1.427460e+00
5.528536e-01
1.161406e-01
2.180147e-02
5.820000e-01
1.053283e+02
1.941598e+00
1.795355e+01
3.371861e+00
1.039242e+00
6.269638e-01
1.692002e-02
3.125940e+01
9.988517e+01
6.550778e+01
1.350297e+01
4.192419e+00
8.865821e-01
3.737066e-01
4.765792e-02
0.000000e+00
0.000000e+00
0.000000e+00
0.000000e+00
0.000000e+00
0.000000e+00
0.000000e+00
0.000000e+00
0.000000e+00
0.000000e+00
0.000000e+00
0.000000e+00
0.000000e+00
0.000000e+00
0.000000e+00
0.000000e+00
1.163500e-01
5.232274e-02
6.438377e-02
9.479602e-03
1.238138e-02
1.962778e-03
8.241095e-04
2.166233e-04
