7.311600e-02
0.000000e+00
1.331432e-01
0.000000e+00
4.295415e-02
0.000000e+00
6.090923e-03
0.000000e+00
0.000000e+00
1.662093e-01
0.000000e+00
8.426487e-02
0.000000e+00
2.652991e-02
0.000000e+00
0.000000e+00
6.657400e-02
1.802544e-04
0.000000e+00
4.612456e-02
0.000000e+00
1.007933e-02
2.160304e-04
0.000000e+00
1.357919e+01
1.487776e+01
7.536792e+00
4.916906e+00
9.448562e-01
1.500656e+00
2.681894e-01
0.000000e+00
7.172000e+00
7.754469e+00
7.961270e+00
5.339419e+01
2.067481e+00
5.521619e+00
3.442635e-01
0.000000e+00
2.946510e+01
8.468442e+01
2.064084e+01
8.059870e+00
4.611947e+00
4.532671e+00
8.960706e-01
0.000000e+00
0.000000e+00
0.000000e+00
0.000000e+00
0.000000e+00
0.000000e+00
0.000000e+00
0.000000e+00
0.000000e+00
0.000000e+00
0.000000e+00
0.000000e+00
0.000000e+00
0.000000e+00
0.000000e+00
0.000000e+00
0.000000e+00
1.206600e-01
4.025726e-02
6.530825e-02
8.445609e-03
7.503401e-03
3.414554e-03
3.309715e-03
0.000000e+00
