4.156130e-01
0.000000e+00
1.119914e-01
0.000000e+00
0.000000e+00
0.000000e+00
5.796845e-03
0.000000e+00
0.000000e+00
3.523846e-01
0.000000e+00
5.773344e-02
1.220457e-02
2.733249e-03
0.000000e+00
2.711530e-03
7.150800e-02
9.799241e-02
0.000000e+00
5.577782e-02
0.000000e+00
8.756110e-03
0.000000e+00
7.605094e-05
7.624925e+00
1.564702e+01
8.770099e+00
4.643453e+00
2.527952e+00
1.240528e+00
3.610246e-01
1.440966e-01
4.388000e+00
4.810092e+00
1.102554e+02
2.074282e+00
2.291516e+01
2.085497e+00
1.946068e+00
1.099493e-01
2.576250e+01
8.910566e+01
5.300880e+00
0.000000e+00
2.983518e+00
1.093874e+01
7.471631e-01
5.991772e-01
0.000000e+00
0.000000e+00
0.000000e+00
7.937232e-01
0.000000e+00
0.000000e+00
0.000000e+00
0.000000e+00
4.041000e-02
0.000000e+00
9.779800e-03
0.000000e+00
0.000000e+00
0.000000e+00
0.000000e+00
0.000000e+00
0.000000e+00
3.586160e-02
0.000000e+00
2.080202e-02
1.969961e-03
3.142070e-03
1.621105e-03
2.051050e-04
