4.876100e-02
9.559484e-02
0.000000e+00
2.747430e-02
0.000000e+00
0.000000e+00
5.586410e-03
0.000000e+00
0.000000e+00
0.000000e+00
1.175407e-01
0.000000e+00
2.515004e-03
6.242004e-03
0.000000e+00
2.858524e-03
6.148000e-03
5.235394e-02
0.000000e+00
2.458536e-02
3.838541e-03
3.582249e-03
0.000000e+00
2.243506e-04
1.506138e+01
9.163713e+00
1.802401e+01
8.232916e+00
3.099849e+00
9.260382e-01
9.660904e-02
1.595874e-01
4.772000e+00
4.197414e+01
8.299517e+01
2.389987e+01
1.485776e+01
6.139373e-01
2.723512e+00
5.025281e-02
2.370060e+01
3.919363e+01
4.161583e+01
1.908053e+02
5.913896e+00
1.614419e+00
3.506217e-01
9.413566e-02
0.000000e+00
0.000000e+00
0.000000e+00
0.000000e+00
0.000000e+00
0.000000e+00
0.000000e+00
0.000000e+00
0.000000e+00
0.000000e+00
0.000000e+00
0.000000e+00
0.000000e+00
0.000000e+00
0.000000e+00
0.000000e+00
9.397000e-02
3.146053e-02
1.671170e-02
2.101428e-02
8.887941e-03
4.658777e-03
8.013681e-04
3.467471e-04
