5.210100e-02
0.000000e+00
5.426296e-03
2.396590e-02
0.000000e+00
2.281787e-03
1.174851e-03
2.249581e-04
0.000000e+00
8.435818e-02
0.000000e+00
0.000000e+00
9.181917e-03
0.000000e+00
0.000000e+00
0.000000e+00
0.000000e+00
1.111641e-02
1.570494e-02
0.000000e+00
8.930552e-03
0.000000e+00
8.487085e-04
7.502652e-05
7.347347e+00
1.949883e+01
8.783726e+00
2.345293e+00
1.847928e+00
9.232605e-01
1.795568e-01
5.762384e-02
7.410000e-01
8.472082e+01
1.133137e+01
1.203978e+01
6.272966e+00
4.385430e+00
1.241057e+00
2.243127e-02
2.781360e+01
6.995654e+01
5.432093e+01
4.535148e+00
3.615242e+00
1.414959e+00
6.035047e-01
8.765887e-02
0.000000e+00
0.000000e+00
0.000000e+00
0.000000e+00
0.000000e+00
0.000000e+00
0.000000e+00
0.000000e+00
0.000000e+00
0.000000e+00
0.000000e+00
0.000000e+00
0.000000e+00
0.000000e+00
0.000000e+00
0.000000e+00
1.028700e-01
9.083505e-03
5.721800e-02
1.202977e-03
2.544637e-03
1.312880e-03
4.077685e-04
3.168242e-04
