2.072900e-01
0.000000e+00
1.841627e-02
3.740797e-02
0.000000e+00
8.204171e-03
0.000000e+00
0.000000e+00
0.000000e+00
2.582555e-01
0.000000e+00
0.000000e+00
1.617494e-02
0.000000e+00
7.408218e-04
5.194025e-04
0.000000e+00
1.744831e-01
2.300656e-02
0.000000e+00
5.516250e-03
0.000000e+00
7.939409e-04
5.081676e-04
4.725424e+00
1.929949e+01
9.595529e+00
2.582399e+00
1.793651e+00
5.303877e-01
1.624733e-01
7.676141e-02
1.153000e+00
3.396033e+01
7.339152e+01
5.509774e-01
6.206566e+00
2.025898e-01
7.965428e-01
1.910131e-01
2.628200e+01
4.023835e+01
1.957517e+01
1.422954e+01
7.391451e+00
2.837255e+00
3.116313e-01
1.946276e-01
0.000000e+00
0.000000e+00
0.000000e+00
0.000000e+00
0.000000e+00
0.000000e+00
0.000000e+00
0.000000e+00
0.000000e+00
0.000000e+00
0.000000e+00
0.000000e+00
0.000000e+00
0.000000e+00
0.000000e+00
0.000000e+00
1.131000e-01
4.544930e-02
4.700016e-02
1.971273e-02
7.812755e-03
5.689760e-03
9.266516e-04
3.377081e-04
