1.727090e-01
0.000000e+00
0.000000e+00
4.967913e-02
0.000000e+00
5.925318e-03
0.000000e+00
0.000000e+00
0.000000e+00
6.897587e-02
8.758595e-02
0.000000e+00
1.670709e-02
0.000000e+00
1.196290e-03
4.407169e-05
3.059000e-02
3.086971e-02
0.000000e+00
8.775078e-03
7.278347e-03
0.000000e+00
1.152535e-03
2.560122e-04
7.347347e+00
1.676192e+01
1.455585e+01
3.239187e+00
1.492054e+00
5.419723e-01
2.729679e-01
1.436469e-01
1.686000e+00
6.992841e+01
2.463518e+01
2.220269e+01
2.441133e+00
4.448018e+00
6.683815e-01
2.229824e-01
2.763420e+01
7.650346e+01
5.661081e+01
8.883299e+00
2.927590e+00
1.339907e+00
5.218827e-01
2.903481e-01
0.000000e+00
0.000000e+00
0.000000e+00
0.000000e+00
0.000000e+00
0.000000e+00
0.000000e+00
0.000000e+00
0.000000e+00
0.000000e+00
0.000000e+00
0.000000e+00
0.000000e+00
0.000000e+00
0.000000e+00
0.000000e+00
8.081000e-02
2.526347e-02
1.959065e-02
2.222383e-02
3.645705e-03
2.949871e-03
8.352955e-04
6.400670e-04
