1.915720e-01
0.000000e+00
9.036051e-03
4.144950e-02
0.000000e+00
8.823677e-03
0.000000e+00
0.000000e+00
0.000000e+00
2.463434e-01
0.000000e+00
0.000000e+00
1.986383e-02
0.000000e+00
3.007910e-04
6.834991e-04
4.604700e-02
5.472046e-02
0.000000e+00
7.274883e-03
2.065169e-03
4.260713e-03
7.714220e-04
1.515140e-04
4.862916e+00
1.897123e+01
9.758816e+00
1.723991e+00
1.887172e+00
4.987658e-01
1.484516e-01
7.916389e-02
6.240000e-01
3.831517e+01
7.680006e+01
5.921366e-01
5.908274e+00
2.551686e-01
1.145079e+00
1.303841e-01
2.630930e+01
4.083711e+01
1.938128e+01
1.413609e+01
7.290084e+00
2.786022e+00
3.051094e-01
1.867753e-01
0.000000e+00
0.000000e+00
0.000000e+00
0.000000e+00
0.000000e+00
0.000000e+00
0.000000e+00
0.000000e+00
0.000000e+00
0.000000e+00
0.000000e+00
0.000000e+00
0.000000e+00
0.000000e+00
0.000000e+00
0.000000e+00
1.135900e-01
4.409123e-02
4.680272e-02
1.995097e-02
7.746075e-03
5.616245e-03
9.532734e-04
3.298589e-04
