3.528800e-02
2.672186e-02
0.000000e+00
2.395458e-02
0.000000e+00
0.000000e+00
3.658339e-03
0.000000e+00
0.000000e+00
0.000000e+00
1.187293e-02
0.000000e+00
8.945571e-03
6.345924e-03
0.000000e+00
2.015761e-03
3.455000e-02
2.620839e-03
6.422689e-03
8.940653e-03
0.000000e+00
5.327612e-03
0.000000e+00
2.263209e-03
1.044402e+01
1.415458e+01
8.769518e+00
2.496835e+00
1.205622e+00
4.765858e-01
1.990294e-01
1.731642e-01
9.070000e-01
1.636109e+01
1.190574e+01
1.670816e+01
5.299914e+00
1.874205e+00
4.770032e+00
6.806750e-01
2.888210e+01
8.491428e+01
3.625936e+01
3.071304e+00
9.564037e-01
3.452580e-01
4.902339e-01
1.156655e-02
0.000000e+00
0.000000e+00
0.000000e+00
0.000000e+00
0.000000e+00
0.000000e+00
0.000000e+00
0.000000e+00
0.000000e+00
0.000000e+00
0.000000e+00
0.000000e+00
0.000000e+00
0.000000e+00
2.784024e-05
0.000000e+00
9.534000e-02
1.346646e-02
4.735294e-02
3.339571e-04
3.929587e-03
5.403248e-04
0.000000e+00
3.200127e-04
