1.252580e-01
0.000000e+00
1.450221e-01
0.000000e+00
3.778409e-02
0.000000e+00
4.784083e-03
0.000000e+00
0.000000e+00
2.128759e-01
0.000000e+00
7.315031e-02
0.000000e+00
2.024779e-02
0.000000e+00
1.380722e-03
3.658600e-02
3.590187e-02
0.000000e+00
2.245378e-02
0.000000e+00
1.357510e-02
0.000000e+00
1.543847e-04
1.110445e+01
1.628997e+01
8.884359e+00
4.108690e+00
1.649883e+00
1.249544e+00
1.905423e-01
6.278832e-02
6.070000e-01
2.251519e+01
2.770858e+01
3.676545e+00
1.819362e+01
1.560093e+00
1.851064e+00
6.763848e-02
2.910350e+01
8.484680e+01
1.950322e+01
8.393149e+00
3.208616e+00
1.899454e+00
3.493748e-01
5.322541e-01
0.000000e+00
0.000000e+00
0.000000e+00
0.000000e+00
0.000000e+00
0.000000e+00
0.000000e+00
0.000000e+00
0.000000e+00
0.000000e+00
0.000000e+00
0.000000e+00
0.000000e+00
0.000000e+00
0.000000e+00
0.000000e+00
8.794000e-02
2.641521e-02
4.651663e-02
7.101349e-03
2.036092e-03
3.732996e-03
4.188634e-04
1.309637e-04
