1.762230e-01
0.000000e+00
0.000000e+00
1.561670e-03
0.000000e+00
1.724767e-02
0.000000e+00
3.525715e-03
0.000000e+00
9.742466e-02
1.266857e-02
0.000000e+00
1.196989e-02
0.000000e+00
1.316842e-02
0.000000e+00
7.880700e-02
0.000000e+00
1.181177e-01
0.000000e+00
5.881812e-02
0.000000e+00
1.011110e-02
0.000000e+00
5.059848e+00
1.763007e+01
1.337374e+01
6.802000e+00
3.624544e+00
7.747725e-01
8.259206e-01
6.698784e-02
4.176000e+00
2.712186e+01
3.455970e+01
7.832497e+01
2.891452e+00
8.558197e+00
5.560664e-01
7.084475e-02
2.412760e+01
4.136437e+01
2.175139e+01
2.886224e+01
5.061161e+00
1.774954e+00
2.123021e+00
3.778820e-01
0.000000e+00
0.000000e+00
0.000000e+00
0.000000e+00
0.000000e+00
0.000000e+00
0.000000e+00
0.000000e+00
0.000000e+00
0.000000e+00
0.000000e+00
0.000000e+00
0.000000e+00
0.000000e+00
0.000000e+00
0.000000e+00
1.044300e-01
3.906746e-02
1.698854e-02
2.316482e-02
8.430485e-03
2.063540e-03
2.030830e-03
1.390966e-03
