1.448370e-01
0.000000e+00
9.642812e-02
4.443939e-03
0.000000e+00
3.715709e-03
0.000000e+00
0.000000e+00
0.000000e+00
2.545971e-01
0.000000e+00
0.000000e+00
8.588553e-03
0.000000e+00
1.169596e-03
0.000000e+00
3.793600e-02
2.280796e-02
8.708094e-03
9.036765e-03
0.000000e+00
1.193215e-02
4.863144e-04
0.000000e+00
1.003360e+01
1.996604e+01
8.324557e+00
3.116096e+00
2.560809e+00
1.498482e+00
2.487458e-01
0.000000e+00
5.401000e+00
6.565242e+00
3.535121e+01
3.777746e+00
2.843625e+01
2.680800e+00
7.896844e-02
0.000000e+00
2.894970e+01
8.396251e+01
2.089959e+01
7.507110e+00
1.525688e-03
7.269847e+00
0.000000e+00
0.000000e+00
0.000000e+00
0.000000e+00
0.000000e+00
0.000000e+00
0.000000e+00
0.000000e+00
5.192258e-01
0.000000e+00
0.000000e+00
0.000000e+00
0.000000e+00
0.000000e+00
0.000000e+00
0.000000e+00
0.000000e+00
0.000000e+00
1.042600e-01
3.176921e-02
5.438350e-02
3.385122e-03
3.608975e-03
9.312202e-04
1.205980e-03
0.000000e+00
