7.447000e-03
0.000000e+00
1.084738e-03
2.718181e-02
0.000000e+00
4.082003e-03
0.000000e+00
1.153644e-04
0.000000e+00
4.082645e-03
0.000000e+00
0.000000e+00
2.071923e-02
0.000000e+00
3.768362e-04
0.000000e+00
2.902400e-02
0.000000e+00
1.230341e-02
1.223757e-03
1.024631e-02
8.973784e-04
1.472640e-04
3.508348e-05
1.142031e+01
1.472380e+01
8.314201e+00
5.363799e+00
2.433963e+00
4.205110e-01
8.660900e-02
2.457031e-02
2.759000e+00
2.236819e+01
8.822280e+00
1.088080e+01
1.356693e+00
3.059217e-01
5.915724e-02
1.763476e-02
3.008040e+01
8.287987e+01
4.953253e+01
2.917671e+01
1.295640e+01
1.607483e+00
3.360297e-01
1.063396e-01
0.000000e+00
0.000000e+00
0.000000e+00
0.000000e+00
0.000000e+00
0.000000e+00
0.000000e+00
0.000000e+00
0.000000e+00
0.000000e+00
0.000000e+00
0.000000e+00
0.000000e+00
0.000000e+00
0.000000e+00
0.000000e+00
1.235000e-01
3.750202e-02
5.032106e-02
2.809140e-02
1.506954e-02
3.221896e-03
6.181660e-04
2.001611e-04
