1.329470e-01
0.000000e+00
0.000000e+00
0.000000e+00
8.375565e-03
0.000000e+00
1.024922e-03
0.000000e+00
0.000000e+00
5.819770e-02
6.729993e-03
1.833142e-02
0.000000e+00
3.935462e-03
0.000000e+00
0.000000e+00
9.024000e-03
0.000000e+00
2.397989e-02
4.329224e-03
2.983217e-03
2.979386e-04
2.688494e-04
0.000000e+00
9.525019e+00
1.480432e+01
1.226780e+01
6.824086e+00
2.785854e+00
9.581873e-01
3.609247e-02
0.000000e+00
2.539000e+00
5.016464e+01
8.611281e+01
1.061230e+01
3.591741e+01
5.742204e+00
1.263145e-01
0.000000e+00
2.440030e+01
3.920133e+01
2.547417e+01
2.055312e+01
7.717130e+00
2.955219e+00
1.609165e-01
0.000000e+00
0.000000e+00
0.000000e+00
0.000000e+00
0.000000e+00
0.000000e+00
0.000000e+00
0.000000e+00
0.000000e+00
0.000000e+00
0.000000e+00
0.000000e+00
0.000000e+00
0.000000e+00
0.000000e+00
0.000000e+00
0.000000e+00
1.159300e-01
4.542677e-02
3.003282e-02
2.253636e-02
1.056337e-02
5.325247e-03
6.421864e-04
0.000000e+00
