7.249900e-02
1.990276e-02
0.000000e+00
2.152261e-04
1.435099e-03
6.580766e-04
0.000000e+00
9.548874e-04
0.000000e+00
0.000000e+00
4.698184e-02
0.000000e+00
0.000000e+00
0.000000e+00
2.352880e-03
0.000000e+00
2.831400e-02
0.000000e+00
3.251704e-02
0.000000e+00
3.463542e-03
2.151775e-03
0.000000e+00
2.449737e-04
1.166731e+01
1.146409e+01
1.263224e+01
3.652945e+00
2.449660e+00
9.155425e-01
4.003822e-01
4.066462e-02
9.100000e-01
1.753578e+01
1.245996e+01
3.383176e+01
8.318715e+00
8.326167e+00
1.695997e+00
7.280396e-02
2.867260e+01
7.556802e+01
4.328662e+01
1.073277e+01
6.053347e+00
1.757609e+00
1.095229e+00
1.513846e-01
0.000000e+00
0.000000e+00
0.000000e+00
0.000000e+00
0.000000e+00
0.000000e+00
0.000000e+00
0.000000e+00
0.000000e+00
0.000000e+00
0.000000e+00
0.000000e+00
0.000000e+00
0.000000e+00
0.000000e+00
0.000000e+00
1.168600e-01
2.757879e-02
6.500989e-02
8.721145e-03
1.240449e-02
3.466775e-03
1.295703e-03
6.561348e-04
