1.539820e-01
0.000000e+00
1.085637e-02
8.188816e-03
0.000000e+00
7.917531e-03
0.000000e+00
1.367829e-03
0.000000e+00
1.501276e-01
0.000000e+00
0.000000e+00
2.299182e-03
0.000000e+00
6.767258e-03
0.000000e+00
3.305000e-02
8.356157e-02
9.767429e-03
1.684644e-02
3.939685e-03
3.416729e-04
9.369194e-04
1.735686e-04
9.033918e+00
1.834770e+01
9.674438e+00
5.546673e+00
1.994470e+00
4.799100e-01
3.481166e-01
3.664702e-02
2.591000e+00
1.083268e+02
6.583681e+01
3.471689e+01
1.316844e+00
5.258740e+00
2.415994e-01
1.626279e-02
2.435260e+01
2.477060e+01
2.874249e+01
1.794366e+01
5.245994e+00
1.758922e+00
5.937266e-01
1.341897e-01
0.000000e+00
0.000000e+00
0.000000e+00
0.000000e+00
0.000000e+00
0.000000e+00
0.000000e+00
0.000000e+00
0.000000e+00
0.000000e+00
0.000000e+00
0.000000e+00
0.000000e+00
0.000000e+00
0.000000e+00
0.000000e+00
9.964000e-02
3.942381e-02
2.904625e-02
2.643027e-02
1.063379e-02
9.002344e-04
1.169684e-03
1.552189e-04
