6.833800e-02
0.000000e+00
2.670612e-02
1.148816e-02
0.000000e+00
0.000000e+00
0.000000e+00
0.000000e+00
0.000000e+00
6.564500e-02
0.000000e+00
0.000000e+00
9.273778e-03
2.122608e-03
0.000000e+00
0.000000e+00
0.000000e+00
5.836250e-02
0.000000e+00
3.145524e-02
3.483214e-03
2.283827e-03
0.000000e+00
0.000000e+00
7.871076e+00
1.650341e+01
8.672343e+00
6.512070e+00
1.956766e+00
4.618141e-01
0.000000e+00
0.000000e+00
1.800000e+00
2.043523e+01
8.749069e+00
1.347969e+01
7.530637e+00
3.232214e-01
0.000000e+00
0.000000e+00
3.007920e+01
7.671618e+01
4.779972e+01
2.905803e+01
2.306052e+00
0.000000e+00
0.000000e+00
0.000000e+00
0.000000e+00
0.000000e+00
0.000000e+00
0.000000e+00
0.000000e+00
8.607877e-02
0.000000e+00
0.000000e+00
0.000000e+00
0.000000e+00
0.000000e+00
0.000000e+00
0.000000e+00
0.000000e+00
0.000000e+00
0.000000e+00
1.040600e-01
2.655408e-02
3.499614e-02
2.268764e-02
4.949195e-03
2.485678e-03
0.000000e+00
0.000000e+00
