7.872600e-02
0.000000e+00
9.782005e-03
2.548635e-02
0.000000e+00
0.000000e+00
0.000000e+00
0.000000e+00
0.000000e+00
4.255748e-02
0.000000e+00
0.000000e+00
1.781994e-02
0.000000e+00
0.000000e+00
0.000000e+00
1.471190e-01
0.000000e+00
9.639031e-02
0.000000e+00
2.010171e-02
0.000000e+00
0.000000e+00
0.000000e+00
7.890227e+00
1.675175e+01
9.327203e+00
4.594852e+00
2.556145e+00
0.000000e+00
0.000000e+00
0.000000e+00
2.998000e+00
1.896891e+01
9.789771e+00
4.443111e+01
8.272392e-01
0.000000e+00
0.000000e+00
0.000000e+00
2.829180e+01
6.783769e+01
3.724664e+01
7.384350e+00
0.000000e+00
0.000000e+00
0.000000e+00
0.000000e+00
0.000000e+00
0.000000e+00
0.000000e+00
0.000000e+00
4.463161e+00
0.000000e+00
0.000000e+00
0.000000e+00
0.000000e+00
0.000000e+00
0.000000e+00
0.000000e+00
0.000000e+00
0.000000e+00
0.000000e+00
0.000000e+00
9.764000e-02
9.863353e-03
2.573378e-02
3.308880e-03
1.530724e-02
0.000000e+00
0.000000e+00
0.000000e+00
