9.537100e-02
0.000000e+00
3.043206e-03
2.649367e-02
0.000000e+00
0.000000e+00
0.000000e+00
0.000000e+00
0.000000e+00
3.774337e-02
0.000000e+00
0.000000e+00
1.810115e-02
0.000000e+00
0.000000e+00
0.000000e+00
9.968100e-02
0.000000e+00
1.087898e-01
0.000000e+00
2.023382e-02
0.000000e+00
0.000000e+00
0.000000e+00
8.161612e+00
1.658460e+01
9.164550e+00
4.550354e+00
2.567577e+00
0.000000e+00
0.000000e+00
0.000000e+00
8.590000e-01
1.797233e+01
8.006333e+00
4.451468e+01
8.356060e-01
0.000000e+00
0.000000e+00
0.000000e+00
2.757370e+01
6.810642e+01
3.858606e+01
7.665543e+00
0.000000e+00
0.000000e+00
0.000000e+00
0.000000e+00
0.000000e+00
0.000000e+00
0.000000e+00
0.000000e+00
4.567607e+00
0.000000e+00
0.000000e+00
0.000000e+00
0.000000e+00
0.000000e+00
0.000000e+00
0.000000e+00
0.000000e+00
0.000000e+00
0.000000e+00
0.000000e+00
9.730000e-02
9.781497e-03
2.598771e-02
3.134663e-03
1.533790e-02
0.000000e+00
0.000000e+00
0.000000e+00
