0.000000e+00
4.369398e-02
0.000000e+00
8.870082e-03
0.000000e+00
1.906557e-03
0.000000e+00
4.159119e-04
9.446000e-03
0.000000e+00
3.113111e-02
0.000000e+00
3.162334e-03
0.000000e+00
1.862598e-03
0.000000e+00
1.256970e-01
0.000000e+00
6.620699e-02
0.000000e+00
5.709764e-03
5.797244e-04
6.300524e-04
1.331230e-04
1.151869e+01
1.122084e+01
1.219751e+01
2.917248e+00
1.990416e+00
6.908040e-01
4.006429e-01
9.036649e-02
1.841000e+00
1.007439e+02
8.531544e+00
2.052775e+01
3.602236e+00
6.065216e+00
2.581564e+00
1.227492e-01
2.935250e+01
7.592466e+01
4.433641e+01
9.097069e+00
4.350796e+00
1.356006e+00
9.822173e-01
2.318290e-01
0.000000e+00
0.000000e+00
0.000000e+00
0.000000e+00
0.000000e+00
0.000000e+00
0.000000e+00
0.000000e+00
0.000000e+00
0.000000e+00
0.000000e+00
0.000000e+00
0.000000e+00
0.000000e+00
0.000000e+00
0.000000e+00
1.226600e-01
2.728720e-02
6.346202e-02
6.700933e-03
1.044104e-02
2.564872e-03
1.276958e-03
6.432475e-04
