0.000000e+00
1.561264e-01
0.000000e+00
8.512707e-02
0.000000e+00
4.812705e-03
4.412512e-04
0.000000e+00
3.010000e-03
0.000000e+00
1.765098e-01
0.000000e+00
3.921719e-02
0.000000e+00
0.000000e+00
0.000000e+00
8.411900e-02
0.000000e+00
5.676052e-02
0.000000e+00
2.200204e-02
1.407894e-03
3.890622e-04
0.000000e+00
1.430749e+01
1.187340e+01
1.582680e+01
5.445782e+00
4.214097e+00
3.969608e-01
9.494247e-02
0.000000e+00
1.141700e+01
6.126824e+01
4.834648e+01
3.081891e+01
6.998712e+00
7.732918e-01
1.851750e-02
0.000000e+00
2.309550e+01
3.140390e+01
2.337608e+01
1.298468e+01
7.420323e+00
1.598583e+00
2.740538e-01
0.000000e+00
0.000000e+00
0.000000e+00
0.000000e+00
0.000000e+00
0.000000e+00
0.000000e+00
0.000000e+00
0.000000e+00
0.000000e+00
0.000000e+00
0.000000e+00
0.000000e+00
0.000000e+00
0.000000e+00
0.000000e+00
0.000000e+00
9.952000e-02
3.181184e-02
2.407384e-02
1.630008e-02
1.586292e-02
2.791680e-03
1.003098e-03
0.000000e+00
