1.294830e-01
0.000000e+00
8.291685e-02
0.000000e+00
1.395842e-02
0.000000e+00
4.607529e-04
0.000000e+00
0.000000e+00
2.090826e-01
0.000000e+00
2.755115e-02
0.000000e+00
4.829938e-03
0.000000e+00
4.441053e-04
0.000000e+00
7.959862e-02
0.000000e+00
2.681201e-02
0.000000e+00
0.000000e+00
4.022493e-03
0.000000e+00
1.129812e+01
1.740602e+01
1.048322e+01
3.638901e+00
1.790830e+00
1.176880e+00
5.431793e-01
2.488113e-01
3.752000e+00
1.746308e+01
2.877945e+01
1.257704e+01
4.878044e+00
1.333555e+01
2.493865e-01
3.627594e-01
2.852800e+01
8.007580e+01
1.979101e+01
7.565758e+00
3.376037e+00
3.168657e+00
1.316123e+00
4.022621e-01
0.000000e+00
0.000000e+00
0.000000e+00
0.000000e+00
0.000000e+00
0.000000e+00
0.000000e+00
0.000000e+00
0.000000e+00
0.000000e+00
0.000000e+00
0.000000e+00
0.000000e+00
0.000000e+00
0.000000e+00
0.000000e+00
1.070200e-01
3.577862e-02
5.877205e-02
8.938986e-03
8.391115e-03
2.882076e-03
3.194452e-03
1.022227e-03
