1.341950e-01
0.000000e+00
0.000000e+00
8.256578e-02
0.000000e+00
4.359253e-03
0.000000e+00
0.000000e+00
0.000000e+00
6.081412e-03
1.196507e-01
0.000000e+00
3.042545e-02
0.000000e+00
0.000000e+00
0.000000e+00
6.735300e-02
0.000000e+00
1.290156e-01
0.000000e+00
2.450432e-02
6.584055e-03
0.000000e+00
0.000000e+00
7.148128e+00
1.721662e+01
1.417117e+01
4.275826e+00
3.580695e+00
8.352621e-01
0.000000e+00
0.000000e+00
6.132000e+00
5.849101e+01
5.984606e+01
3.226296e+01
2.261388e+01
1.080954e+00
0.000000e+00
0.000000e+00
2.385760e+01
3.193223e+01
2.397942e+01
9.630131e+00
5.200786e+00
0.000000e+00
0.000000e+00
0.000000e+00
0.000000e+00
0.000000e+00
0.000000e+00
0.000000e+00
0.000000e+00
4.159836e+00
0.000000e+00
0.000000e+00
0.000000e+00
0.000000e+00
0.000000e+00
0.000000e+00
0.000000e+00
0.000000e+00
0.000000e+00
0.000000e+00
8.419000e-02
2.487503e-02
1.823347e-02
1.939994e-02
1.705350e-04
6.981958e-03
0.000000e+00
0.000000e+00
