4.180320e-01
0.000000e+00
1.098703e-01
0.000000e+00
0.000000e+00
1.211094e-02
0.000000e+00
2.189577e-03
0.000000e+00
3.393134e-01
0.000000e+00
6.216760e-02
2.247628e-02
0.000000e+00
6.532764e-03
0.000000e+00
6.207900e-02
1.231435e-01
0.000000e+00
6.987703e-02
8.140623e-03
0.000000e+00
3.319841e-03
2.048118e-05
6.487669e+00
1.598254e+01
8.049850e+00
5.258467e+00
2.312976e+00
7.250562e-01
5.760659e-01
5.844339e-02
6.135000e+00
5.153988e+00
6.910678e+01
7.066763e+00
9.371039e+00
4.025267e+00
1.628458e+00
1.046766e-01
2.560360e+01
9.288753e+01
5.246457e+00
0.000000e+00
3.840658e+00
2.105237e+00
1.377442e+00
2.699914e-01
0.000000e+00
0.000000e+00
0.000000e+00
2.291417e-01
0.000000e+00
0.000000e+00
0.000000e+00
0.000000e+00
3.944000e-02
0.000000e+00
8.098658e-03
0.000000e+00
0.000000e+00
0.000000e+00
0.000000e+00
0.000000e+00
0.000000e+00
3.610929e-02
0.000000e+00
2.235285e-02
4.069450e-03
4.413182e-03
1.460972e-03
1.047351e-03
