1.000000e+00
1.560897e+00
1.402414e+00
6.257615e-01
3.263979e-01
1.541140e-01
6.673481e-02
3.677788e-02
4.500000e+00
5.552345e+00
3.698308e+00
2.326006e+00
1.215350e+00
5.672471e-01
2.589760e-01
1.301516e-01
2.500000e+01
3.460982e+01
2.692821e+01
1.415090e+01
7.402870e+00
3.401056e+00
1.544907e+00
6.708844e-01
1.359844e+01
5.636623e+00
5.253275e+00
3.033949e+00
1.609878e+00
6.676337e-01
4.462029e-01
6.950369e-02
7.541950e-01
6.103749e-01
2.244961e-01
2.797835e-01
1.467531e-01
6.673602e-02
3.411874e-02
1.393497e-02
1.008000e+00
5.963953e+00
5.222989e+00
2.186489e+00
1.126637e+00
5.875736e-01
1.973442e-01
2.150855e-01
