1.000000e+00
1.534144e+00
1.186210e+00
6.473336e-01
3.829899e-01
8.080346e-02
1.246364e-02
0.000000e+00
4.500000e+00
5.527587e+00
4.132317e+00
2.428923e+00
9.443437e-01
1.817275e-01
5.608638e-02
0.000000e+00
2.500000e+01
3.423765e+01
2.595406e+01
1.470061e+01
6.927186e+00
1.398854e+00
3.115910e-01
0.000000e+00
1.359844e+01
5.590619e+00
4.281372e+00
3.991076e+00
1.670315e+00
3.235202e-01
1.694861e-01
0.000000e+00
7.541950e-01
6.201360e-01
4.747963e-01
3.178605e-01
1.536433e-01
3.104966e-02
9.400014e-03
0.000000e+00
1.008000e+00
5.851427e+00
4.513424e+00
2.000651e+00
1.307970e+00
2.816577e-01
1.256335e-02
0.000000e+00
