1.000000e+00
1.533624e+00
1.169372e+00
6.120053e-01
2.822262e-01
3.415317e-02
0.000000e+00
0.000000e+00
4.500000e+00
5.533399e+00
4.221728e+00
2.365856e+00
1.072483e+00
1.536893e-01
0.000000e+00
0.000000e+00
2.500000e+01
3.425438e+01
2.612629e+01
1.414060e+01
6.465579e+00
8.538293e-01
0.000000e+00
0.000000e+00
1.359844e+01
5.587832e+00
4.289316e+00
3.990025e+00
1.633169e+00
4.644299e-01
0.000000e+00
0.000000e+00
7.541950e-01
6.200770e-01
4.738094e-01
3.093091e-01
1.353686e-01
2.575815e-02
0.000000e+00
0.000000e+00
1.008000e+00
5.850964e+00
4.453221e+00
1.838540e+00
9.061657e-01
3.442640e-02
0.000000e+00
0.000000e+00
