1.000000e+00
1.529377e+00
9.662679e-01
4.791485e-01
2.173539e-01
6.105934e-02
3.027743e-03
0.000000e+00
4.500000e+00
5.528295e+00
3.875423e+00
1.760016e+00
8.818468e-01
2.333334e-01
1.362484e-02
0.000000e+00
2.500000e+01
3.419005e+01
2.274440e+01
1.079533e+01
5.146342e+00
1.402713e+00
7.569357e-02
0.000000e+00
1.359844e+01
5.686410e+00
7.863071e+00
2.094261e+00
1.881485e+00
3.678759e-01
4.117258e-02
0.000000e+00
7.541950e-01
6.223683e-01
5.433013e-01
2.059770e-01
1.261739e-01
2.979793e-02
2.283508e-03
0.000000e+00
1.008000e+00
5.802600e+00
2.461935e+00
1.729751e+00
5.219971e-01
1.919475e-01
3.051965e-03
0.000000e+00
