1.000000e+00
2.784028e+00
1.137501e+00
5.792775e-01
2.880755e-01
2.595752e-01
4.884196e-02
1.476871e-02
4.500000e+00
3.356384e+00
2.389565e+00
2.044791e+00
1.053603e+00
8.489448e-01
1.984365e-01
5.980240e-02
2.500000e+01
3.767108e+01
1.987635e+01
1.270114e+01
6.476784e+00
5.263373e+00
1.157265e+00
3.493326e-01
1.359844e+01
8.529696e+00
4.332961e+00
2.133948e+00
1.208221e+00
1.379316e+00
4.258636e-01
1.265358e-01
7.541950e-01
9.128712e-01
3.594800e-02
2.455130e-01
1.220494e-01
1.481680e-01
2.846071e-02
8.527302e-03
1.008000e+00
1.000956e+01
4.186819e+00
2.271210e+00
1.054320e+00
1.049008e+00
1.164326e-01
3.583704e-02
