1.000000e+00
1.557921e+00
9.086649e-01
3.071567e-01
1.475486e-01
4.808987e-02
4.966527e-03
2.118976e-03
4.500000e+00
5.611182e+00
3.697162e+00
1.133945e+00
5.903539e-01
7.725139e-02
2.030314e-02
7.953070e-03
2.500000e+01
3.476229e+01
2.150337e+01
6.916346e+00
3.267605e+00
7.212152e-01
1.180507e-01
4.824769e-02
1.359844e+01
5.633309e+00
8.111899e+00
1.743820e+00
1.344886e+00
1.535956e-01
4.469929e-02
1.115464e-02
7.541950e-01
6.282556e-01
5.361627e-01
1.454332e-01
8.934654e-02
1.646558e-02
2.943077e-03
9.774404e-04
1.008000e+00
5.955236e+00
2.124368e+00
9.907351e-01
4.067636e-01
1.741208e-01
1.144614e-02
7.115808e-03
