1.000000e+00
1.542457e+00
1.048635e+00
4.945280e-01
1.424891e-01
6.995299e-02
1.405945e-02
7.887561e-03
4.500000e+00
5.562951e+00
3.986769e+00
1.985829e+00
5.655044e-01
2.184665e-01
2.830043e-02
9.387845e-03
2.500000e+01
3.444048e+01
2.401502e+01
1.161174e+01
3.332639e+00
1.379114e+00
2.420033e-01
1.062775e-01
1.359844e+01
5.620112e+00
6.176295e+00
4.262828e+00
1.205059e+00
3.553173e-01
5.774069e-02
2.412155e-02
7.541950e-01
6.239842e-01
5.078641e-01
2.895678e-01
7.978690e-02
3.954181e-02
9.326987e-05
2.588058e-03
1.008000e+00
5.887387e+00
3.345105e+00
1.215355e+00
3.492393e-01
2.884535e-01
5.016579e-02
2.833889e-02
