1.000000e+00
1.621376e+00
1.224359e+00
2.370096e-01
1.664180e-01
8.859702e-02
4.584734e-02
9.600009e-03
4.500000e+00
5.699187e+00
3.167689e+00
8.539235e-01
6.022111e-01
3.319895e-01
1.688383e-01
3.918564e-02
2.500000e+01
3.566553e+01
2.246956e+01
5.288829e+00
3.720157e+00
2.015688e+00
1.029680e+00
2.280084e-01
1.359844e+01
5.807609e+00
8.932637e+00
8.704461e-01
6.608850e-01
4.603829e-01
2.786410e-01
8.574093e-02
7.541950e-01
6.487076e-01
6.133771e-01
9.602701e-02
6.912961e-02
4.065689e-02
2.230438e-02
5.665595e-03
1.008000e+00
6.190702e+00
3.139881e+00
9.019770e-01
6.190170e-01
2.992145e-01
1.423680e-01
2.231089e-02
