1.000000e+00
1.548675e+00
1.221749e+00
4.737098e-01
1.542452e-01
2.260826e-02
0.000000e+00
0.000000e+00
4.500000e+00
5.571301e+00
3.671003e+00
1.892917e+00
6.301242e-01
1.017372e-01
0.000000e+00
0.000000e+00
2.500000e+01
3.453285e+01
2.487872e+01
1.112947e+01
3.665012e+00
5.652065e-01
0.000000e+00
0.000000e+00
1.359844e+01
5.904361e+00
6.834717e+00
3.776750e+00
1.383428e+00
3.074371e-01
0.000000e+00
0.000000e+00
7.541950e-01
6.252798e-01
3.372802e-01
2.636070e-01
9.123449e-02
1.705104e-02
0.000000e+00
0.000000e+00
1.008000e+00
5.831763e+00
3.921511e+00
1.228978e+00
3.568349e-01
2.278913e-02
0.000000e+00
0.000000e+00
