1.000000e+00
1.534642e+00
1.209091e+00
9.806279e-01
1.833392e-01
0.000000e+00
0.000000e+00
0.000000e+00
4.500000e+00
5.452264e+00
4.212758e+00
2.556886e+00
4.819626e-01
0.000000e+00
0.000000e+00
0.000000e+00
2.500000e+01
3.397800e+01
2.645402e+01
1.832344e+01
3.388803e+00
0.000000e+00
0.000000e+00
0.000000e+00
1.359844e+01
5.583062e+00
4.418255e+00
5.078589e+00
1.400616e+00
0.000000e+00
0.000000e+00
0.000000e+00
7.541950e-01
6.121915e-01
4.857660e-01
3.626099e-01
9.411021e-02
0.000000e+00
0.000000e+00
0.000000e+00
1.008000e+00
5.845911e+00
4.584499e+00
3.158336e+00
4.527297e-01
0.000000e+00
0.000000e+00
0.000000e+00
