1.000000e+00
1.550660e+00
1.027224e+00
4.342451e-01
2.466489e-01
3.588976e-02
0.000000e+00
0.000000e+00
4.500000e+00
5.589116e+00
3.931855e+00
1.569810e+00
1.006639e+00
1.615039e-01
0.000000e+00
0.000000e+00
2.500000e+01
3.461772e+01
2.361748e+01
9.708168e+00
5.857701e+00
8.972440e-01
0.000000e+00
0.000000e+00
1.359844e+01
5.585714e+00
6.260354e+00
1.616005e+00
2.201331e+00
4.880448e-01
0.000000e+00
0.000000e+00
7.541950e-01
6.247091e-01
5.038124e-01
1.767630e-01
1.455084e-01
2.706788e-02
0.000000e+00
0.000000e+00
1.008000e+00
5.934061e+00
3.209058e+00
1.647164e+00
5.736682e-01
3.617688e-02
0.000000e+00
0.000000e+00
