1.000000e+00
1.561445e+00
8.981493e-01
3.322236e-01
2.102856e-01
8.766358e-02
4.830797e-02
3.735081e-03
4.500000e+00
5.600789e+00
3.670631e+00
1.195146e+00
8.023901e-01
2.787174e-01
1.199728e-01
1.680787e-02
2.500000e+01
3.475700e+01
2.134427e+01
7.407413e+00
4.816002e+00
1.811127e+00
8.748744e-01
9.337704e-02
1.359844e+01
5.646910e+00
8.089819e+00
1.210267e+00
1.435499e+00
4.579708e-01
2.435383e-01
5.079128e-02
7.541950e-01
6.291527e-01
5.324148e-01
1.342352e-01
1.081632e-01
3.913851e-02
2.048531e-02
2.816980e-03
1.008000e+00
5.964250e+00
2.067871e+00
1.266957e+00
6.108603e-01
2.871882e-01
1.553733e-01
3.764962e-03
