1.000000e+00
1.597320e+00
1.237150e+00
2.314028e-01
1.706862e-01
8.963062e-02
3.657178e-02
1.782428e-02
4.500000e+00
5.686973e+00
3.161261e+00
8.326289e-01
6.101957e-01
3.301639e-01
1.368951e-01
3.598688e-02
2.500000e+01
3.540159e+01
2.256359e+01
5.158568e+00
3.788168e+00
2.012587e+00
8.316152e-01
2.916080e-01
1.359844e+01
5.737675e+00
8.949924e+00
8.679230e-01
6.769417e-01
5.566863e-01
1.884097e-01
1.015531e-01
7.541950e-01
6.413207e-01
6.163437e-01
9.432661e-02
7.069763e-02
4.400147e-02
1.672536e-02
7.750146e-03
1.008000e+00
6.105885e+00
3.188769e+00
8.751005e-01
6.339364e-01
2.747964e-01
1.239720e-01
5.250336e-02
