1.000000e+00
1.537227e+00
1.190425e+00
8.358112e-01
4.022856e-01
1.550900e-01
1.021426e-02
4.044087e-03
4.500000e+00
5.508782e+00
4.196450e+00
2.415440e+00
1.407154e+00
3.946258e-01
3.982749e-02
1.613316e-02
2.500000e+01
3.419642e+01
2.618103e+01
1.641387e+01
8.450207e+00
2.839163e+00
2.370251e-01
9.493293e-02
1.359844e+01
5.551369e+00
4.287304e+00
3.844092e+00
1.687606e+00
1.091765e+00
7.040705e-02
3.194345e-02
7.541950e-01
6.189484e-01
4.773309e-01
3.482958e-01
1.698008e-01
6.904325e-02
5.296369e-03
2.239924e-03
1.008000e+00
5.874561e+00
4.559284e+00
2.854252e+00
1.602723e+00
4.113346e-01
2.960937e-02
1.057613e-02
