1.000000e+00
1.542750e+00
1.191419e+00
8.432471e-01
3.144358e-01
6.931200e-02
1.328392e-02
6.131376e-03
4.500000e+00
5.541192e+00
4.182767e+00
2.431538e+00
1.201752e+00
2.538914e-01
4.786617e-02
2.759119e-02
2.500000e+01
3.436795e+01
2.618631e+01
1.653852e+01
7.223998e+00
1.551161e+00
2.965161e-01
1.532844e-01
1.359844e+01
5.585226e+00
4.323713e+00
3.909541e+00
1.896234e+00
7.211398e-01
4.769801e-02
8.337715e-02
7.541950e-01
6.219911e-01
4.780058e-01
3.521063e-01
1.535127e-01
3.483751e-02
5.346281e-03
4.624253e-03
1.008000e+00
5.892303e+00
4.531721e+00
2.869570e+00
9.879622e-01
1.295826e-01
5.087793e-02
6.180427e-03
