1.000000e+00
1.535317e+00
1.165774e+00
6.576415e-01
3.129926e-01
7.673253e-02
1.931433e-02
0.000000e+00
4.500000e+00
5.537068e+00
4.187914e+00
2.500856e+00
1.019058e+00
3.071955e-01
8.691449e-02
0.000000e+00
2.500000e+01
3.428475e+01
2.597981e+01
1.506481e+01
6.629803e+00
1.804498e+00
4.828583e-01
0.000000e+00
1.359844e+01
5.574991e+00
4.241618e+00
4.157718e+00
1.532391e+00
6.182026e-01
2.626448e-01
0.000000e+00
7.541950e-01
6.199067e-01
4.666540e-01
3.202768e-01
1.035598e-01
4.292585e-02
1.456677e-02
0.000000e+00
1.008000e+00
5.862734e+00
4.447985e+00
2.010131e+00
1.073238e+00
1.972575e-01
1.946884e-02
0.000000e+00
