1.000000e+00
1.625631e+00
1.232894e+00
2.355521e-01
1.675219e-01
9.006351e-02
3.985854e-02
1.309275e-02
4.500000e+00
5.692485e+00
3.171366e+00
8.453932e-01
5.942870e-01
3.393020e-01
1.566054e-01
2.363429e-02
2.500000e+01
3.567977e+01
2.256313e+01
5.244500e+00
3.702964e+00
2.054481e+00
9.284808e-01
2.052560e-01
1.359844e+01
5.820261e+00
8.930535e+00
8.748103e-01
6.598561e-01
4.882852e-01
2.880142e-01
5.269252e-02
7.541950e-01
6.497242e-01
6.147736e-01
9.526228e-02
6.832756e-02
4.204268e-02
2.113406e-02
4.903350e-03
1.008000e+00
6.204209e+00
3.177981e+00
8.931798e-01
6.231006e-01
2.984480e-01
1.118014e-01
4.460531e-02
