1.000000e+00
1.551522e+00
9.336616e-01
3.583002e-01
7.179522e-02
5.480287e-02
3.034132e-02
1.857051e-02
4.500000e+00
5.593783e+00
3.733443e+00
9.187692e-01
2.570337e-01
1.922682e-01
1.135803e-01
5.407149e-02
2.500000e+01
3.463417e+01
2.190664e+01
6.550277e+00
1.597012e+00
1.206285e+00
6.899600e-01
3.727942e-01
1.359844e+01
5.729232e+00
8.070387e+00
2.550867e+00
2.687832e-01
2.126336e-01
1.563897e-01
9.484704e-02
7.541950e-01
6.296449e-01
5.401649e-01
1.766924e-01
2.861040e-02
2.093777e-02
1.387872e-02
4.576826e-03
1.008000e+00
5.895996e+00
2.236871e+00
9.364804e-01
2.716906e-01
2.049552e-01
1.028298e-01
6.209076e-02
