1.000000e+00
1.549686e+00
9.151698e-01
4.124155e-01
1.836415e-01
1.012377e-01
2.832382e-02
8.259461e-03
4.500000e+00
5.569310e+00
3.674368e+00
1.023837e+00
5.876723e-01
3.894710e-01
1.085748e-01
2.782097e-02
2.500000e+01
3.454345e+01
2.154411e+01
7.721457e+00
3.860682e+00
2.332331e+00
6.500485e-01
1.757888e-01
1.359844e+01
5.596270e+00
7.955695e+00
1.600760e+00
6.973220e-01
6.606718e-01
2.138688e-01
5.274128e-02
7.541950e-01
6.203708e-01
5.219117e-01
5.061744e-02
5.581815e-02
5.105228e-02
1.486777e-02
4.041167e-03
1.008000e+00
5.925117e+00
2.185405e+00
1.512108e+00
6.870866e-01
3.036671e-01
7.643071e-02
2.446818e-02
