1.000000e+00
1.544813e+00
1.035821e+00
5.510535e-01
1.679566e-01
5.384850e-02
5.869588e-03
0.000000e+00
4.500000e+00
5.570984e+00
3.950909e+00
2.092043e+00
6.643608e-01
2.079547e-01
2.641315e-02
0.000000e+00
2.500000e+01
3.449597e+01
2.377376e+01
1.261821e+01
3.925753e+00
1.243562e+00
1.467397e-01
0.000000e+00
1.359844e+01
5.597510e+00
6.158132e+00
3.166420e+00
1.263354e+00
3.487279e-01
7.981724e-02
0.000000e+00
7.541950e-01
6.235083e-01
5.025949e-01
2.635239e-01
9.080234e-02
2.713285e-02
4.426814e-03
0.000000e+00
1.008000e+00
5.902418e+00
3.279515e+00
1.775622e+00
4.570915e-01
1.624281e-01
5.916545e-03
0.000000e+00
