1.000000e+00
1.532921e+00
1.072023e+00
4.550798e-01
1.063884e-01
4.816240e-02
4.788289e-03
0.000000e+00
4.500000e+00
5.549639e+00
4.044889e+00
1.894956e+00
2.670979e-01
1.080658e-01
2.154730e-02
0.000000e+00
2.500000e+01
3.429318e+01
2.445608e+01
1.089426e+01
1.936893e+00
8.256477e-01
1.197072e-01
0.000000e+00
1.359844e+01
5.820537e+00
6.152177e+00
4.900314e+00
5.435321e-01
3.088823e-01
6.511327e-02
0.000000e+00
7.541950e-01
6.280073e-01
5.118158e-01
2.970671e-01
4.541999e-02
2.233518e-02
3.611304e-03
0.000000e+00
1.008000e+00
5.781566e+00
3.452528e+00
8.157937e-01
3.405171e-01
1.334121e-01
4.826596e-03
0.000000e+00
