1.000000e+00
1.530075e+00
1.166886e+00
7.089181e-01
4.402628e-01
9.735977e-02
3.664009e-02
2.074401e-03
4.500000e+00
5.513649e+00
4.161080e+00
2.602366e+00
1.325348e+00
2.551247e-01
7.071901e-02
9.334804e-03
2.500000e+01
3.415370e+01
2.590589e+01
1.595928e+01
8.983250e+00
1.861034e+00
6.211805e-01
5.186002e-02
1.359844e+01
5.531638e+00
4.239081e+00
3.483726e+00
1.946126e+00
6.255748e-01
1.388973e-01
2.820862e-02
7.541950e-01
6.163453e-01
4.592192e-01
3.091433e-01
1.157178e-01
1.842441e-02
0.000000e+00
1.564503e-03
1.008000e+00
5.849407e+00
4.451935e+00
2.448043e+00
1.562332e+00
2.865064e-01
1.338596e-01
2.090996e-03
