1.000000e+00
1.547109e+00
1.172070e+00
7.617960e-01
5.248855e-01
2.918310e-01
1.524901e-01
5.982770e-02
4.500000e+00
5.579475e+00
4.224592e+00
2.752307e+00
1.920748e+00
1.077234e+00
5.658231e-01
2.299798e-01
2.500000e+01
3.454788e+01
2.616602e+01
1.702623e+01
1.180408e+01
6.590781e+00
3.452647e+00
1.378460e+00
1.359844e+01
5.608172e+00
4.222482e+00
2.816985e+00
2.213032e+00
1.334421e+00
7.300526e-01
3.755561e-01
7.541950e-01
6.245174e-01
4.722057e-01
3.094636e-01
2.227869e-01
1.275223e-01
6.778615e-02
2.972760e-02
1.008000e+00
5.910532e+00
4.485131e+00
2.894688e+00
1.917743e+00
1.036919e+00
5.325773e-01
1.838175e-01
