1.000000e+00
1.496279e+00
1.211055e+00
6.699519e-01
3.486107e-01
1.450442e-01
5.183069e-02
4.942853e-03
4.500000e+00
5.402748e+00
4.390988e+00
2.495673e+00
1.305172e+00
5.613472e-01
2.033302e-01
2.224284e-02
2.500000e+01
3.343249e+01
2.711365e+01
1.519811e+01
7.927915e+00
3.353220e+00
1.206426e+00
1.235713e-01
1.359844e+01
5.497409e+00
4.651766e+00
3.316568e+00
1.798820e+00
9.528076e-01
3.710181e-01
6.721509e-02
7.541950e-01
6.065821e-01
4.980635e-01
3.016485e-01
1.595303e-01
7.355802e-02
2.735880e-02
3.727875e-03
1.008000e+00
5.695621e+00
4.552866e+00
2.309054e+00
1.180925e+00
4.337068e-01
1.463713e-01
4.982396e-03
