1.000000e+00
1.543792e+00
1.197908e+00
8.628829e-01
3.713997e-01
5.910962e-02
1.274411e-02
0.000000e+00
4.500000e+00
5.538399e+00
4.170930e+00
2.442483e+00
1.133787e+00
2.413537e-01
5.734848e-02
0.000000e+00
2.500000e+01
3.436739e+01
2.620114e+01
1.675574e+01
7.494330e+00
1.404137e+00
3.186027e-01
0.000000e+00
1.359844e+01
5.584392e+00
4.339622e+00
3.924982e+00
2.031443e+00
5.287986e-01
1.733000e-01
0.000000e+00
7.541950e-01
6.221053e-01
4.799578e-01
3.589093e-01
1.677223e-01
3.491506e-02
9.611542e-03
0.000000e+00
1.008000e+00
5.896579e+00
4.552830e+00
2.950459e+00
1.181963e+00
1.371282e-01
1.284606e-02
0.000000e+00
