1.000000e+00
1.599938e+00
1.037526e+00
2.832516e-01
1.618979e-01
4.254087e-02
1.907065e-02
9.147071e-03
4.500000e+00
5.842206e+00
6.753929e+00
1.027300e+00
6.628146e-01
1.557057e-01
7.094843e-02
1.705999e-02
2.500000e+01
3.577021e+01
2.619614e+01
6.341645e+00
3.850002e+00
9.519576e-01
4.323481e-01
1.447451e-01
1.359844e+01
5.752191e+00
7.942336e+00
1.104494e+00
1.485871e+00
2.576415e-01
9.337426e-02
4.763192e-02
7.541950e-01
6.438995e-01
5.563043e-01
1.170434e-01
9.691143e-02
2.064345e-02
8.550289e-03
3.795998e-03
1.008000e+00
6.158474e+00
3.913555e+00
1.060016e+00
3.647437e-01
1.322122e-01
6.602046e-02
2.804313e-02
