1.000000e+00
1.534047e+00
1.079965e+00
5.718280e-01
1.339327e-01
6.457285e-02
2.538109e-02
1.106504e-02
4.500000e+00
5.534581e+00
4.061013e+00
1.840908e+00
5.133666e-01
2.465338e-01
9.585710e-02
3.734695e-02
2.500000e+01
3.424837e+01
2.458956e+01
1.179922e+01
3.080375e+00
1.481185e+00
5.786841e-01
2.360829e-01
1.359844e+01
5.817931e+00
6.145420e+00
4.578497e+00
8.419005e-01
4.117803e-01
1.564379e-01
6.576968e-02
7.541950e-01
6.277911e-01
5.135528e-01
3.084069e-01
6.655320e-02
3.225842e-02
1.247597e-02
5.254201e-03
1.008000e+00
5.784718e+00
3.491363e+00
1.405036e+00
4.109139e-01
1.962109e-01
7.855864e-02
3.424165e-02
