1.000000e+00
1.543948e+00
1.696402e+00
7.738099e-01
2.134043e-01
7.212244e-02
2.758005e-02
1.654446e-02
4.500000e+00
5.520917e+00
5.962468e+00
2.164380e+00
6.370470e-01
1.617301e-01
9.763052e-02
6.050109e-02
2.500000e+01
3.429493e+01
3.362403e+01
1.526847e+01
4.323276e+00
1.290996e+00
6.085498e-01
3.719432e-01
1.359844e+01
5.539035e+00
4.538990e+00
2.877942e+00
1.610798e+00
2.768369e-01
1.093287e-01
6.929572e-02
7.541950e-01
6.107090e-01
6.394055e-01
1.558517e-01
6.344146e-02
6.302789e-03
1.139904e-02
7.006128e-03
1.008000e+00
5.924406e+00
8.420596e+00
2.890292e+00
5.642912e-01
2.633427e-01
1.022912e-01
6.057704e-02
