1.000000e+00
1.554113e+00
8.988657e-01
2.919613e-01
1.430926e-01
2.899703e-02
2.284730e-02
1.422327e-02
4.500000e+00
5.603743e+00
3.675033e+00
1.106708e+00
5.635483e-01
1.055018e-01
8.286142e-02
5.443624e-02
2.500000e+01
3.470132e+01
2.136679e+01
6.680332e+00
3.337239e+00
6.502912e-01
5.115837e-01
3.269989e-01
1.359844e+01
5.622493e+00
8.095176e+00
1.658602e+00
1.048854e+00
1.154621e-01
8.801197e-02
8.662155e-02
7.541950e-01
6.269557e-01
5.328380e-01
1.389520e-01
7.639450e-02
1.206890e-02
9.405186e-03
6.973795e-03
1.008000e+00
5.940411e+00
2.070087e+00
9.461367e-01
3.971721e-01
1.078610e-01
8.582114e-02
4.445095e-02
