1.000000e+00
1.535860e+00
1.061900e+00
4.744383e-01
1.210860e-01
7.149178e-02
1.730823e-02
0.000000e+00
4.500000e+00
5.550852e+00
4.031717e+00
1.949485e+00
4.419204e-01
2.885374e-01
7.788702e-02
0.000000e+00
2.500000e+01
3.433236e+01
2.431657e+01
1.130687e+01
2.719568e+00
1.688192e+00
4.327057e-01
0.000000e+00
1.359844e+01
5.700718e+00
6.104849e+00
4.381411e+00
4.973828e-01
6.019076e-01
2.353649e-01
0.000000e+00
7.541950e-01
6.246622e-01
5.079271e-01
2.850596e-01
5.093287e-02
4.090531e-02
1.305378e-02
0.000000e+00
1.008000e+00
5.829961e+00
3.420831e+00
1.062001e+00
4.461104e-01
1.764738e-01
1.744669e-02
0.000000e+00
