1.000000e+00
2.006599e+00
9.786806e-01
5.595578e-01
3.853984e-01
1.317515e-01
0.000000e+00
0.000000e+00
4.500000e+00
3.916345e+00
3.558011e+00
1.707696e+00
8.012244e-01
1.981384e-01
0.000000e+00
0.000000e+00
2.500000e+01
3.415023e+01
2.184154e+01
1.142725e+01
6.669290e+00
1.919142e+00
0.000000e+00
0.000000e+00
1.359844e+01
7.612706e+00
6.070701e+00
2.075114e+00
1.759413e+00
5.345269e-01
0.000000e+00
0.000000e+00
7.541950e-01
0.000000e+00
4.603577e-01
1.829896e-01
3.182922e-02
4.855021e-02
0.000000e+00
0.000000e+00
1.008000e+00
7.330667e+00
3.002681e+00
2.088038e+00
1.317695e+00
4.410893e-01
0.000000e+00
0.000000e+00
