1.000000e+00
1.557786e+00
1.076767e+00
6.618713e-01
1.051295e-01
4.867935e-02
0.000000e+00
0.000000e+00
4.500000e+00
5.524043e+00
4.047174e+00
1.668048e+00
3.788147e-01
2.190571e-01
0.000000e+00
0.000000e+00
2.500000e+01
3.443464e+01
2.450813e+01
1.198357e+01
2.346640e+00
1.216984e+00
0.000000e+00
0.000000e+00
1.359844e+01
5.742966e+00
6.158766e+00
4.827442e+00
3.774838e-01
6.619632e-01
0.000000e+00
0.000000e+00
7.541950e-01
6.297928e-01
5.130318e-01
3.304931e-01
4.231067e-02
3.671372e-02
0.000000e+00
0.000000e+00
1.008000e+00
5.907433e+00
3.471373e+00
1.690532e+00
4.026498e-01
4.906879e-02
0.000000e+00
0.000000e+00
