1.000000e+00
2.666459e+00
9.016854e-01
6.106922e-01
3.645601e-01
1.855623e-01
5.024825e-02
5.113716e-03
4.500000e+00
3.320223e+00
3.184479e+00
2.214958e+00
1.189378e+00
5.901498e-01
1.962580e-01
2.301172e-02
2.500000e+01
3.652392e+01
1.991869e+01
1.367466e+01
7.728015e+00
3.886425e+00
1.167011e+00
1.278429e-01
1.359844e+01
8.236443e+00
3.298529e+00
2.353958e+00
1.879898e+00
8.690632e-01
3.500435e-01
6.953855e-02
7.541950e-01
8.513004e-01
3.473204e-01
2.514453e-01
1.224214e-01
5.736010e-02
2.618446e-02
3.856739e-03
1.008000e+00
9.591929e+00
3.431342e+00
2.293526e+00
1.222829e+00
6.466606e-01
1.446227e-01
5.154625e-03
