1.000000e+00
1.916902e+00
1.191365e+00
1.154574e+00
2.075885e-01
8.976734e-02
1.051454e-02
3.546231e-03
4.500000e+00
3.728066e+00
3.732039e+00
1.905800e+00
6.722375e-01
2.383431e-01
4.013293e-02
1.595804e-02
2.500000e+01
3.255496e+01
2.454488e+01
1.766865e+01
4.385363e+00
1.728876e+00
2.414080e-01
8.865577e-02
1.359844e+01
7.244484e+00
4.225346e+00
3.790086e+00
1.021632e+00
4.241700e-01
6.281827e-02
4.822321e-02
7.541950e-01
0.000000e+00
4.584934e-01
3.169258e-01
6.783008e-02
1.587006e-02
5.112611e-03
2.674549e-03
1.008000e+00
7.004837e+00
4.489144e+00
4.191895e+00
7.100274e-01
3.083938e-01
3.320339e-02
3.574601e-03
