1.000000e+00
1.554555e+00
8.960055e-01
3.287123e-01
1.836643e-01
2.339681e-02
1.951888e-02
9.244675e-03
4.500000e+00
5.605141e+00
3.666454e+00
1.186691e+00
7.524893e-01
8.660397e-02
7.033271e-02
4.160104e-02
2.500000e+01
3.471061e+01
2.130811e+01
7.344008e+00
4.370555e+00
5.291144e-01
4.356894e-01
2.311169e-01
1.359844e+01
5.621895e+00
8.104183e+00
1.205252e+00
1.671641e+00
1.096563e-01
7.008562e-02
1.257132e-01
7.541950e-01
6.270569e-01
5.323643e-01
1.331716e-01
1.094915e-01
1.031770e-02
7.855620e-03
6.972288e-03
1.008000e+00
5.942722e+00
2.053696e+00
1.251942e+00
4.180266e-01
8.237878e-02
7.475807e-02
9.318633e-03
