1.000000e+00
1.554022e+00
9.043514e-01
2.539211e-01
7.302168e-02
2.966197e-02
9.705989e-03
8.083529e-03
4.500000e+00
5.603216e+00
3.691532e+00
1.032930e+00
2.948156e-01
1.069903e-01
3.619860e-02
2.912751e-02
2.500000e+01
3.469870e+01
2.147948e+01
6.020288e+00
1.724629e+00
6.624226e-01
2.203104e-01
1.804359e-01
1.359844e+01
5.619946e+00
8.078401e+00
2.228420e+00
6.159437e-01
1.077210e-01
4.852133e-02
2.902518e-02
7.541950e-01
6.268411e-01
5.337639e-01
1.484695e-01
4.182128e-02
1.198053e-02
4.386758e-03
3.253318e-03
1.008000e+00
5.940689e+00
2.101382e+00
6.012454e-01
1.799245e-01
1.132638e-01
3.331945e-02
3.096023e-02
