1.000000e+00
2.750810e+00
8.680107e-01
6.542348e-01
3.913530e-01
2.022598e-01
1.485457e-02
0.000000e+00
4.500000e+00
3.364135e+00
3.084179e+00
2.250518e+00
1.199123e+00
5.706225e-01
6.684558e-02
0.000000e+00
2.500000e+01
3.739502e+01
1.922490e+01
1.423183e+01
8.048465e+00
3.917578e+00
3.713644e-01
0.000000e+00
1.359844e+01
8.456702e+00
3.145504e+00
2.488594e+00
1.942998e+00
9.682164e-01
2.019990e-01
0.000000e+00
7.541950e-01
9.053877e-01
3.436226e-01
2.506840e-01
1.108368e-01
8.567626e-02
1.120325e-02
0.000000e+00
1.008000e+00
9.885218e+00
3.311129e+00
2.452811e+00
1.328822e+00
6.769784e-01
1.497341e-02
0.000000e+00
