1.000000e+00
1.579762e+00
9.131587e-01
5.724784e-01
1.121348e-01
6.531784e-02
9.617557e-03
5.975709e-03
4.500000e+00
5.555893e+00
3.674325e+00
8.245044e-01
3.710794e-01
1.093058e-01
3.522313e-02
2.265290e-02
2.500000e+01
3.476368e+01
2.148173e+01
8.368865e+00
2.133208e+00
9.954413e-01
2.163744e-01
1.367336e-01
1.359844e+01
5.667781e+00
7.926533e+00
1.902666e+00
5.242928e-01
2.128534e-01
4.087305e-02
3.396282e-02
7.541950e-01
6.303953e-01
5.253173e-01
1.295088e-01
5.045688e-02
2.260714e-02
4.093521e-03
2.844537e-03
1.008000e+00
6.030811e+00
2.197541e+00
2.062149e+00
4.809833e-01
2.359601e-01
3.504791e-02
1.936067e-02
