1.000000e+00
2.888812e+00
8.039284e-01
4.535643e-01
1.506259e-01
6.932393e-02
2.101046e-02
0.000000e+00
4.500000e+00
3.518286e+00
2.911670e+00
1.841831e+00
5.782337e-01
2.497961e-01
9.454707e-02
0.000000e+00
2.500000e+01
3.920826e+01
1.798922e+01
1.074403e+01
3.468174e+00
1.547409e+00
5.252615e-01
0.000000e+00
1.359844e+01
8.998340e+00
3.052500e+00
3.944419e+00
9.368441e-01
2.489185e-01
2.857095e-01
0.000000e+00
7.541950e-01
9.551683e-01
3.293807e-01
2.639344e-01
7.453900e-02
2.790029e-02
1.584598e-02
0.000000e+00
1.008000e+00
1.034359e+01
3.032304e+00
1.084142e+00
4.652377e-01
2.655133e-01
2.117854e-02
0.000000e+00
