1.000000e+00
1.532586e+00
1.060265e+00
5.518816e-01
1.609671e-01
6.970034e-02
1.628831e-02
5.110930e-03
4.500000e+00
5.538104e+00
4.017766e+00
2.110543e+00
6.126247e-01
2.897823e-01
6.632860e-02
2.058923e-02
2.500000e+01
3.425644e+01
2.425599e+01
1.268304e+01
3.690426e+00
1.671206e+00
3.863906e-01
1.205742e-01
1.359844e+01
5.678351e+00
6.009032e+00
3.342562e+00
9.419264e-01
6.814143e-01
1.437176e-01
4.260345e-02
7.541950e-01
6.229717e-01
5.041077e-01
2.699433e-01
7.757454e-02
4.320473e-02
9.550986e-03
2.909311e-03
1.008000e+00
5.820413e+00
3.439931e+00
1.729963e+00
5.138823e-01
1.453790e-01
3.835079e-02
1.273641e-02
