1.000000e+00
1.534497e+00
1.168891e+00
6.176705e-01
2.615178e-01
1.144549e-01
5.347885e-02
2.533191e-02
4.500000e+00
5.533334e+00
4.225217e+00
2.382719e+00
1.002666e+00
4.392967e-01
2.045251e-01
9.688178e-02
2.500000e+01
3.426429e+01
2.613114e+01
1.425645e+01
6.017682e+00
2.635091e+00
1.229045e+00
5.821814e-01
1.359844e+01
5.555096e+00
4.345912e+00
3.970739e+00
1.612406e+00
7.109673e-01
3.239895e-01
1.534914e-01
7.541950e-01
6.191679e-01
4.756654e-01
3.101964e-01
1.289179e-01
5.660754e-02
2.616127e-02
1.239293e-02
1.008000e+00
5.864426e+00
4.434929e+00
1.871412e+00
8.117392e-01
3.537716e-01
1.676139e-01
7.938879e-02
