1.000000e+00
1.526984e+00
1.179567e+00
6.333404e-01
2.658342e-01
1.116586e-01
5.167454e-02
2.354476e-02
4.500000e+00
5.521198e+00
4.260474e+00
2.441626e+00
1.020986e+00
4.293187e-01
1.973121e-01
9.016064e-02
2.500000e+01
3.414120e+01
2.635985e+01
1.461352e+01
6.122295e+00
2.572966e+00
1.186645e+00
5.414488e-01
1.359844e+01
5.694825e+00
4.348387e+00
4.054268e+00
1.658782e+00
7.020208e-01
3.095700e-01
1.439329e-01
7.541950e-01
6.220031e-01
4.787018e-01
3.174611e-01
1.317403e-01
5.552058e-02
2.515602e-02
1.156326e-02
1.008000e+00
5.788642e+00
4.485931e+00
1.923741e+00
8.195641e-01
3.427530e-01
1.629425e-01
7.342978e-02
