1.000000e+00
1.535365e+00
1.166770e+00
6.969610e-01
4.059072e-01
2.068255e-01
1.081871e-01
6.061742e-02
4.500000e+00
5.535805e+00
4.205526e+00
2.601728e+00
1.486964e+00
7.678815e-01
3.985205e-01
2.239182e-01
2.500000e+01
3.428169e+01
2.604781e+01
1.582708e+01
9.133172e+00
4.684222e+00
2.440844e+00
1.369481e+00
1.359844e+01
5.550901e+00
4.203787e+00
3.511013e+00
1.729259e+00
9.951411e-01
4.854289e-01
2.789797e-01
7.541950e-01
6.192601e-01
4.700845e-01
3.159441e-01
1.729146e-01
9.211391e-02
4.694923e-02
2.655151e-02
1.008000e+00
5.869811e+00
4.464739e+00
2.385016e+00
1.478001e+00
7.209480e-01
3.870180e-01
2.148748e-01
