1.000000e+00
1.536274e+00
1.167537e+00
6.963949e-01
4.051147e-01
2.072431e-01
1.081483e-01
6.145129e-02
4.500000e+00
5.539073e+00
4.208494e+00
2.600108e+00
1.484154e+00
7.691273e-01
3.984435e-01
2.263284e-01
2.500000e+01
3.430196e+01
2.606554e+01
1.581570e+01
9.115620e+00
4.692770e+00
2.440166e+00
1.386318e+00
1.359844e+01
5.554104e+00
4.208834e+00
3.513666e+00
1.726932e+00
9.937510e-01
4.859908e-01
2.753378e-01
7.541950e-01
6.196237e-01
4.704737e-01
3.158809e-01
1.726139e-01
9.218043e-02
4.695826e-02
2.665388e-02
1.008000e+00
5.873307e+00
4.467028e+00
2.381526e+00
1.474819e+00
7.233622e-01
3.866717e-01
2.199398e-01
