1.000000e+00
1.532668e+00
1.065871e+00
4.454664e-01
7.072960e-02
2.717098e-02
1.636245e-02
7.536852e-03
4.500000e+00
5.551891e+00
4.048400e+00
1.897575e+00
2.865487e-01
9.733715e-02
6.232632e-02
2.677469e-02
2.500000e+01
3.429858e+01
2.441227e+01
1.081690e+01
1.673443e+00
6.045771e-01
3.752918e-01
1.666441e-01
1.359844e+01
5.829218e+00
6.146692e+00
4.866086e+00
6.076272e-01
1.024438e-01
9.633338e-02
4.552207e-02
7.541950e-01
6.282968e-01
5.104704e-01
2.940239e-01
4.089576e-02
1.085245e-02
7.906105e-03
3.166867e-03
1.008000e+00
5.778270e+00
3.428253e+00
7.850132e-01
1.711701e-01
1.026177e-01
5.207141e-02
2.351625e-02
