1.000000e+00
1.555883e+00
1.498466e+00
3.416834e-01
0.000000e+00
0.000000e+00
0.000000e+00
0.000000e+00
4.500000e+00
5.550666e+00
3.566413e+00
1.537575e+00
0.000000e+00
0.000000e+00
0.000000e+00
0.000000e+00
2.500000e+01
3.454321e+01
2.756692e+01
8.542085e+00
0.000000e+00
0.000000e+00
0.000000e+00
0.000000e+00
1.359844e+01
5.987366e+00
5.621082e+00
4.646361e+00
0.000000e+00
0.000000e+00
0.000000e+00
0.000000e+00
7.541950e-01
6.171053e-01
1.424370e-01
2.576959e-01
0.000000e+00
0.000000e+00
0.000000e+00
0.000000e+00
1.008000e+00
5.839584e+00
5.539496e+00
3.444169e-01
0.000000e+00
0.000000e+00
0.000000e+00
0.000000e+00
