1.000000e+00
1.532536e+00
1.161894e+00
6.587623e-01
2.965076e-01
1.285458e-01
9.033096e-02
4.618613e-02
4.500000e+00
5.527195e+00
4.193792e+00
2.523626e+00
1.102715e+00
4.667594e-01
3.320455e-01
1.741645e-01
2.500000e+01
3.422328e+01
2.595641e+01
1.515229e+01
6.720948e+00
2.879985e+00
2.035896e+00
1.054065e+00
1.359844e+01
5.558415e+00
4.251419e+00
4.038367e+00
1.447528e+00
5.013868e-01
3.975013e-01
2.522372e-01
7.541950e-01
6.187427e-01
4.704115e-01
3.239254e-01
1.327895e-01
5.313449e-02
3.892588e-02
2.162475e-02
1.008000e+00
5.853994e+00
4.427694e+00
2.051332e+00
1.027672e+00
4.811060e-01
3.253428e-01
1.525316e-01
