1.000000e+00
1.536080e+00
1.166436e+00
7.045975e-01
3.962221e-01
1.579425e-01
6.524242e-02
2.124493e-02
4.500000e+00
5.541196e+00
4.207514e+00
2.626258e+00
1.463146e+00
6.021059e-01
2.466094e-01
8.374965e-02
2.500000e+01
3.430606e+01
2.604989e+01
1.598861e+01
8.950087e+00
3.624047e+00
1.490718e+00
4.957174e-01
1.359844e+01
5.584880e+00
4.238219e+00
3.505097e+00
1.818154e+00
9.353043e-01
3.628402e-01
1.566132e-01
7.541950e-01
6.206519e-01
4.712024e-01
3.178459e-01
1.733632e-01
7.650620e-02
3.077659e-02
1.137356e-02
1.008000e+00
5.863692e+00
4.453411e+00
2.423664e+00
1.406033e+00
5.011029e-01
2.136243e-01
5.871709e-02
