1.000000e+00
1.532130e+00
1.170125e+00
6.709539e-01
3.222461e-01
1.961683e-01
3.663953e-02
2.078434e-03
4.500000e+00
5.518223e+00
4.183540e+00
2.467279e+00
1.015722e+00
3.722961e-01
7.071792e-02
9.352952e-03
2.500000e+01
3.418800e+01
2.600697e+01
1.506878e+01
6.726373e+00
3.190795e+00
6.211709e-01
5.196084e-02
1.359844e+01
5.556103e+00
4.200496e+00
4.145198e+00
1.177502e+00
9.265371e-01
1.388952e-01
2.826346e-02
7.541950e-01
6.177172e-01
4.659107e-01
3.201896e-01
9.316170e-02
5.083396e-02
0.000000e+00
1.567544e-03
1.008000e+00
5.851727e+00
4.478258e+00
2.066279e+00
1.217986e+00
6.417849e-01
1.338576e-01
2.095061e-03
