1.000000e+00
1.532229e+00
1.186693e+00
8.253556e-01
6.045737e-01
1.029696e-01
4.433266e-03
0.000000e+00
4.500000e+00
5.453462e+00
4.107444e+00
2.530740e+00
1.455616e+00
2.636642e-01
1.994970e-02
0.000000e+00
2.500000e+01
3.396446e+01
2.590117e+01
1.693171e+01
1.092053e+01
1.948977e+00
1.108316e-01
0.000000e+00
1.359844e+01
5.508158e+00
4.338379e+00
3.062214e+00
2.750538e+00
6.381092e-01
6.028550e-02
0.000000e+00
7.541950e-01
6.093559e-01
4.579538e-01
2.543869e-01
1.865940e-01
1.763427e-02
3.343547e-03
0.000000e+00
1.008000e+00
5.857900e+00
4.501888e+00
3.087818e+00
2.048976e+00
3.093564e-01
4.468732e-03
0.000000e+00
