1.000000e+00
1.531985e+00
1.066685e+00
4.411888e-01
6.741678e-02
1.963654e-02
6.027503e-03
1.952798e-03
4.500000e+00
5.549597e+00
4.050058e+00
1.885297e+00
2.748970e-01
7.980040e-02
2.433010e-02
7.823355e-03
2.500000e+01
3.428383e+01
2.442666e+01
1.073084e+01
1.600349e+00
4.653310e-01
1.423424e-01
4.593958e-02
1.359844e+01
5.828625e+00
6.134301e+00
4.882801e+00
5.989176e-01
1.714442e-01
5.078492e-02
1.579330e-02
7.541950e-01
6.280872e-01
5.102841e-01
2.934957e-01
3.967444e-02
1.145046e-02
3.450074e-03
1.094561e-03
1.008000e+00
5.775129e+00
3.435697e+00
7.596041e-01
1.575836e-01
4.674628e-02
1.486792e-02
5.003052e-03
