1.000000e+00
1.550893e+00
9.152172e-01
2.560585e-01
8.492638e-02
2.344408e-02
1.422541e-02
6.753499e-03
4.500000e+00
5.602732e+00
3.715049e+00
1.044092e+00
2.648232e-01
8.631440e-02
5.125864e-02
3.039074e-02
2.500000e+01
3.466092e+01
2.167304e+01
6.078333e+00
1.756123e+00
5.287958e-01
3.175314e-01
1.688375e-01
1.359844e+01
5.737603e+00
8.058523e+00
2.274705e+00
6.878665e-01
1.046928e-01
5.107856e-02
9.183704e-02
7.541950e-01
6.299200e-01
5.334468e-01
1.506867e-01
2.854041e-02
1.015632e-02
5.725194e-03
5.093455e-03
1.008000e+00
5.892305e+00
2.158869e+00
5.985443e-01
2.119251e-01
8.400734e-02
5.448386e-02
6.807527e-03
