1.000000e+00
1.547669e+00
9.143524e-01
2.659497e-01
1.085432e-01
8.772134e-02
2.764147e-02
6.231977e-03
4.500000e+00
5.589995e+00
3.711102e+00
1.043564e+00
3.202462e-01
2.178567e-01
7.669055e-02
2.394651e-02
2.500000e+01
3.458561e+01
2.164906e+01
6.175179e+00
2.191916e+00
1.605708e+00
5.295853e-01
1.435597e-01
1.359844e+01
5.713454e+00
8.032735e+00
2.272676e+00
4.176031e-01
3.532038e-01
1.491807e-01
3.901464e-02
7.541950e-01
6.281826e-01
5.337957e-01
1.492714e-01
2.764830e-02
2.868852e-02
1.223546e-02
3.092886e-03
1.008000e+00
5.883501e+00
2.161557e+00
6.429780e-01
4.020299e-01
3.108000e-01
8.730439e-02
1.917713e-02
