1.000000e+00
1.572695e+00
1.016776e+00
3.224951e-01
2.392118e-01
9.170670e-02
5.419561e-02
1.142022e-02
4.500000e+00
5.654024e+00
3.245328e+00
1.122173e+00
7.287957e-01
3.295895e-01
1.727093e-01
4.558173e-02
2.500000e+01
3.506230e+01
2.125739e+01
7.068329e+00
4.907096e+00
2.036859e+00
1.121269e+00
2.681521e-01
1.359844e+01
5.687930e+00
8.565272e+00
1.173695e+00
9.119769e-01
4.421304e-01
2.812333e-01
9.046078e-02
7.541950e-01
6.303802e-01
3.651341e-01
1.209034e-01
6.544830e-02
4.061651e-02
2.414312e-02
6.334339e-03
1.008000e+00
6.010695e+00
2.447301e+00
1.227394e+00
8.905412e-01
3.176240e-01
1.781738e-01
2.979442e-02
