1.000000e+00
1.569848e+00
1.022312e+00
3.133840e-01
1.863259e-01
4.002544e-02
2.987927e-02
1.247815e-02
4.500000e+00
5.648290e+00
3.245038e+00
1.072030e+00
5.942019e-01
1.454676e-01
1.063228e-01
4.778301e-02
2.500000e+01
3.501349e+01
2.131557e+01
6.810920e+00
3.894911e+00
8.971391e-01
6.607039e-01
2.869549e-01
1.359844e+01
5.684379e+00
8.654131e+00
1.151191e+00
1.485364e+00
1.575942e-01
1.283347e-01
7.628168e-02
7.541950e-01
6.302824e-01
3.626979e-01
1.121799e-01
6.600018e-02
1.659645e-02
1.268915e-02
6.128273e-03
1.008000e+00
5.998258e+00
2.447336e+00
1.188649e+00
4.726168e-01
1.493860e-01
1.079749e-01
3.891579e-02
