1.000000e+00
1.604028e+00
1.242298e+00
2.817441e-01
1.399457e-01
9.157336e-02
2.084919e-02
1.252807e-02
4.500000e+00
5.690934e+00
3.146029e+00
5.459256e-01
4.749235e-01
1.720837e-01
7.563587e-02
4.797670e-02
2.500000e+01
3.549771e+01
2.255044e+01
4.766310e+00
2.995865e+00
1.464393e+00
4.669061e-01
2.881104e-01
1.359844e+01
5.771656e+00
9.028699e+00
1.057290e+00
8.235275e-01
3.067380e-01
8.055039e-02
7.661510e-02
7.541950e-01
6.335324e-01
6.196131e-01
3.630287e-03
6.623920e-02
3.241257e-02
8.590932e-03
6.153782e-03
1.008000e+00
6.129506e+00
3.185071e+00
1.029188e+00
4.359564e-01
3.314235e-01
7.824924e-02
3.906350e-02
