1.000000e+00
1.549721e+00
1.058734e+00
5.525235e-01
7.712490e-02
5.451173e-02
2.055299e-02
0.000000e+00
4.500000e+00
5.521799e+00
4.018503e+00
1.757235e+00
2.846781e-01
2.054799e-01
9.248844e-02
0.000000e+00
2.500000e+01
3.438871e+01
2.424050e+01
1.153197e+01
1.741769e+00
1.243834e+00
5.138246e-01
0.000000e+00
1.359844e+01
5.740154e+00
6.073331e+00
4.640286e+00
3.525183e-01
2.968158e-01
2.794885e-01
0.000000e+00
7.541950e-01
6.101302e-01
5.059447e-01
1.964227e-01
3.369654e-02
2.549158e-02
1.550096e-02
0.000000e+00
1.008000e+00
5.880412e+00
3.414387e+00
1.333602e+00
2.740763e-01
1.802782e-01
2.071741e-02
0.000000e+00
