1.000000e+00
1.679395e+00
1.787099e+00
6.060073e-01
6.269505e-02
0.000000e+00
0.000000e+00
0.000000e+00
4.500000e+00
5.687765e+00
2.983462e+00
1.246386e+00
2.821277e-01
0.000000e+00
0.000000e+00
0.000000e+00
2.500000e+01
3.615166e+01
2.707327e+01
1.008157e+01
1.567376e+00
0.000000e+00
0.000000e+00
0.000000e+00
1.359844e+01
5.976254e+00
8.010088e+00
2.115147e+00
8.525549e-01
0.000000e+00
0.000000e+00
0.000000e+00
7.541950e-01
6.655618e-01
6.906004e-01
2.198438e-01
4.728429e-02
0.000000e+00
0.000000e+00
0.000000e+00
1.008000e+00
6.388585e+00
5.806100e+00
2.185599e+00
6.319661e-02
0.000000e+00
0.000000e+00
0.000000e+00
