1.000000e+00
1.534155e+00
1.165441e+00
6.584200e-01
2.998172e-01
1.334041e-01
7.554604e-02
3.533236e-02
4.500000e+00
5.533342e+00
4.194604e+00
2.516849e+00
1.100495e+00
4.712034e-01
2.590171e-01
9.533859e-02
2.500000e+01
3.426035e+01
2.599350e+01
1.512284e+01
6.742787e+00
2.935578e+00
1.632222e+00
6.712984e-01
1.359844e+01
5.567719e+00
4.232453e+00
4.059877e+00
1.459046e+00
5.958672e-01
3.598538e-01
1.220274e-01
7.541950e-01
6.195170e-01
4.705101e-01
3.244086e-01
1.337768e-01
5.732776e-02
3.302106e-02
1.330809e-02
1.008000e+00
5.859210e+00
4.448724e+00
2.042367e+00
1.038140e+00
4.747214e-01
2.609010e-01
1.315239e-01
