1.000000e+00
1.545731e+00
1.061751e+00
6.179242e-01
3.344013e-01
2.681570e-02
0.000000e+00
0.000000e+00
4.500000e+00
5.554669e+00
3.950768e+00
2.165276e+00
7.960990e-01
1.206707e-01
0.000000e+00
0.000000e+00
2.500000e+01
3.444470e+01
2.401252e+01
1.352978e+01
5.917476e+00
6.703925e-01
0.000000e+00
0.000000e+00
1.359844e+01
5.593647e+00
6.181449e+00
2.824077e+00
1.880821e+00
3.646517e-01
0.000000e+00
0.000000e+00
7.541950e-01
6.231797e-01
5.085242e-01
2.672488e-01
1.474383e-01
2.022427e-02
0.000000e+00
0.000000e+00
1.008000e+00
5.904845e+00
3.384207e+00
2.177063e+00
1.012064e+00
2.703023e-02
0.000000e+00
0.000000e+00
