1.000000e+00
1.536628e+00
1.165095e+00
7.053197e-01
3.824202e-01
1.355079e-01
6.562221e-02
4.077573e-02
4.500000e+00
5.541190e+00
4.203434e+00
2.632833e+00
1.432164e+00
5.124523e-01
2.404637e-01
1.512407e-01
2.500000e+01
3.431237e+01
2.602220e+01
1.601660e+01
8.698022e+00
3.096944e+00
1.476749e+00
9.230558e-01
1.359844e+01
5.564761e+00
4.241814e+00
3.552033e+00
1.977875e+00
7.563698e-01
2.803388e-01
1.945469e-01
7.541950e-01
6.200960e-01
4.709581e-01
3.196950e-01
1.751638e-01
6.401948e-02
2.798192e-02
1.810246e-02
1.008000e+00
5.872017e+00
4.445902e+00
2.413927e+00
1.294158e+00
4.429190e-01
2.387275e-01
1.425992e-01
