1.000000e+00
1.537521e+00
1.173997e+00
7.283974e-01
4.894751e-01
9.473279e-02
2.827307e-02
3.170865e-03
4.500000e+00
5.528519e+00
4.173587e+00
2.628185e+00
1.341307e+00
3.812392e-01
1.087631e-01
1.426889e-02
2.500000e+01
3.426415e+01
2.595191e+01
1.615542e+01
9.036422e+00
2.233722e+00
6.516662e-01
7.927163e-02
1.359844e+01
5.557848e+00
4.261231e+00
3.575822e+00
2.110976e+00
7.853267e-01
1.783763e-01
4.311882e-02
7.541950e-01
6.215203e-01
4.798631e-01
3.347281e-01
2.524614e-01
5.377243e-02
1.408007e-02
2.391451e-03
1.008000e+00
5.877485e+00
4.480253e+00
2.514520e+00
1.750538e+00
2.372982e-01
8.661438e-02
3.196232e-03
