1.000000e+00
1.534727e+00
1.162754e+00
6.590569e-01
2.978311e-01
1.269880e-01
7.419838e-02
3.539314e-02
4.500000e+00
5.535299e+00
4.194179e+00
2.526980e+00
1.108037e+00
4.698233e-01
2.744884e-01
1.314350e-01
2.500000e+01
3.427281e+01
2.596750e+01
1.516571e+01
6.752141e+00
2.871133e+00
1.677507e+00
8.016825e-01
1.359844e+01
5.568632e+00
4.224241e+00
4.065017e+00
1.458447e+00
5.926385e-01
3.459781e-01
1.706385e-01
7.541950e-01
6.197069e-01
4.696939e-01
3.249435e-01
1.335389e-01
5.591125e-02
3.265818e-02
1.577515e-02
1.008000e+00
5.861720e+00
4.439523e+00
2.045243e+00
1.031002e+00
4.478307e-01
2.617487e-01
1.232755e-01
