1.000000e+00
1.543378e+00
1.038965e+00
5.653583e-01
2.511890e-01
8.144880e-02
1.483769e-02
0.000000e+00
4.500000e+00
5.566987e+00
3.968765e+00
2.144427e+00
1.026276e+00
2.989668e-01
6.676963e-02
0.000000e+00
2.500000e+01
3.446442e+01
2.386344e+01
1.290425e+01
5.968833e+00
1.677466e+00
3.709424e-01
0.000000e+00
1.359844e+01
5.604667e+00
6.242266e+00
3.218115e+00
2.254210e+00
3.140024e-01
2.017695e-01
0.000000e+00
7.541950e-01
6.233918e-01
5.064205e-01
2.696258e-01
1.486211e-01
3.499947e-02
1.119052e-02
0.000000e+00
1.008000e+00
5.894656e+00
3.271017e+00
1.844472e+00
5.807426e-01
3.679997e-01
1.495640e-02
0.000000e+00
