1.000000e+00
1.531002e+00
1.065413e+00
4.835501e-01
1.357563e-01
4.218205e-02
8.490229e-03
5.031361e-03
4.500000e+00
5.546262e+00
4.043887e+00
1.976595e+00
5.509821e-01
1.668946e-01
3.082834e-02
2.037827e-02
2.500000e+01
3.426250e+01
2.439352e+01
1.149316e+01
3.214911e+00
9.860708e-01
1.902171e-01
1.190244e-01
1.359844e+01
5.827415e+00
6.112009e+00
4.350259e+00
1.177299e+00
3.177508e-01
3.311230e-02
4.316321e-02
7.541950e-01
6.277731e-01
5.091492e-01
2.864821e-01
7.888204e-02
2.282109e-02
3.509320e-03
2.907002e-03
1.008000e+00
5.770709e+00
3.435824e+00
1.114909e+00
3.254264e-01
1.146678e-01
3.177719e-02
1.219325e-02
