1.000000e+00
1.535080e+00
1.169846e+00
6.082737e-01
2.195224e-01
5.063277e-02
1.487333e-02
0.000000e+00
4.500000e+00
5.533465e+00
4.225793e+00
2.347734e+00
8.383995e-01
1.981786e-01
6.692996e-02
0.000000e+00
2.500000e+01
3.427141e+01
2.614391e+01
1.404334e+01
5.041620e+00
1.177192e+00
3.718331e-01
0.000000e+00
1.359844e+01
5.535235e+00
4.317349e+00
3.924441e+00
1.317152e+00
3.573959e-01
2.022540e-01
0.000000e+00
7.541950e-01
6.186307e-01
4.749254e-01
3.059732e-01
1.069390e-01
2.654910e-02
1.121739e-02
0.000000e+00
1.008000e+00
5.872848e+00
4.447610e+00
1.838963e+00
6.916316e-01
1.444115e-01
1.499231e-02
0.000000e+00
