1.000000e+00
1.534376e+00
1.165306e+00
7.104409e-01
3.777152e-01
1.394838e-01
3.116643e-02
1.486608e-03
4.500000e+00
5.529536e+00
4.195795e+00
2.577880e+00
1.403623e+00
3.932790e-01
3.709456e-02
6.689736e-03
2.500000e+01
3.424943e+01
2.599465e+01
1.586382e+01
8.543257e+00
2.679752e+00
4.199384e-01
3.716520e-02
1.359844e+01
5.551227e+00
4.264401e+00
3.521293e+00
2.075337e+00
1.006625e+00
9.531244e-02
2.021555e-02
7.541950e-01
6.189266e-01
4.715668e-01
3.184066e-01
1.767758e-01
7.027642e-02
1.022629e-02
1.121192e-03
1.008000e+00
5.864431e+00
4.438860e+00
2.436095e+00
1.240316e+00
3.662818e-01
1.119766e-01
1.498501e-03
