1.000000e+00
1.539169e+00
1.044187e+00
5.164325e-01
1.340687e-01
1.916766e-02
5.673556e-03
1.782288e-03
4.500000e+00
5.560523e+00
3.978305e+00
2.029263e+00
5.748563e-01
7.794034e-02
2.310609e-02
7.181121e-03
2.500000e+01
3.439950e+01
2.395229e+01
1.203054e+01
3.266723e+00
4.543555e-01
1.345952e-01
4.205042e-02
1.359844e+01
5.687455e+00
6.157468e+00
3.733755e+00
1.505568e+00
1.678573e-01
5.008729e-02
1.487038e-02
7.541950e-01
6.251103e-01
5.048829e-01
2.738987e-01
8.995310e-02
1.119486e-02
3.327772e-03
1.015018e-03
1.008000e+00
5.849726e+00
3.320217e+00
1.447988e+00
2.246872e-01
4.548714e-02
1.335063e-02
4.437601e-03
