1.000000e+00
1.535622e+00
1.183054e+00
8.433363e-01
3.159542e-01
8.334841e-02
3.428918e-02
1.655106e-02
4.500000e+00
5.513674e+00
4.173424e+00
2.432828e+00
1.204240e+00
3.190594e-01
1.262196e-01
5.398731e-02
2.500000e+01
3.420275e+01
2.607367e+01
1.654192e+01
7.248593e+00
1.912676e+00
7.724287e-01
3.464886e-01
1.359844e+01
5.549121e+00
4.320193e+00
3.876705e+00
1.888148e+00
5.683191e-01
1.995955e-01
9.417510e-02
7.541950e-01
6.187321e-01
4.763969e-01
3.531091e-01
1.532003e-01
4.287393e-02
1.542878e-02
7.676233e-03
1.008000e+00
5.867822e+00
4.495063e+00
2.879082e+00
9.974693e-01
2.424810e-01
1.094665e-01
5.215819e-02
