1.000000e+00
1.559073e+00
1.206130e+00
5.839260e-01
2.528063e-01
4.721463e-02
2.469226e-02
4.558329e-03
4.500000e+00
5.607597e+00
3.667694e+00
2.116540e+00
5.845272e-01
1.793195e-01
7.268898e-02
8.008858e-03
2.500000e+01
3.473856e+01
2.461533e+01
1.224117e+01
4.423517e+00
1.056460e+00
4.613685e-01
7.041591e-02
1.359844e+01
5.754958e+00
6.782210e+00
3.781457e+00
1.201755e+00
3.475094e-01
8.518015e-02
2.216749e-02
7.541950e-01
6.300381e-01
3.560882e-01
2.973134e-01
1.037824e-01
2.527318e-02
9.699848e-03
1.828252e-03
1.008000e+00
5.931862e+00
3.883685e+00
2.022126e+00
8.275871e-01
1.373422e-01
1.045519e-01
1.435979e-02
