1.000000e+00
1.534011e+00
1.037607e+00
5.973493e-01
2.203539e-01
5.392267e-02
0.000000e+00
0.000000e+00
4.500000e+00
5.532192e+00
3.936708e+00
2.170302e+00
8.852167e-01
2.426520e-01
0.000000e+00
0.000000e+00
2.500000e+01
3.425526e+01
2.375198e+01
1.338705e+01
5.191082e+00
1.348067e+00
0.000000e+00
0.000000e+00
1.359844e+01
5.560159e+00
5.934244e+00
2.344249e+00
1.809221e+00
7.332642e-01
0.000000e+00
0.000000e+00
7.541950e-01
6.192115e-01
4.952194e-01
2.474179e-01
1.244629e-01
4.066821e-02
0.000000e+00
0.000000e+00
1.008000e+00
5.860645e+00
3.351295e+00
2.231651e+00
5.569019e-01
5.435406e-02
0.000000e+00
0.000000e+00
