1.000000e+00
1.536124e+00
1.161883e+00
7.065478e-01
3.674301e-01
7.612753e-02
3.255631e-03
0.000000e+00
4.500000e+00
5.538915e+00
4.192724e+00
2.628639e+00
1.383519e+00
2.678979e-01
1.465034e-02
0.000000e+00
2.500000e+01
3.429976e+01
2.595188e+01
1.601367e+01
8.370423e+00
1.643139e+00
8.139079e-02
0.000000e+00
1.359844e+01
5.557832e+00
4.259372e+00
3.534229e+00
2.129505e+00
7.974048e-01
4.427151e-02
0.000000e+00
7.541950e-01
6.197133e-01
4.706468e-01
3.192527e-01
1.760450e-01
4.780182e-02
2.455381e-03
0.000000e+00
1.008000e+00
5.871530e+00
4.425111e+00
2.423808e+00
1.176675e+00
1.350565e-01
3.281677e-03
0.000000e+00
