1.000000e+00
1.550381e+00
9.129442e-01
2.557332e-01
7.272800e-02
2.190502e-02
8.858761e-03
6.650137e-03
4.500000e+00
5.601453e+00
3.717423e+00
1.043680e+00
2.942428e-01
8.544172e-02
3.201963e-02
1.395536e-02
2.500000e+01
3.465135e+01
2.165611e+01
6.073101e+00
1.718652e+00
5.061136e-01
1.980351e-01
1.106390e-01
1.359844e+01
5.733608e+00
8.053063e+00
2.285939e+00
6.343366e-01
1.881674e-01
3.291046e-02
3.957308e-02
7.541950e-01
6.298300e-01
5.352464e-01
1.509834e-01
4.235702e-02
1.258728e-02
3.604039e-03
2.959617e-03
1.008000e+00
5.891008e+00
2.150132e+00
5.937439e-01
1.731100e-01
5.247523e-02
3.361873e-02
1.917568e-02
