1.000000e+00
1.532997e+00
1.163949e+00
6.626912e-01
2.991001e-01
1.168298e-01
5.736558e-02
1.700495e-02
4.500000e+00
5.529076e+00
4.190099e+00
2.530099e+00
1.098023e+00
4.107790e-01
2.193629e-01
3.515987e-02
2.500000e+01
3.423422e+01
2.596327e+01
1.521020e+01
6.725423e+00
2.562159e+00
1.318290e+00
2.810843e-01
1.359844e+01
5.562550e+00
4.229254e+00
4.076751e+00
1.484983e+00
5.504180e-01
3.472392e-01
9.951929e-02
7.541950e-01
6.190152e-01
4.700014e-01
3.261280e-01
1.344328e-01
5.110534e-02
2.805217e-02
7.500381e-03
1.008000e+00
5.855057e+00
4.442512e+00
2.057919e+00
1.026953e+00
4.069540e-01
1.798795e-01
4.944391e-02
