1.000000e+00
1.536197e+00
1.160048e+00
7.183541e-01
3.419843e-01
8.192843e-02
1.229113e-02
6.181908e-03
4.500000e+00
5.539253e+00
4.188803e+00
2.652583e+00
1.335142e+00
2.275442e-01
4.476175e-02
2.366313e-02
2.500000e+01
3.430108e+01
2.591750e+01
1.621225e+01
7.940855e+00
1.563674e+00
2.757683e-01
1.421345e-01
1.359844e+01
5.567436e+00
4.306278e+00
3.520534e+00
2.376010e+00
5.527947e-01
4.941146e-02
3.768575e-02
7.541950e-01
6.200531e-01
4.717391e-01
3.217138e-01
1.779855e-01
3.992607e-02
5.132228e-03
3.032349e-03
1.008000e+00
5.869052e+00
4.402655e+00
2.482620e+00
9.860775e-01
2.259876e-01
4.558712e-02
1.930939e-02
