1.000000e+00
2.694833e+00
9.986911e-01
8.698287e-01
2.310247e-01
8.959314e-02
2.785724e-02
1.163757e-02
4.500000e+00
3.314698e+00
3.036931e+00
1.577050e+00
5.657451e-01
3.612395e-01
1.067707e-01
4.472110e-02
2.500000e+01
3.670324e+01
2.022993e+01
1.369894e+01
4.177331e+00
2.114576e+00
6.409083e-01
2.680933e-01
1.359844e+01
8.272142e+00
3.510243e+00
2.900827e+00
7.966188e-01
7.503547e-01
1.713690e-01
7.289460e-02
7.541950e-01
8.877684e-01
3.862250e-01
3.061022e-01
8.561898e-02
5.112340e-02
1.371892e-02
5.777008e-03
1.008000e+00
9.690564e+00
3.755514e+00
3.142470e+00
8.509235e-01
2.222708e-01
8.657660e-02
3.580036e-02
