1.000000e+00
1.544474e+00
1.213753e+00
8.835318e-01
2.886857e-01
8.236558e-02
0.000000e+00
0.000000e+00
4.500000e+00
5.535790e+00
4.162549e+00
2.399659e+00
1.136799e+00
1.509103e-01
0.000000e+00
0.000000e+00
2.500000e+01
3.436318e+01
2.631172e+01
1.679459e+01
6.732360e+00
1.293940e+00
0.000000e+00
0.000000e+00
1.359844e+01
5.599700e+00
4.431044e+00
3.848559e+00
2.114409e+00
4.202825e-01
0.000000e+00
0.000000e+00
7.541950e-01
6.226855e-01
4.859357e-01
3.594882e-01
1.540668e-01
3.383281e-02
0.000000e+00
0.000000e+00
1.008000e+00
5.894547e+00
4.592551e+00
3.055015e+00
8.017441e-01
2.546315e-01
0.000000e+00
0.000000e+00
