1.000000e+00
1.594236e+00
1.059088e+00
2.975672e-01
1.404682e-01
2.429716e-02
9.518455e-03
6.466723e-03
4.500000e+00
5.632076e+00
3.361608e+00
1.096847e+00
5.959884e-01
9.644553e-02
3.421126e-02
1.971666e-02
2.500000e+01
3.522324e+01
2.208755e+01
6.715542e+00
3.403557e+00
5.684706e-01
2.119987e-01
1.324599e-01
1.359844e+01
5.819461e+00
8.674173e+00
1.349196e+00
1.517756e+00
2.054414e-01
3.655544e-02
3.226898e-02
7.541950e-01
6.143623e-01
3.720625e-01
1.294944e-01
9.192830e-02
1.354173e-02
3.907346e-03
1.913662e-03
1.008000e+00
6.070564e+00
2.619357e+00
1.060492e+00
2.521634e-01
5.959316e-02
3.573642e-02
2.186123e-02
