1.000000e+00
1.532353e+00
1.164657e+00
6.613135e-01
1.540298e-01
0.000000e+00
0.000000e+00
0.000000e+00
4.500000e+00
5.515723e+00
4.167373e+00
2.693989e+00
3.448914e-01
0.000000e+00
0.000000e+00
0.000000e+00
2.500000e+01
3.418003e+01
2.588009e+01
1.569068e+01
2.638033e+00
0.000000e+00
0.000000e+00
0.000000e+00
1.359844e+01
5.547702e+00
4.327809e+00
5.846334e+00
9.855615e-01
0.000000e+00
0.000000e+00
0.000000e+00
7.541950e-01
6.180825e-01
4.728640e-01
3.881729e-01
7.133851e-02
0.000000e+00
0.000000e+00
0.000000e+00
1.008000e+00
5.854505e+00
4.412600e+00
1.553867e+00
4.272302e-01
0.000000e+00
0.000000e+00
0.000000e+00
