1.000000e+00
1.550574e+00
9.182171e-01
2.647656e-01
1.339728e-01
6.636434e-02
3.895732e-03
0.000000e+00
4.500000e+00
5.593250e+00
3.706502e+00
1.038928e+00
2.612446e-01
1.280898e-01
1.753080e-02
0.000000e+00
2.500000e+01
3.462750e+01
2.167804e+01
6.156598e+00
2.279659e+00
1.125113e+00
9.739331e-02
0.000000e+00
1.359844e+01
5.715411e+00
8.064879e+00
2.252718e+00
5.180372e-01
2.515776e-01
5.297588e-02
0.000000e+00
7.541950e-01
6.274212e-01
5.297031e-01
1.442844e-01
0.000000e+00
0.000000e+00
2.938142e-03
0.000000e+00
1.008000e+00
5.896561e+00
2.170256e+00
6.446506e-01
4.867097e-01
2.424531e-01
3.926898e-03
0.000000e+00
