1.000000e+00
1.533700e+00
1.161620e+00
6.621912e-01
2.711976e-01
6.563802e-02
5.582865e-02
2.601486e-02
4.500000e+00
5.531894e+00
4.185498e+00
2.536595e+00
1.014521e+00
2.333131e-01
1.479947e-01
8.511762e-02
2.500000e+01
3.425076e+01
2.592545e+01
1.523066e+01
6.155436e+00
1.454141e+00
1.068779e+00
5.516511e-01
1.359844e+01
5.568256e+00
4.263490e+00
4.057538e+00
1.699249e+00
2.729820e-01
2.077716e-01
1.647539e-01
7.541950e-01
6.194099e-01
4.691752e-01
3.255465e-01
1.293243e-01
2.607268e-02
1.239536e-02
9.179729e-03
1.008000e+00
5.856852e+00
4.422133e+00
2.062530e+00
8.314767e-01
2.404134e-01
2.066113e-01
7.845279e-02
