1.000000e+00
1.535130e+00
1.160589e+00
7.108136e-01
3.576859e-01
1.835431e-01
1.115810e-02
0.000000e+00
4.500000e+00
5.504142e+00
4.179077e+00
2.574977e+00
1.361366e+00
3.186942e-01
5.021145e-02
0.000000e+00
2.500000e+01
3.416449e+01
2.589084e+01
1.586385e+01
8.200664e+00
2.840471e+00
2.789525e-01
0.000000e+00
1.359844e+01
5.544452e+00
4.267614e+00
3.477895e+00
2.093612e+00
8.475711e-01
1.517328e-01
0.000000e+00
7.541950e-01
6.177238e-01
4.695193e-01
3.147780e-01
1.723982e-01
6.416358e-02
8.415384e-03
0.000000e+00
1.008000e+00
5.865741e+00
4.415195e+00
2.450987e+00
1.141745e+00
5.941175e-01
1.124737e-02
0.000000e+00
