1.000000e+00
1.534214e+00
1.165551e+00
6.662816e-01
2.937353e-01
1.790316e-01
7.381707e-02
3.295032e-02
4.500000e+00
5.531792e+00
4.188257e+00
2.493536e+00
1.093828e+00
4.749447e-01
2.769190e-01
1.223521e-01
2.500000e+01
3.425437e+01
2.596024e+01
1.507144e+01
6.662359e+00
3.251209e+00
1.680361e+00
7.463168e-01
1.359844e+01
5.564720e+00
4.232568e+00
4.056092e+00
1.449875e+00
6.556167e-01
3.870711e-01
1.587339e-01
7.541950e-01
6.195674e-01
4.722613e-01
3.319674e-01
1.321062e-01
8.874094e-02
3.399708e-02
1.468189e-02
1.008000e+00
5.860260e+00
4.449864e+00
2.079705e+00
1.013585e+00
6.728501e-01
2.483147e-01
1.148030e-01
