1.000000e+00
1.630785e+00
1.254409e+00
2.370019e-01
1.818661e-01
5.322732e-02
1.056574e-02
0.000000e+00
4.500000e+00
5.686907e+00
3.183748e+00
7.667526e-01
4.769151e-01
2.193076e-01
4.754584e-02
0.000000e+00
2.500000e+01
3.570604e+01
2.280119e+01
4.968615e+00
3.384906e+00
1.270296e+00
2.641436e-01
0.000000e+00
1.359844e+01
5.834162e+00
9.036685e+00
8.599257e-01
9.438733e-01
4.981877e-01
1.436776e-01
0.000000e+00
7.541950e-01
6.511694e-01
6.231752e-01
9.362782e-02
7.860802e-02
3.221413e-02
7.968630e-03
0.000000e+00
1.008000e+00
6.221323e+00
3.241018e+00
8.907907e-01
5.810565e-01
1.172747e-01
1.065027e-02
0.000000e+00
