1.000000e+00
2.041081e+00
1.415998e+00
1.045877e+00
3.068645e-01
1.260608e-01
4.603199e-02
9.424753e-03
4.500000e+00
3.968621e+00
4.596800e+00
2.459794e+00
1.143010e+00
4.881054e-01
1.249468e-01
4.241139e-02
2.500000e+01
3.460633e+01
2.719738e+01
1.854576e+01
6.957460e+00
2.915029e+00
8.952051e-01
2.356188e-01
1.359844e+01
7.687247e+00
3.907914e+00
3.573298e+00
1.699560e+00
8.306426e-01
2.220547e-01
1.281619e-01
7.541950e-01
0.000000e+00
5.410449e-01
3.814220e-01
1.403924e-01
6.401995e-02
8.884354e-03
7.108102e-03
1.008000e+00
7.473157e+00
6.702878e+00
3.846539e+00
1.005600e+00
3.762272e-01
1.570255e-01
9.500151e-03
