1.000000e+00
1.556275e+00
9.122444e-01
3.503282e-01
2.574646e-01
1.645695e-01
2.132971e-02
0.000000e+00
4.500000e+00
5.584413e+00
3.664874e+00
1.208491e+00
7.555620e-01
4.346101e-01
9.598370e-02
0.000000e+00
2.500000e+01
3.465097e+01
2.146559e+01
7.619022e+00
5.111162e+00
3.080771e+00
5.332428e-01
0.000000e+00
1.359844e+01
5.611073e+00
7.902124e+00
1.300143e+00
9.605150e-01
7.484866e-01
2.900508e-01
0.000000e+00
7.541950e-01
6.265543e-01
5.288844e-01
1.411229e-01
1.007619e-01
6.771419e-02
1.608676e-02
0.000000e+00
1.008000e+00
5.949943e+00
2.183291e+00
1.320423e+00
9.472138e-01
5.576265e-01
2.150035e-02
0.000000e+00
