1.000000e+00
1.555792e+00
1.194592e+00
6.120825e-01
1.521011e-01
5.565391e-02
1.694912e-02
4.058786e-03
4.500000e+00
5.537265e+00
3.614068e+00
1.736660e+00
5.995887e-01
2.266372e-01
6.850264e-02
1.826454e-02
2.500000e+01
3.450332e+01
2.440507e+01
1.213104e+01
3.549015e+00
1.320236e+00
4.005223e-01
1.014697e-01
1.359844e+01
5.780354e+00
6.669038e+00
3.650064e+00
1.121155e+00
4.911169e-01
1.437794e-01
5.519316e-02
7.541950e-01
6.111820e-01
3.358496e-01
1.458752e-01
8.142432e-02
3.263601e-02
9.735716e-03
3.061116e-03
1.008000e+00
5.897903e+00
3.840067e+00
1.892196e+00
4.204084e-01
1.310194e-01
4.153338e-02
4.091256e-03
