1.000000e+00
1.614494e+00
1.398769e+00
2.525686e-01
1.127906e-01
0.000000e+00
0.000000e+00
0.000000e+00
4.500000e+00
5.641146e+00
3.508930e+00
9.199406e-01
5.075577e-01
0.000000e+00
0.000000e+00
0.000000e+00
2.500000e+01
3.538927e+01
2.545683e+01
5.667134e+00
2.819765e+00
0.000000e+00
0.000000e+00
0.000000e+00
1.359844e+01
5.787867e+00
7.124205e+00
1.016891e+00
1.533776e+00
0.000000e+00
0.000000e+00
0.000000e+00
7.541950e-01
6.453203e-01
5.963775e-01
1.055156e-01
8.506611e-02
0.000000e+00
0.000000e+00
0.000000e+00
1.008000e+00
6.157427e+00
4.483112e+00
9.363278e-01
1.136929e-01
0.000000e+00
0.000000e+00
0.000000e+00
