1.000000e+00
1.571494e+00
1.182730e+00
2.919032e-01
1.007072e-01
2.330931e-02
0.000000e+00
0.000000e+00
4.500000e+00
5.609208e+00
3.619498e+00
1.174336e+00
3.871996e-01
1.048919e-01
0.000000e+00
0.000000e+00
2.500000e+01
3.490553e+01
2.429263e+01
6.881676e+00
2.320576e+00
5.827328e-01
0.000000e+00
0.000000e+00
1.359844e+01
5.710608e+00
6.732800e+00
2.415512e+00
6.330344e-01
3.169703e-01
0.000000e+00
0.000000e+00
7.541950e-01
6.198131e-01
3.445881e-01
1.655382e-01
5.007050e-02
1.757977e-02
0.000000e+00
0.000000e+00
1.008000e+00
5.995503e+00
3.767389e+00
7.324185e-01
3.091735e-01
2.349579e-02
0.000000e+00
0.000000e+00
