1.000000e+00
1.553184e+00
1.184735e+00
6.040412e-01
3.522531e-01
1.093176e-01
2.987073e-02
8.534001e-03
4.500000e+00
5.576612e+00
3.588029e+00
2.126500e+00
1.200212e+00
3.270585e-01
1.055767e-01
3.400142e-02
2.500000e+01
3.459906e+01
2.419684e+01
1.329249e+01
7.522902e+00
2.188557e+00
6.574869e-01
2.002016e-01
1.359844e+01
5.618148e+00
6.721735e+00
2.278963e+00
2.678853e+00
4.821588e-01
2.439090e-01
6.692348e-02
7.541950e-01
6.231141e-01
3.435352e-01
2.453448e-01
1.858619e-01
4.538561e-02
1.320740e-02
4.709737e-03
1.008000e+00
5.934417e+00
3.774290e+00
2.272744e+00
9.187558e-01
3.811531e-01
7.485527e-02
2.245493e-02
