1.000000e+00
1.533138e+00
1.156879e+00
7.055234e-01
3.741811e-01
1.454360e-01
5.705553e-03
0.000000e+00
4.500000e+00
5.508085e+00
4.174348e+00
2.563506e+00
1.325360e+00
3.135783e-01
2.567499e-02
0.000000e+00
2.500000e+01
3.416757e+01
2.583530e+01
1.576983e+01
8.262860e+00
2.448815e+00
1.426388e-01
0.000000e+00
1.359844e+01
5.551496e+00
4.299608e+00
3.447916e+00
2.154335e+00
8.921346e-01
7.758662e-02
0.000000e+00
7.541950e-01
6.140258e-01
4.705479e-01
3.146652e-01
1.549142e-01
6.580445e-02
4.303099e-03
0.000000e+00
1.008000e+00
5.857189e+00
4.388625e+00
2.434338e+00
1.197706e+00
4.128204e-01
5.751197e-03
0.000000e+00
