1.000000e+00
1.553022e+00
9.133771e-01
3.445185e-01
2.096067e-01
1.140790e-01
4.429081e-02
1.124170e-02
4.500000e+00
5.598672e+00
3.711769e+00
1.246597e+00
7.811483e-01
4.314767e-01
1.660097e-01
5.058766e-02
2.500000e+01
3.467356e+01
2.164424e+01
7.705642e+00
4.755997e+00
2.607387e+00
1.007800e+00
2.810425e-01
1.359844e+01
5.605869e+00
7.973698e+00
1.294944e+00
1.041349e+00
6.374553e-01
2.306398e-01
1.528696e-01
7.541950e-01
6.260699e-01
5.325775e-01
1.406906e-01
9.450628e-02
5.392006e-02
2.034207e-02
8.478435e-03
1.008000e+00
5.939814e+00
2.174614e+00
1.303194e+00
7.213860e-01
3.726807e-01
1.494436e-01
1.133163e-02
