1.000000e+00
2.881208e+00
7.755359e-01
7.585310e-01
3.383287e-01
1.410227e-01
4.897519e-02
5.507749e-03
4.500000e+00
3.547443e+00
5.852945e+00
1.621445e+00
1.232370e+00
5.561043e-01
1.884389e-01
2.478487e-02
2.500000e+01
3.922231e+01
2.518290e+01
1.284944e+01
7.591604e+00
3.291079e+00
1.128940e+00
1.376937e-01
1.359844e+01
8.831697e+00
2.669113e+00
2.572362e+00
1.362868e+00
1.041583e+00
3.094022e-01
7.489679e-02
7.541950e-01
9.462845e-01
1.181860e-01
2.741360e-01
1.413678e-01
7.556710e-02
2.440438e-02
4.153916e-03
1.008000e+00
1.036371e+01
3.366541e+00
2.768023e+00
1.254065e+00
3.891991e-01
1.499181e-01
5.551811e-03
