1.000000e+00
1.548104e+00
1.191315e+00
5.163324e-01
2.044477e-01
6.153161e-02
8.795482e-03
0.000000e+00
4.500000e+00
5.589163e+00
3.647255e+00
1.986423e+00
8.562249e-01
2.401245e-01
3.957967e-02
0.000000e+00
2.500000e+01
3.457898e+01
2.446598e+01
1.185848e+01
4.920640e+00
1.320240e+00
2.198870e-01
0.000000e+00
1.359844e+01
5.766569e+00
6.763717e+00
3.248450e+00
2.068221e+00
3.990530e-01
1.196048e-01
0.000000e+00
7.541950e-01
6.284214e-01
3.472694e-01
2.572145e-01
1.291714e-01
3.203217e-02
6.633508e-03
0.000000e+00
1.008000e+00
5.873127e+00
3.803196e+00
1.601344e+00
4.068416e-01
2.282745e-01
8.865846e-03
0.000000e+00
