1.000000e+00
1.553398e+00
9.051982e-01
3.347352e-01
2.044018e-01
1.012081e-01
2.642636e-02
2.424266e-03
4.500000e+00
5.600413e+00
3.684193e+00
1.212863e+00
7.632483e-01
3.918771e-01
1.051961e-01
1.090920e-02
2.500000e+01
3.468311e+01
2.146734e+01
7.491801e+00
4.642370e+00
2.340339e+00
6.196671e-01
6.060666e-02
1.359844e+01
5.611526e+00
7.965483e+00
1.276765e+00
1.032200e+00
6.668921e-01
2.062016e-01
3.296624e-02
7.541950e-01
6.263727e-01
5.300292e-01
1.373489e-01
9.274681e-02
5.139886e-02
1.454784e-02
1.828370e-03
1.008000e+00
5.940040e+00
2.137323e+00
1.260944e+00
6.987611e-01
3.020521e-01
6.982529e-02
2.443660e-03
