1.000000e+00
1.542016e+00
1.058990e+00
3.531647e-01
2.212018e-01
4.895902e-02
0.000000e+00
0.000000e+00
4.500000e+00
5.572075e+00
3.973271e+00
1.384453e+00
5.370598e-01
2.203156e-01
0.000000e+00
0.000000e+00
2.500000e+01
3.446523e+01
2.406964e+01
8.217375e+00
3.962461e+00
1.223975e+00
0.000000e+00
0.000000e+00
1.359844e+01
5.739192e+00
6.182418e+00
2.516869e+00
1.088356e+00
6.657663e-01
0.000000e+00
0.000000e+00
7.541950e-01
6.276581e-01
5.085358e-01
1.860249e-01
9.262735e-02
3.692465e-02
0.000000e+00
0.000000e+00
1.008000e+00
5.848526e+00
3.375717e+00
1.000499e+00
7.173910e-01
4.935069e-02
0.000000e+00
0.000000e+00
