1.000000e+00
1.532729e+00
1.060006e+00
5.515036e-01
1.607944e-01
6.961535e-02
1.642076e-02
5.086301e-03
4.500000e+00
5.538523e+00
4.016949e+00
2.109066e+00
6.119341e-01
2.894128e-01
6.663274e-02
2.059706e-02
2.500000e+01
3.425935e+01
2.425055e+01
1.267426e+01
3.686367e+00
1.669120e+00
3.888299e-01
1.203130e-01
1.359844e+01
5.677788e+00
6.009426e+00
3.339921e+00
9.405441e-01
6.804034e-01
1.422612e-01
4.359291e-02
7.541950e-01
6.229914e-01
5.040499e-01
2.697460e-01
7.747824e-02
4.314572e-02
9.536388e-03
2.937282e-03
1.008000e+00
5.821266e+00
3.438563e+00
1.728877e+00
5.134358e-01
1.452525e-01
3.940288e-02
1.233813e-02
