1.000000e+00
1.530922e+00
1.064112e+00
4.832071e-01
1.578745e-01
4.726462e-02
2.195758e-02
6.969996e-03
4.500000e+00
5.544111e+00
4.039594e+00
1.968272e+00
6.027675e-01
1.799665e-01
8.937656e-02
2.811727e-02
2.500000e+01
3.425516e+01
2.436566e+01
1.146434e+01
3.625238e+00
1.083862e+00
5.207626e-01
1.645483e-01
1.359844e+01
5.806339e+00
6.111775e+00
4.269940e+00
9.451788e-01
2.774926e-01
1.933130e-01
5.853367e-02
7.541950e-01
6.270102e-01
5.087814e-01
2.835644e-01
7.683447e-02
2.281032e-02
1.286029e-02
3.982789e-03
1.008000e+00
5.776265e+00
3.429587e+00
1.135897e+00
4.979892e-01
1.506326e-01
5.181939e-02
1.724696e-02
