1.000000e+00
1.554890e+00
9.056805e-01
3.439850e-01
1.993938e-01
9.148869e-02
5.692335e-02
1.882713e-02
4.500000e+00
5.604083e+00
3.682546e+00
1.219795e+00
7.202451e-01
2.875467e-01
9.252478e-02
4.105560e-02
2.500000e+01
3.471064e+01
2.146529e+01
7.611854e+00
4.436311e+00
1.904943e+00
8.768545e-01
3.342408e-01
1.359844e+01
5.613756e+00
7.987960e+00
1.263781e+00
1.178312e+00
4.409029e-01
1.936832e-01
7.489743e-02
7.541950e-01
6.266762e-01
5.303823e-01
1.351212e-01
9.181208e-02
2.757114e-02
1.027674e-02
8.934848e-04
1.008000e+00
5.946463e+00
2.132642e+00
1.307289e+00
6.283302e-01
3.150007e-01
2.066493e-01
6.810083e-02
