1.000000e+00
1.584333e+00
1.035307e+00
3.184377e-01
1.876090e-01
7.462952e-02
4.561394e-02
3.978200e-03
4.500000e+00
5.660378e+00
3.306644e+00
1.117899e+00
7.312976e-01
2.622610e-01
1.178124e-01
1.790190e-02
2.500000e+01
3.519789e+01
2.165152e+01
6.994765e+00
4.352843e+00
1.634752e+00
8.434495e-01
9.945501e-02
1.359844e+01
5.727079e+00
8.630590e+00
1.216475e+00
1.290646e+00
3.743196e-01
2.187894e-01
5.409732e-02
7.541950e-01
6.309509e-01
3.721849e-01
1.298790e-01
9.719084e-02
3.339282e-02
1.908047e-02
3.000339e-03
1.008000e+00
6.051512e+00
2.517838e+00
1.193115e+00
5.445637e-01
2.531950e-01
1.507631e-01
4.010026e-03
