1.000000e+00
1.534814e+00
1.169840e+00
7.277331e-01
4.023775e-01
1.371962e-01
5.540672e-03
0.000000e+00
4.500000e+00
5.526758e+00
4.185480e+00
2.607868e+00
1.330344e+00
2.868427e-01
2.493302e-02
0.000000e+00
2.500000e+01
3.424273e+01
2.599814e+01
1.613309e+01
8.491562e+00
2.278839e+00
1.385168e-01
0.000000e+00
1.359844e+01
5.559965e+00
4.274652e+00
3.547589e+00
2.252277e+00
8.130256e-01
7.534450e-02
0.000000e+00
7.541950e-01
6.192371e-01
4.725654e-01
3.234233e-01
1.858083e-01
6.092157e-02
4.178747e-03
0.000000e+00
1.008000e+00
5.863269e+00
4.453647e+00
2.507651e+00
1.282002e+00
3.964367e-01
5.584997e-03
0.000000e+00
