1.000000e+00
1.534223e+00
1.165254e+00
7.172398e-01
3.669727e-01
1.402971e-01
0.000000e+00
0.000000e+00
4.500000e+00
5.525371e+00
4.178101e+00
2.604043e+00
1.274188e+00
3.199544e-01
0.000000e+00
0.000000e+00
2.500000e+01
3.423327e+01
2.593583e+01
1.602229e+01
8.021143e+00
2.423076e+00
0.000000e+00
0.000000e+00
1.359844e+01
5.554395e+00
4.276817e+00
3.536447e+00
2.130461e+00
9.162020e-01
0.000000e+00
0.000000e+00
7.541950e-01
6.185190e-01
4.678937e-01
3.208762e-01
1.456648e-01
6.572646e-02
0.000000e+00
0.000000e+00
1.008000e+00
5.862303e+00
4.433530e+00
2.465154e+00
1.167727e+00
3.846009e-01
0.000000e+00
0.000000e+00
