1.000000e+00
1.596696e+00
1.039353e+00
2.930614e-01
1.938383e-01
1.074002e-01
3.334121e-02
3.842864e-03
4.500000e+00
5.833363e+00
6.774794e+00
1.057173e+00
7.415143e-01
3.945292e-01
1.282368e-01
1.729289e-02
2.500000e+01
3.569826e+01
2.623314e+01
6.526835e+00
4.412046e+00
2.270537e+00
7.684135e-01
9.607160e-02
1.359844e+01
5.739056e+00
7.930408e+00
1.060848e+00
1.165588e+00
4.320147e-01
2.100965e-01
5.225696e-02
7.541950e-01
6.425449e-01
5.564426e-01
1.184172e-01
9.491995e-02
4.624515e-02
1.659506e-02
2.898269e-03
1.008000e+00
6.148299e+00
3.936929e+00
1.127239e+00
6.271361e-01
4.573571e-01
1.022125e-01
3.873607e-03
