1.000000e+00
1.550246e+00
9.124938e-01
2.553404e-01
9.628109e-02
3.052958e-02
1.424396e-02
0.000000e+00
4.500000e+00
5.599557e+00
3.715972e+00
1.035488e+00
3.501643e-01
1.100077e-01
6.409784e-02
0.000000e+00
2.500000e+01
3.464412e+01
2.164659e+01
6.044334e+00
2.158789e+00
6.814638e-01
3.560991e-01
0.000000e+00
1.359844e+01
5.717425e+00
8.052953e+00
2.204984e+00
3.817968e-01
1.096212e-01
1.936957e-01
0.000000e+00
7.541950e-01
6.292237e-01
5.351190e-01
1.480379e-01
4.001775e-02
1.228701e-02
1.074273e-02
0.000000e+00
1.008000e+00
5.894913e+00
2.147988e+00
6.147273e-01
3.585850e-01
1.169294e-01
1.435792e-02
0.000000e+00
