1.000000e+00
1.534020e+00
1.159567e+00
7.172172e-01
3.661206e-01
1.135152e-01
5.009306e-02
2.115122e-02
4.500000e+00
5.531434e+00
4.188702e+00
2.670025e+00
1.384544e+00
4.356105e-01
1.919837e-01
8.132748e-02
2.500000e+01
3.425309e+01
2.591431e+01
1.626521e+01
8.367387e+00
2.613219e+00
1.152449e+00
4.873988e-01
1.359844e+01
5.551398e+00
4.279844e+00
3.531376e+00
2.043377e+00
7.042424e-01
3.080228e-01
1.330117e-01
7.541950e-01
6.189059e-01
4.707676e-01
3.222559e-01
1.729629e-01
5.611159e-02
2.466473e-02
1.051817e-02
1.008000e+00
5.863155e+00
4.408410e+00
2.477365e+00
1.196756e+00
3.511174e-01
1.557204e-01
6.491856e-02
