1.000000e+00
1.536863e+00
1.168058e+00
8.303338e-01
4.626525e-01
5.016658e-02
1.330192e-02
6.605148e-03
4.500000e+00
5.502221e+00
4.172994e+00
2.891568e+00
1.268281e+00
2.103557e-01
4.887030e-02
2.542688e-02
2.500000e+01
3.415100e+01
2.587178e+01
1.735149e+01
8.849788e+00
1.208180e+00
2.997236e-01
1.522948e-01
1.359844e+01
5.540242e+00
4.250110e+00
3.545467e+00
2.300390e+00
5.103774e-01
5.824589e-02
4.186934e-02
7.541950e-01
6.179832e-01
4.692760e-01
3.522722e-01
1.834152e-01
3.179697e-02
5.721967e-03
3.296311e-03
1.008000e+00
5.883051e+00
4.479388e+00
3.302911e+00
1.522928e+00
9.901557e-02
4.799073e-02
2.017925e-02
