1.000000e+00
1.548086e+00
1.037153e+00
5.087763e-01
7.919660e-02
3.095471e-02
2.162336e-02
1.098148e-02
4.500000e+00
5.549100e+00
3.950517e+00
1.821144e+00
3.183535e-01
1.133228e-01
7.831205e-02
4.479077e-02
2.500000e+01
3.446106e+01
2.378798e+01
1.126860e+01
1.866308e+00
6.962800e-01
4.838480e-01
2.607185e-01
1.359844e+01
5.609897e+00
6.104975e+00
4.334238e+00
6.524887e-01
1.310495e-01
8.206442e-02
9.770205e-02
7.541950e-01
6.163152e-01
5.010946e-01
2.329932e-01
4.481160e-02
1.315757e-02
8.858021e-03
6.467631e-03
1.008000e+00
5.912376e+00
3.300954e+00
1.224752e+00
1.995217e-01
1.129457e-01
8.157127e-02
2.562787e-02
