1.000000e+00
1.534464e+00
1.162751e+00
6.542104e-01
2.886074e-01
8.476567e-02
3.356984e-02
1.621658e-02
4.500000e+00
5.534732e+00
4.194060e+00
2.516216e+00
1.074687e+00
3.304563e-01
1.293198e-01
6.016074e-02
2.500000e+01
3.426808e+01
2.596711e+01
1.507754e+01
6.545913e+00
1.966827e+00
7.742910e-01
3.671369e-01
1.359844e+01
5.571918e+00
4.223028e+00
4.122387e+00
1.424051e+00
5.835961e-01
2.138099e-01
7.750618e-02
7.541950e-01
6.197499e-01
4.696504e-01
3.256209e-01
1.297819e-01
4.392885e-02
1.678874e-02
7.204108e-03
1.008000e+00
5.859522e+00
4.439849e+00
2.005596e+00
9.960347e-01
2.459168e-01
1.022725e-01
5.667401e-02
