1.000000e+00
1.535966e+00
1.160395e+00
7.067459e-01
3.502408e-01
8.311994e-02
3.362128e-02
1.441745e-02
4.500000e+00
5.538346e+00
4.191769e+00
2.631463e+00
1.357508e+00
3.242644e-01
1.288546e-01
5.538859e-02
2.500000e+01
3.429623e+01
2.593304e+01
1.602899e+01
8.103091e+00
1.929310e+00
7.734957e-01
3.320879e-01
1.359844e+01
5.557277e+00
4.283741e+00
3.484500e+00
2.323231e+00
5.747651e-01
2.067334e-01
9.013869e-02
7.541950e-01
6.196501e-01
4.711334e-01
3.177155e-01
1.784116e-01
4.316382e-02
1.655424e-02
7.151052e-03
1.008000e+00
5.870921e+00
4.411321e+00
2.439876e+00
1.040943e+00
2.404375e-01
1.045171e-01
4.439949e-02
