1.000000e+00
1.536314e+00
1.073448e+00
4.480288e-01
1.047690e-01
6.044873e-02
2.665332e-03
0.000000e+00
4.500000e+00
5.553556e+00
4.051331e+00
1.887024e+00
2.881982e-01
1.151222e-01
1.199399e-02
0.000000e+00
2.500000e+01
3.433911e+01
2.449698e+01
1.080049e+01
2.035046e+00
9.648437e-01
6.663329e-02
0.000000e+00
1.359844e+01
5.826281e+00
6.162066e+00
4.886124e+00
5.535511e-01
3.223587e-01
3.624435e-02
0.000000e+00
7.541950e-01
6.287821e-01
5.103672e-01
2.950079e-01
2.843512e-02
2.539245e-02
2.010180e-03
0.000000e+00
1.008000e+00
5.795183e+00
3.457677e+00
7.883486e-01
3.410922e-01
1.834648e-01
2.686654e-03
0.000000e+00
