1.000000e+00
1.533725e+00
1.163134e+00
6.553552e-01
2.883596e-01
9.063611e-02
3.570848e-02
5.070670e-03
4.500000e+00
5.531351e+00
4.194296e+00
2.507578e+00
1.063589e+00
3.053973e-01
1.075833e-01
1.841430e-02
2.500000e+01
3.424928e+01
2.597201e+01
1.506217e+01
6.507724e+00
1.949782e+00
7.277573e-01
1.136120e-01
1.359844e+01
5.569428e+00
4.223999e+00
4.127140e+00
1.420251e+00
6.014252e-01
2.156091e-01
1.980387e-02
7.541950e-01
6.192731e-01
4.695100e-01
3.228614e-01
1.270647e-01
3.456215e-02
1.012889e-02
2.096877e-03
1.008000e+00
5.856592e+00
4.441353e+00
2.008889e+00
9.951994e-01
2.660527e-01
1.100661e-01
1.897058e-02
