1.000000e+00
1.632255e+00
9.079413e-01
9.120151e-01
0.000000e+00
0.000000e+00
0.000000e+00
0.000000e+00
4.500000e+00
5.873744e+00
3.686282e+00
3.260325e+00
0.000000e+00
0.000000e+00
0.000000e+00
0.000000e+00
2.500000e+01
3.555702e+01
2.150528e+01
1.342065e+01
0.000000e+00
0.000000e+00
0.000000e+00
0.000000e+00
1.359844e+01
5.642246e+00
7.888325e+00
1.927027e+00
0.000000e+00
0.000000e+00
0.000000e+00
0.000000e+00
7.541950e-01
6.414898e-01
5.280753e-01
2.574527e-01
0.000000e+00
0.000000e+00
0.000000e+00
0.000000e+00
1.008000e+00
6.840160e+00
2.172364e+00
8.105366e+00
0.000000e+00
0.000000e+00
0.000000e+00
0.000000e+00
