1.000000e+00
2.131293e+00
1.319275e+00
7.669689e-01
1.059888e-01
5.832522e-02
3.064830e-02
1.672215e-02
4.500000e+00
4.105726e+00
4.429726e+00
1.236845e+00
3.816679e-01
2.075016e-01
9.598944e-02
2.135821e-02
2.500000e+01
3.602440e+01
2.513773e+01
1.151890e+01
2.359052e+00
1.273682e+00
6.174106e-01
2.006363e-01
1.359844e+01
8.037874e+00
6.236497e+00
2.447042e+00
4.266643e-01
3.433920e-01
1.390231e-01
8.171363e-02
7.541950e-01
0.000000e+00
5.990465e-01
2.628545e-01
4.469113e-02
2.957226e-02
1.496862e-02
1.136279e-02
1.008000e+00
7.799733e+00
5.722667e+00
2.778757e+00
3.927072e-01
1.848200e-01
1.082938e-01
5.573185e-02
