1.000000e+00
1.535112e+00
1.174914e+00
7.235380e-01
4.913240e-01
1.407152e-01
1.716005e-02
0.000000e+00
4.500000e+00
5.516910e+00
4.156486e+00
2.602627e+00
1.250834e+00
4.002757e-01
7.722022e-02
0.000000e+00
2.500000e+01
3.421559e+01
2.596269e+01
1.609004e+01
9.166914e+00
2.792078e+00
4.290012e-01
0.000000e+00
1.359844e+01
5.548162e+00
4.266435e+00
3.530669e+00
2.082347e+00
8.433715e-01
2.333499e-01
0.000000e+00
7.541950e-01
6.159626e-01
4.611927e-01
3.150690e-01
1.323601e-01
3.384820e-02
1.294202e-02
0.000000e+00
1.008000e+00
5.867534e+00
4.477798e+00
2.496512e+00
1.728041e+00
4.338592e-01
1.729733e-02
0.000000e+00
