1.000000e+00
1.554804e+00
9.093982e-01
3.946230e-01
2.066385e-01
3.417798e-02
3.420158e-02
1.910521e-03
4.500000e+00
5.573936e+00
3.675934e+00
1.072687e+00
6.420116e-01
9.549390e-02
4.070702e-02
8.597344e-03
2.500000e+01
3.461344e+01
2.148540e+01
7.685367e+00
4.264228e+00
6.611234e-01
4.608342e-01
4.776302e-02
1.359844e+01
5.613131e+00
7.972312e+00
1.474997e+00
1.230613e+00
1.225013e-01
1.045945e-01
2.598010e-02
7.541950e-01
6.189170e-01
5.261150e-01
7.235801e-02
6.808255e-02
1.309758e-02
1.122218e-02
1.440905e-03
1.008000e+00
5.944176e+00
2.153958e+00
1.469390e+00
6.413156e-01
1.264389e-01
1.228814e-01
1.925805e-03
