1.000000e+00
1.529017e+00
1.196916e+00
5.546128e-01
1.651933e-01
1.777290e-02
0.000000e+00
0.000000e+00
4.500000e+00
5.531886e+00
4.286815e+00
2.173113e+00
3.290756e-01
7.997804e-02
0.000000e+00
0.000000e+00
2.500000e+01
3.418855e+01
2.661938e+01
1.284188e+01
2.687104e+00
4.443225e-01
0.000000e+00
0.000000e+00
1.359844e+01
5.869698e+00
4.323910e+00
4.901539e+00
9.270220e-01
2.416837e-01
0.000000e+00
0.000000e+00
7.541950e-01
6.284368e-01
4.819667e-01
3.234652e-01
7.125503e-02
1.340423e-02
0.000000e+00
0.000000e+00
1.008000e+00
5.747267e+00
4.572198e+00
1.289487e+00
4.900676e-01
1.791508e-02
0.000000e+00
0.000000e+00
