1.000000e+00
2.905764e+00
7.994689e-01
4.502368e-01
1.261128e-01
3.786229e-02
9.114784e-03
0.000000e+00
4.500000e+00
3.536225e+00
2.896206e+00
1.839945e+00
5.150160e-01
1.531919e-01
4.101653e-02
0.000000e+00
2.500000e+01
3.942767e+01
1.789149e+01
1.069994e+01
2.996017e+00
8.952120e-01
2.278696e-01
0.000000e+00
1.359844e+01
9.062474e+00
3.043237e+00
4.045251e+00
1.129084e+00
3.230297e-01
1.239468e-01
0.000000e+00
7.541950e-01
9.610841e-01
3.278231e-01
2.665590e-01
7.452332e-02
2.181322e-02
6.874324e-03
0.000000e+00
1.008000e+00
1.040048e+01
3.013321e+00
1.039596e+00
2.923230e-01
9.226063e-02
9.187702e-03
0.000000e+00
