1.000000e+00
1.546525e+00
1.698801e+00
6.913036e-01
1.370303e-01
7.287049e-02
4.252556e-02
1.399763e-02
4.500000e+00
5.533022e+00
5.968532e+00
1.992128e+00
3.195330e-01
2.861125e-01
8.737943e-02
5.149665e-02
2.500000e+01
3.435673e+01
3.377196e+01
1.373686e+01
2.397074e+00
1.455954e+00
7.071739e-01
3.154630e-01
1.359844e+01
5.551052e+00
4.539738e+00
3.566009e+00
5.399180e-01
3.481099e-01
1.515720e-01
6.957635e-02
7.541950e-01
6.123564e-01
6.385126e-01
1.617391e-01
1.001245e-02
2.470080e-02
1.542301e-02
6.142441e-03
1.008000e+00
5.934952e+00
8.389895e+00
2.318982e+00
5.222250e-01
3.188100e-01
1.524670e-01
4.811699e-02
