1.000000e+00
1.623671e+00
1.230099e+00
2.327715e-01
1.629080e-01
8.083958e-02
3.148262e-02
8.620338e-03
4.500000e+00
5.698143e+00
3.169252e+00
8.400724e-01
5.861464e-01
3.124643e-01
1.168581e-01
1.745566e-02
2.500000e+01
3.568279e+01
2.252812e+01
5.196497e+00
3.631146e+00
1.860983e+00
7.099243e-01
1.487631e-01
1.359844e+01
5.813896e+00
8.942090e+00
8.595830e-01
6.586463e-01
5.248873e-01
1.997810e-01
3.284478e-02
7.541950e-01
6.492587e-01
6.146005e-01
9.452184e-02
6.674203e-02
4.084345e-02
1.561662e-02
5.147739e-05
1.008000e+00
6.198583e+00
3.162333e+00
8.857232e-01
6.024387e-01
2.461198e-01
9.540779e-02
3.150340e-02
