1.000000e+00
1.554062e+00
9.127296e-01
3.599524e-01
2.543933e-01
6.614103e-02
9.799202e-03
4.349721e-03
4.500000e+00
5.593256e+00
3.691901e+00
1.252032e+00
7.462672e-01
2.495422e-01
3.556713e-02
1.957374e-02
2.500000e+01
3.465960e+01
2.154089e+01
7.809865e+00
5.013846e+00
1.375058e+00
2.195014e-01
1.087430e-01
1.359844e+01
5.616762e+00
8.022792e+00
1.334231e+00
1.517780e+00
3.286287e-01
3.805951e-02
5.914942e-02
7.541950e-01
6.265357e-01
5.337865e-01
1.456788e-01
1.183431e-01
3.107815e-02
4.044819e-03
3.280538e-03
1.008000e+00
5.941339e+00
2.162185e+00
1.380734e+00
7.671533e-01
2.809782e-01
3.672091e-02
4.384518e-03
