1.000000e+00
1.534487e+00
1.163211e+00
6.530278e-01
2.889114e-01
7.789239e-02
1.980771e-02
6.453912e-03
4.500000e+00
5.534812e+00
4.195926e+00
2.513766e+00
1.075553e+00
3.165751e-01
7.662652e-02
2.904261e-02
2.500000e+01
3.426858e+01
2.597800e+01
1.505656e+01
6.552014e+00
1.845922e+00
4.578284e-01
1.613478e-01
1.359844e+01
5.571980e+00
4.227003e+00
4.138359e+00
1.422583e+00
6.804072e-01
1.297516e-01
8.776314e-02
7.541950e-01
6.197584e-01
4.699172e-01
3.258555e-01
1.298143e-01
4.543252e-02
1.003243e-02
4.867508e-03
1.008000e+00
5.859615e+00
4.440957e+00
1.995366e+00
9.979211e-01
1.853334e-01
5.933186e-02
6.505544e-03
