1.000000e+00
1.540059e+00
1.176135e+00
7.330538e-01
4.802451e-01
7.071898e-02
2.915554e-02
1.541783e-02
4.500000e+00
5.537986e+00
4.182618e+00
2.648245e+00
1.326915e+00
2.903082e-01
8.326906e-02
5.758892e-02
2.500000e+01
3.431976e+01
2.600583e+01
1.627229e+01
8.898615e+00
1.684551e+00
5.806829e-01
3.502228e-01
1.359844e+01
5.586727e+00
4.290302e+00
3.603906e+00
2.288361e+00
6.499759e-01
1.182009e-01
7.805690e-02
7.541950e-01
6.233739e-01
4.806228e-01
3.367870e-01
2.526011e-01
4.238121e-02
6.391808e-03
7.002797e-03
1.008000e+00
5.881554e+00
4.482333e+00
2.529272e+00
1.655647e+00
1.591770e-01
1.062214e-01
5.265075e-02
