1.000000e+00
1.550416e+00
1.068746e+00
3.557765e-01
2.848207e-01
3.278478e-02
0.000000e+00
0.000000e+00
4.500000e+00
5.576085e+00
3.865258e+00
1.390530e+00
5.058099e-01
1.475315e-01
0.000000e+00
0.000000e+00
2.500000e+01
3.456593e+01
2.376621e+01
8.265713e+00
4.449294e+00
8.196196e-01
0.000000e+00
0.000000e+00
1.359844e+01
5.611025e+00
6.126262e+00
2.489032e+00
9.078414e-01
4.458219e-01
0.000000e+00
0.000000e+00
7.541950e-01
6.251903e-01
5.060827e-01
1.857681e-01
9.859429e-02
2.472612e-02
0.000000e+00
0.000000e+00
1.008000e+00
5.923367e+00
3.416693e+00
1.020996e+00
1.039716e+00
3.304706e-02
0.000000e+00
0.000000e+00
