1.000000e+00
1.556262e+00
9.115840e-01
3.652787e-01
1.983824e-01
1.648509e-01
2.311503e-02
1.057584e-02
4.500000e+00
5.588549e+00
3.704767e+00
1.215240e+00
7.368038e-01
3.190533e-01
8.957406e-02
1.258746e-02
2.500000e+01
3.466615e+01
2.160225e+01
7.782903e+00
4.489995e+00
2.667317e+00
5.347299e-01
1.424996e-01
1.359844e+01
5.609782e+00
7.966924e+00
1.296215e+00
1.018882e+00
6.004442e-01
1.531254e-01
3.234280e-02
7.541950e-01
6.266063e-01
5.318320e-01
1.441283e-01
9.048646e-02
6.016145e-02
1.176762e-02
3.470134e-03
1.008000e+00
5.950946e+00
2.167757e+00
1.387058e+00
6.724670e-01
5.838337e-01
6.875665e-02
3.799751e-02
