1.000000e+00
1.548754e+00
1.074010e+00
4.220938e-01
2.947678e-01
5.975530e-02
0.000000e+00
0.000000e+00
4.500000e+00
5.568346e+00
3.941303e+00
1.460552e+00
4.931237e-01
7.112128e-02
0.000000e+00
0.000000e+00
2.500000e+01
3.451954e+01
2.409527e+01
9.130217e+00
4.493403e+00
8.051466e-01
0.000000e+00
0.000000e+00
1.359844e+01
5.650875e+00
6.120737e+00
2.631815e+00
9.328495e-01
1.827422e-01
0.000000e+00
0.000000e+00
7.541950e-01
6.259940e-01
5.087365e-01
2.053353e-01
1.011025e-01
1.960684e-02
0.000000e+00
0.000000e+00
1.008000e+00
5.903122e+00
3.453446e+00
1.275614e+00
1.073044e+00
2.146923e-01
0.000000e+00
0.000000e+00
