1.000000e+00
1.597153e+00
1.229463e+00
2.344395e-01
1.710055e-01
8.811492e-02
3.812562e-02
9.084940e-03
4.500000e+00
5.688245e+00
3.157151e+00
8.471407e-01
6.213540e-01
3.356658e-01
1.422443e-01
3.305926e-02
2.500000e+01
3.540473e+01
2.247657e+01
5.231421e+00
3.822444e+00
2.020505e+00
8.465363e-01
2.037548e-01
1.359844e+01
5.737522e+00
8.942317e+00
8.742594e-01
6.830812e-01
5.476829e-01
2.228776e-01
3.622980e-02
7.541950e-01
6.413123e-01
6.144638e-01
9.539263e-02
7.104042e-02
4.295924e-02
1.773597e-02
3.783186e-03
1.008000e+00
6.105420e+00
3.157653e+00
8.920913e-01
6.392616e-01
2.720740e-01
1.287642e-01
3.377801e-02
