1.000000e+00
1.534588e+00
1.163490e+00
6.621746e-01
2.703161e-01
6.051680e-02
5.383086e-02
1.024822e-02
4.500000e+00
5.534895e+00
4.201054e+00
2.535825e+00
1.044222e+00
2.182983e-01
2.066232e-01
3.739654e-02
2.500000e+01
3.426999e+01
2.597321e+01
1.522817e+01
6.182920e+00
1.351530e+00
1.107105e+00
2.301558e-01
1.359844e+01
5.569221e+00
4.268140e+00
4.049542e+00
1.738672e+00
2.199420e-01
3.011195e-01
4.203184e-02
7.541950e-01
6.196892e-01
4.716574e-01
3.252609e-01
1.363506e-01
2.444878e-02
2.668686e-02
4.308478e-03
1.008000e+00
5.860880e+00
4.439943e+00
2.064704e+00
8.427195e-01
2.310353e-01
2.281213e-01
3.777517e-02
