1.000000e+00
1.535446e+00
1.164886e+00
7.052539e-01
3.831047e-01
1.220087e-01
4.141480e-02
2.412332e-02
4.500000e+00
5.536851e+00
4.202658e+00
2.633847e+00
1.435419e+00
4.738098e-01
1.553453e-01
8.903687e-02
2.500000e+01
3.428576e+01
2.601747e+01
1.601887e+01
8.715655e+00
2.825492e+00
9.427034e-01
5.447787e-01
1.359844e+01
5.559608e+00
4.240806e+00
3.565757e+00
1.989128e+00
8.195039e-01
2.169517e-01
1.102004e-01
7.541950e-01
6.195886e-01
4.708650e-01
3.201592e-01
1.757484e-01
6.250901e-02
1.906645e-02
1.053754e-02
1.008000e+00
5.867749e+00
4.445174e+00
2.409738e+00
1.294299e+00
3.597454e-01
1.393762e-01
8.574354e-02
