1.000000e+00
1.556036e+00
9.047296e-01
3.539772e-01
2.526036e-01
9.518744e-02
1.168419e-02
4.159414e-03
4.500000e+00
5.610797e+00
3.692374e+00
1.279072e+00
9.785253e-01
3.484561e-01
4.463547e-02
1.871736e-02
2.500000e+01
3.472429e+01
2.144358e+01
7.820478e+00
5.504289e+00
1.899085e+00
2.683763e-01
1.039853e-01
1.359844e+01
5.625646e+00
8.063143e+00
1.287873e+00
1.584073e+00
3.417030e-01
7.023146e-02
5.656154e-02
7.541950e-01
6.277873e-01
5.337306e-01
1.439075e-01
1.286101e-01
4.056032e-02
5.696289e-03
3.137009e-03
1.008000e+00
5.956884e+00
2.124449e+00
1.387204e+00
9.104391e-01
4.603613e-01
3.677708e-02
4.192689e-03
