1.000000e+00
1.547853e+00
1.035308e+00
3.534180e-01
1.615875e-01
8.797273e-02
4.169086e-02
1.363640e-02
4.500000e+00
5.581623e+00
3.942093e+00
1.385624e+00
6.144662e-01
3.356456e-01
1.597005e-01
5.653010e-02
2.500000e+01
3.456289e+01
2.374149e+01
8.223800e+00
3.703098e+00
2.019394e+00
9.589038e-01
3.264707e-01
1.359844e+01
5.604905e+00
6.078541e+00
2.520660e+00
9.397550e-01
5.240536e-01
2.554486e-01
1.314855e-01
7.541950e-01
6.246080e-01
4.996558e-01
1.862281e-01
7.766963e-02
4.272218e-02
2.049573e-02
8.388443e-03
1.008000e+00
5.915054e+00
3.299473e+00
1.000657e+00
5.174991e-01
2.782372e-01
1.298575e-01
2.895805e-02
