1.000000e+00
1.546781e+00
1.069734e+00
7.762430e-01
2.564829e-01
5.737992e-02
3.471323e-02
1.400086e-03
4.500000e+00
5.553360e+00
3.977221e+00
2.070963e+00
1.023439e+00
2.153642e-01
7.285846e-02
6.300386e-03
2.500000e+01
3.443144e+01
2.410931e+01
1.408619e+01
6.007214e+00
1.306510e+00
5.775710e-01
3.500215e-02
1.359844e+01
5.608471e+00
6.318940e+00
3.349423e+00
2.259516e+00
3.020841e-01
2.066084e-01
1.903898e-02
7.541950e-01
6.268133e-01
5.266363e-01
4.055538e-01
1.497837e-01
2.646912e-02
1.545059e-02
1.055938e-03
1.008000e+00
5.907506e+00
3.392660e+00
2.772405e+00
6.014956e-01
1.926820e-01
1.000859e-01
1.411287e-03
