1.000000e+00
1.534863e+00
1.165676e+00
6.892737e-01
3.711433e-01
1.222439e-01
4.697367e-02
2.778212e-02
4.500000e+00
5.535400e+00
4.205248e+00
2.582753e+00
1.393239e+00
4.727771e-01
1.738576e-01
1.040377e-01
2.500000e+01
3.427468e+01
2.603434e+01
1.568155e+01
8.451408e+00
2.825126e+00
1.062251e+00
6.318761e-01
1.359844e+01
5.564779e+00
4.240768e+00
3.580791e+00
1.956451e+00
7.993617e-01
2.199689e-01
1.436173e-01
7.541950e-01
6.196091e-01
4.710819e-01
3.162728e-01
1.712954e-01
6.186608e-02
2.070822e-02
1.272281e-02
1.008000e+00
5.863466e+00
4.449011e+00
2.328113e+00
1.245590e+00
3.665644e-01
1.654445e-01
9.403840e-02
