1.000000e+00
1.534870e+00
1.160308e+00
7.074333e-01
3.687619e-01
9.758925e-02
2.979640e-02
8.378915e-03
4.500000e+00
5.534779e+00
4.189880e+00
2.635491e+00
1.393501e+00
3.910103e-01
1.143346e-01
3.071134e-02
2.500000e+01
3.427291e+01
2.592638e+01
1.604897e+01
8.424669e+00
2.295923e+00
6.859153e-01
1.885811e-01
1.359844e+01
5.557595e+00
4.265868e+00
3.504290e+00
2.046602e+00
7.897616e-01
1.847665e-01
3.588342e-02
7.541950e-01
6.193586e-01
4.704810e-01
3.186009e-01
1.738059e-01
5.471744e-02
1.472551e-02
3.575962e-03
1.008000e+00
5.865525e+00
4.415937e+00
2.437624e+00
1.208637e+00
2.498801e-01
9.218919e-02
3.045673e-02
