1.000000e+00
1.532947e+00
1.064380e+00
4.909423e-01
1.576606e-01
9.046570e-02
9.022202e-03
5.426101e-03
4.500000e+00
5.538251e+00
4.037167e+00
1.962459e+00
6.013595e-01
2.087461e-01
3.284178e-02
2.190201e-02
2.500000e+01
3.425217e+01
2.435814e+01
1.151512e+01
3.618559e+00
1.577722e+00
2.023800e-01
1.281384e-01
1.359844e+01
5.809846e+00
6.129060e+00
4.264155e+00
9.373013e-01
4.888822e-01
3.610032e-02
4.571186e-02
7.541950e-01
6.273914e-01
5.093488e-01
2.847766e-01
7.649850e-02
3.907207e-02
3.761303e-03
3.105630e-03
1.008000e+00
5.782983e+00
3.425217e+00
1.169963e+00
4.991744e-01
2.786241e-01
3.351071e-02
1.338612e-02
