1.000000e+00
1.537218e+00
1.158461e+00
7.135810e-01
3.491304e-01
8.845973e-02
2.528526e-02
0.000000e+00
4.500000e+00
5.542854e+00
4.188627e+00
2.652477e+00
1.362947e+00
3.475599e-01
1.137837e-01
0.000000e+00
2.500000e+01
3.432417e+01
2.590129e+01
1.617077e+01
8.106507e+00
2.060613e+00
6.321316e-01
0.000000e+00
1.359844e+01
5.561697e+00
4.319538e+00
3.468706e+00
2.424608e+00
6.391902e-01
3.438401e-01
0.000000e+00
7.541950e-01
6.201516e-01
4.718569e-01
3.190487e-01
1.816678e-01
4.690330e-02
1.907002e-02
0.000000e+00
1.008000e+00
5.875741e+00
4.391858e+00
2.477429e+00
1.006979e+00
2.481288e-01
2.548754e-02
0.000000e+00
