1.000000e+00
1.533755e+00
1.169267e+00
7.259532e-01
4.408973e-01
6.766532e-02
9.680879e-03
1.053074e-02
4.500000e+00
5.502538e+00
4.158707e+00
2.619997e+00
1.237633e+00
1.999076e-01
3.494506e-02
2.057805e-02
2.500000e+01
3.414682e+01
2.590115e+01
1.616203e+01
8.558923e+00
1.328099e+00
2.162756e-01
1.712556e-01
1.359844e+01
5.542855e+00
4.286377e+00
3.534161e+00
2.223340e+00
5.762028e-01
3.545032e-02
3.606792e-02
7.541950e-01
6.169248e-01
4.685442e-01
3.229106e-01
1.665739e-01
3.720986e-02
3.920428e-03
3.772150e-03
1.008000e+00
5.860208e+00
4.444802e+00
2.505957e+00
1.450840e+00
1.531126e-01
3.688368e-02
3.800671e-02
