1.117740e-01
0.000000e+00
1.550137e-01
0.000000e+00
2.416197e-02
0.000000e+00
2.746601e-03
0.000000e+00
2.611934e-04
0.000000e+00
0.000000e+00
0.000000e+00
2.477042e-01
0.000000e+00
6.129383e-02
0.000000e+00
4.199526e-03
0.000000e+00
1.244908e-03
0.000000e+00
0.000000e+00
0.000000e+00
0.000000e+00
1.082872e-01
0.000000e+00
6.147625e-03
5.505333e-03
1.290208e-03
2.360368e-04
1.760534e-04
3.208200e-05
0.000000e+00
0.000000e+00
1.279649e+01
1.595812e+01
6.605188e+00
3.946843e+00
1.744345e+00
5.470290e-01
2.358778e-01
1.015917e-01
2.294231e-02
0.000000e+00
0.000000e+00
3.490000e+00
2.615056e+01
1.146223e+01
1.552027e+01
1.043414e+01
9.509730e-01
2.818839e+00
2.291727e-01
3.057455e-03
0.000000e+00
0.000000e+00
3.034850e+01
7.884988e+01
3.486008e+01
1.393309e+01
4.413405e+00
1.588725e+00
3.867293e-01
0.000000e+00
5.864148e-02
0.000000e+00
0.000000e+00
0.000000e+00
0.000000e+00
0.000000e+00
0.000000e+00
0.000000e+00
0.000000e+00
0.000000e+00
1.813659e-01
0.000000e+00
0.000000e+00
0.000000e+00
0.000000e+00
0.000000e+00
0.000000e+00
0.000000e+00
0.000000e+00
0.000000e+00
4.789949e-06
0.000000e+00
0.000000e+00
0.000000e+00
0.000000e+00
1.078500e-01
3.534364e-02
5.603799e-02
6.739638e-03
1.082686e-02
1.444369e-03
0.000000e+00
4.650025e-04
2.442218e-04
0.000000e+00
0.000000e+00
