2.309530e-01
0.000000e+00
7.462254e-02
0.000000e+00
1.597239e-02
0.000000e+00
5.698297e-03
0.000000e+00
0.000000e+00
0.000000e+00
0.000000e+00
0.000000e+00
2.759480e-01
0.000000e+00
1.549867e-02
0.000000e+00
1.503487e-02
0.000000e+00
0.000000e+00
0.000000e+00
0.000000e+00
0.000000e+00
0.000000e+00
2.655176e-01
0.000000e+00
2.652561e-02
5.854907e-03
2.215296e-04
2.662449e-03
0.000000e+00
0.000000e+00
0.000000e+00
0.000000e+00
4.380127e+00
1.803535e+01
1.000748e+01
4.232521e+00
1.375040e+00
1.126097e+00
1.184648e-01
0.000000e+00
0.000000e+00
0.000000e+00
0.000000e+00
1.770000e+00
1.344076e+01
1.098128e+02
1.270538e+00
2.119237e+01
2.521596e-01
9.350988e-03
0.000000e+00
0.000000e+00
0.000000e+00
0.000000e+00
2.607770e+01
3.921598e+01
2.037941e+01
1.153304e+01
4.121758e-01
3.194588e+00
6.642822e-01
0.000000e+00
0.000000e+00
0.000000e+00
0.000000e+00
0.000000e+00
0.000000e+00
0.000000e+00
0.000000e+00
0.000000e+00
0.000000e+00
0.000000e+00
0.000000e+00
0.000000e+00
0.000000e+00
0.000000e+00
0.000000e+00
0.000000e+00
0.000000e+00
0.000000e+00
0.000000e+00
0.000000e+00
0.000000e+00
0.000000e+00
0.000000e+00
0.000000e+00
0.000000e+00
1.057200e-01
4.129768e-02
4.191137e-02
1.747918e-02
6.798198e-03
1.713474e-03
2.179557e-03
0.000000e+00
0.000000e+00
0.000000e+00
0.000000e+00
