0.000000e+00
1.119568e-01
0.000000e+00
0.000000e+00
1.009481e-02
0.000000e+00
0.000000e+00
0.000000e+00
0.000000e+00
0.000000e+00
0.000000e+00
3.934900e-02
0.000000e+00
3.452670e-02
1.399892e-02
0.000000e+00
1.310582e-03
0.000000e+00
0.000000e+00
0.000000e+00
0.000000e+00
0.000000e+00
1.322050e-01
0.000000e+00
7.168760e-02
3.488903e-02
0.000000e+00
3.835212e-03
0.000000e+00
0.000000e+00
0.000000e+00
0.000000e+00
0.000000e+00
1.258600e+01
9.856623e+00
1.052160e+01
5.543855e+00
1.368394e+00
3.764351e-01
0.000000e+00
0.000000e+00
0.000000e+00
0.000000e+00
0.000000e+00
4.192000e+00
3.770599e+00
3.251048e+01
1.490801e+01
2.101062e-01
1.036603e-01
0.000000e+00
0.000000e+00
0.000000e+00
0.000000e+00
0.000000e+00
2.950300e+01
8.021965e+01
3.794049e+01
1.619078e+01
7.039776e+00
8.572321e-01
0.000000e+00
0.000000e+00
0.000000e+00
0.000000e+00
0.000000e+00
0.000000e+00
0.000000e+00
0.000000e+00
0.000000e+00
0.000000e+00
0.000000e+00
0.000000e+00
0.000000e+00
0.000000e+00
0.000000e+00
0.000000e+00
0.000000e+00
0.000000e+00
0.000000e+00
0.000000e+00
0.000000e+00
0.000000e+00
0.000000e+00
0.000000e+00
0.000000e+00
0.000000e+00
0.000000e+00
1.287200e-01
4.155690e-02
5.338896e-02
3.463990e-02
1.145306e-02
3.752539e-03
0.000000e+00
0.000000e+00
0.000000e+00
0.000000e+00
0.000000e+00
