1.390650e-01
0.000000e+00
7.752044e-02
2.190376e-02
0.000000e+00
1.819093e-03
5.988974e-06
0.000000e+00
1.142714e-04
0.000000e+00
0.000000e+00
0.000000e+00
2.845461e-01
0.000000e+00
0.000000e+00
1.007081e-02
0.000000e+00
0.000000e+00
2.171023e-04
0.000000e+00
0.000000e+00
0.000000e+00
0.000000e+00
9.808784e-02
0.000000e+00
0.000000e+00
1.291471e-02
0.000000e+00
7.307827e-04
1.146645e-04
0.000000e+00
0.000000e+00
0.000000e+00
8.681988e+00
1.960169e+01
7.639627e+00
2.178820e+00
8.584719e-01
1.204138e-01
9.360089e-02
3.585315e-02
6.466414e-03
0.000000e+00
0.000000e+00
1.205000e+00
4.489844e+01
1.859919e+00
2.106998e+00
7.711461e-01
2.039877e-01
3.263910e-02
5.518290e-02
9.128549e-04
0.000000e+00
0.000000e+00
3.072790e+01
9.021567e+01
3.805878e+01
8.713873e+00
4.908559e+00
6.404760e-01
4.018038e-01
1.418633e-01
2.416997e-02
0.000000e+00
0.000000e+00
0.000000e+00
0.000000e+00
0.000000e+00
0.000000e+00
0.000000e+00
0.000000e+00
0.000000e+00
0.000000e+00
0.000000e+00
0.000000e+00
0.000000e+00
0.000000e+00
0.000000e+00
0.000000e+00
0.000000e+00
0.000000e+00
0.000000e+00
0.000000e+00
0.000000e+00
0.000000e+00
0.000000e+00
0.000000e+00
1.255200e-01
4.267054e-02
7.135324e-02
1.957831e-02
6.604397e-03
2.508490e-04
7.769288e-04
2.526308e-04
9.907213e-05
0.000000e+00
0.000000e+00
