3.710370e-01
0.000000e+00
7.547587e-02
0.000000e+00
9.752335e-03
0.000000e+00
6.734566e-03
8.317293e-06
0.000000e+00
0.000000e+00
0.000000e+00
0.000000e+00
2.391220e-01
0.000000e+00
5.627650e-02
0.000000e+00
9.426040e-03
0.000000e+00
0.000000e+00
0.000000e+00
0.000000e+00
0.000000e+00
0.000000e+00
2.172108e-02
0.000000e+00
3.125742e-02
0.000000e+00
1.802686e-02
0.000000e+00
7.600013e-04
0.000000e+00
0.000000e+00
0.000000e+00
4.354286e+00
1.620270e+01
1.135475e+01
7.785211e+00
2.503757e+00
1.626161e+00
1.546911e-01
3.554363e-02
0.000000e+00
0.000000e+00
0.000000e+00
4.650000e-01
4.443680e+01
1.988394e+02
4.519245e+01
2.100031e+01
2.662425e+00
3.128275e+00
6.877421e-02
0.000000e+00
0.000000e+00
0.000000e+00
2.270770e+01
6.328417e+01
1.757658e+01
1.191456e+01
5.892347e+00
2.129779e+00
5.761172e-01
7.371541e-02
0.000000e+00
0.000000e+00
0.000000e+00
0.000000e+00
0.000000e+00
0.000000e+00
0.000000e+00
0.000000e+00
0.000000e+00
0.000000e+00
0.000000e+00
0.000000e+00
0.000000e+00
0.000000e+00
1.919000e-02
2.581038e-03
0.000000e+00
0.000000e+00
0.000000e+00
0.000000e+00
0.000000e+00
0.000000e+00
0.000000e+00
0.000000e+00
0.000000e+00
0.000000e+00
0.000000e+00
7.866145e-03
1.621318e-02
7.774769e-03
6.164826e-03
1.465516e-03
3.210206e-04
0.000000e+00
0.000000e+00
0.000000e+00
