1.385740e-01
0.000000e+00
0.000000e+00
1.024799e-02
0.000000e+00
1.928546e-03
2.708621e-03
0.000000e+00
8.832968e-05
0.000000e+00
8.752269e-05
0.000000e+00
9.825130e-02
2.708939e-02
0.000000e+00
9.837124e-04
0.000000e+00
0.000000e+00
1.018555e-03
0.000000e+00
1.011464e-04
0.000000e+00
3.580000e-04
5.342418e-02
0.000000e+00
2.637843e-02
0.000000e+00
2.017560e-03
1.515586e-04
6.103289e-05
7.588389e-05
1.716016e-05
3.751038e-06
7.202099e+00
1.954595e+01
1.289990e+01
6.987830e+00
3.167639e+00
6.847359e-01
1.153834e-01
7.112170e-02
1.704864e-02
1.119977e-02
3.355785e-03
6.080000e+00
5.685249e+01
5.897868e+01
2.884481e+01
7.519033e+00
9.437456e-01
1.114146e+00
3.869809e-02
1.084553e-01
1.525895e-02
4.301509e-02
2.402870e+01
3.241968e+01
2.477184e+01
1.352643e+01
7.874575e+00
2.291156e+00
6.732158e-01
3.713846e-01
3.175562e-02
3.069035e-02
7.205183e-03
0.000000e+00
0.000000e+00
0.000000e+00
0.000000e+00
0.000000e+00
0.000000e+00
0.000000e+00
0.000000e+00
0.000000e+00
0.000000e+00
0.000000e+00
0.000000e+00
0.000000e+00
0.000000e+00
0.000000e+00
0.000000e+00
0.000000e+00
2.952471e-04
0.000000e+00
0.000000e+00
0.000000e+00
0.000000e+00
1.010600e-01
3.468104e-02
2.646391e-02
2.818346e-02
8.543737e-03
5.288155e-03
0.000000e+00
2.936774e-04
2.709648e-05
3.425781e-05
9.010664e-06
