1.731530e-01
0.000000e+00
6.667419e-02
0.000000e+00
2.866371e-02
0.000000e+00
2.342667e-03
0.000000e+00
0.000000e+00
0.000000e+00
0.000000e+00
0.000000e+00
1.857483e-01
0.000000e+00
3.623045e-02
0.000000e+00
9.476675e-03
0.000000e+00
0.000000e+00
0.000000e+00
0.000000e+00
0.000000e+00
3.718100e-02
2.782485e-02
5.495563e-02
1.123039e-02
8.086928e-03
1.753036e-03
2.137041e-04
0.000000e+00
0.000000e+00
0.000000e+00
0.000000e+00
6.487669e+00
2.009053e+01
1.061279e+01
7.560642e+00
2.826931e+00
8.844430e-01
3.187314e-02
0.000000e+00
0.000000e+00
0.000000e+00
0.000000e+00
6.369000e+00
4.289508e+01
7.634772e+01
1.238629e+01
2.219039e+01
6.065047e-01
4.513036e-03
0.000000e+00
0.000000e+00
0.000000e+00
0.000000e+00
2.379960e+01
3.214759e+01
2.447002e+01
1.330363e+01
1.041520e+01
4.097963e+00
1.678482e-01
0.000000e+00
0.000000e+00
0.000000e+00
0.000000e+00
0.000000e+00
0.000000e+00
0.000000e+00
0.000000e+00
0.000000e+00
0.000000e+00
0.000000e+00
0.000000e+00
0.000000e+00
0.000000e+00
0.000000e+00
0.000000e+00
0.000000e+00
0.000000e+00
0.000000e+00
0.000000e+00
0.000000e+00
3.037036e-07
0.000000e+00
0.000000e+00
0.000000e+00
0.000000e+00
8.952000e-02
2.782040e-02
1.968946e-02
2.306834e-02
3.682609e-03
4.549741e-03
0.000000e+00
0.000000e+00
0.000000e+00
0.000000e+00
0.000000e+00
