1.468930e-01
0.000000e+00
0.000000e+00
0.000000e+00
3.603418e-03
3.546415e-03
0.000000e+00
4.618785e-05
0.000000e+00
0.000000e+00
0.000000e+00
0.000000e+00
1.201826e-01
1.784638e-02
1.327291e-03
0.000000e+00
0.000000e+00
3.058546e-04
0.000000e+00
0.000000e+00
0.000000e+00
0.000000e+00
2.161200e-02
6.200929e-02
0.000000e+00
2.278206e-02
0.000000e+00
1.500925e-03
1.504539e-03
1.786667e-04
0.000000e+00
0.000000e+00
0.000000e+00
6.795199e+00
2.005922e+01
1.257975e+01
7.442644e+00
2.715764e+00
6.700577e-01
2.515001e-01
3.813939e-02
0.000000e+00
0.000000e+00
0.000000e+00
5.907000e+00
5.936903e+01
4.550389e+01
3.256259e+01
7.782171e+00
1.783321e+00
9.381023e-02
6.426675e-03
0.000000e+00
0.000000e+00
0.000000e+00
2.393940e+01
3.202733e+01
2.557447e+01
1.277503e+01
7.840838e+00
2.932445e+00
7.814490e-01
8.590581e-02
0.000000e+00
0.000000e+00
0.000000e+00
0.000000e+00
0.000000e+00
0.000000e+00
0.000000e+00
0.000000e+00
0.000000e+00
0.000000e+00
0.000000e+00
0.000000e+00
0.000000e+00
0.000000e+00
0.000000e+00
0.000000e+00
0.000000e+00
0.000000e+00
0.000000e+00
0.000000e+00
0.000000e+00
0.000000e+00
0.000000e+00
0.000000e+00
0.000000e+00
1.113300e-01
3.987336e-02
3.111217e-02
3.221242e-02
1.088982e-02
5.469845e-03
2.047930e-03
3.591667e-04
0.000000e+00
0.000000e+00
0.000000e+00
