1.535060e-01
0.000000e+00
7.266842e-03
2.641836e-03
0.000000e+00
7.202842e-03
0.000000e+00
0.000000e+00
0.000000e+00
0.000000e+00
0.000000e+00
0.000000e+00
1.285337e-01
0.000000e+00
0.000000e+00
1.475463e-02
0.000000e+00
0.000000e+00
0.000000e+00
0.000000e+00
0.000000e+00
0.000000e+00
5.225500e-02
0.000000e+00
5.486810e-02
2.579056e-02
1.064205e-04
2.820543e-03
0.000000e+00
0.000000e+00
0.000000e+00
0.000000e+00
0.000000e+00
7.775785e+00
1.804631e+01
1.218679e+01
7.550033e+00
4.192292e+00
5.548758e-01
0.000000e+00
0.000000e+00
0.000000e+00
0.000000e+00
0.000000e+00
4.933000e+00
3.599005e+01
8.214080e+01
3.840031e+01
1.432861e+01
2.299945e-01
0.000000e+00
0.000000e+00
0.000000e+00
0.000000e+00
0.000000e+00
2.408130e+01
3.705449e+01
2.124292e+01
1.777367e+01
1.213507e+01
1.646738e+00
0.000000e+00
0.000000e+00
0.000000e+00
0.000000e+00
0.000000e+00
0.000000e+00
0.000000e+00
0.000000e+00
0.000000e+00
0.000000e+00
0.000000e+00
0.000000e+00
0.000000e+00
0.000000e+00
0.000000e+00
0.000000e+00
0.000000e+00
0.000000e+00
0.000000e+00
0.000000e+00
0.000000e+00
0.000000e+00
0.000000e+00
0.000000e+00
0.000000e+00
0.000000e+00
0.000000e+00
1.116600e-01
4.092461e-02
3.176007e-02
2.686913e-02
1.487300e-02
7.217026e-03
0.000000e+00
0.000000e+00
0.000000e+00
0.000000e+00
0.000000e+00
