1.946090e-01
0.000000e+00
1.251152e-01
0.000000e+00
0.000000e+00
6.327162e-03
0.000000e+00
0.000000e+00
0.000000e+00
0.000000e+00
0.000000e+00
0.000000e+00
3.302727e-01
0.000000e+00
2.250254e-02
4.863494e-03
0.000000e+00
0.000000e+00
0.000000e+00
0.000000e+00
0.000000e+00
0.000000e+00
0.000000e+00
1.477824e-01
0.000000e+00
3.226859e-02
1.045412e-02
7.623419e-04
0.000000e+00
0.000000e+00
0.000000e+00
0.000000e+00
0.000000e+00
4.807604e+00
2.036312e+01
8.934457e+00
4.799930e+00
2.216678e+00
7.724233e-02
0.000000e+00
0.000000e+00
0.000000e+00
0.000000e+00
0.000000e+00
3.289000e+00
4.048482e+00
1.388262e+01
6.952713e+00
7.371918e-01
1.426566e-02
0.000000e+00
0.000000e+00
0.000000e+00
0.000000e+00
0.000000e+00
3.050830e+01
7.570578e+01
4.485647e+01
2.260371e+01
6.200109e+00
4.004336e-01
0.000000e+00
0.000000e+00
0.000000e+00
0.000000e+00
0.000000e+00
0.000000e+00
0.000000e+00
0.000000e+00
0.000000e+00
0.000000e+00
0.000000e+00
0.000000e+00
0.000000e+00
0.000000e+00
0.000000e+00
0.000000e+00
0.000000e+00
0.000000e+00
0.000000e+00
0.000000e+00
0.000000e+00
1.635838e-04
0.000000e+00
0.000000e+00
0.000000e+00
0.000000e+00
0.000000e+00
1.257900e-01
4.158791e-02
4.277023e-02
3.338686e-02
1.517337e-02
0.000000e+00
0.000000e+00
0.000000e+00
0.000000e+00
0.000000e+00
0.000000e+00
