1.456500e-02
3.501542e-01
0.000000e+00
1.672993e-01
0.000000e+00
9.996334e-03
0.000000e+00
0.000000e+00
0.000000e+00
1.783288e-04
0.000000e+00
0.000000e+00
0.000000e+00
3.475621e-01
0.000000e+00
6.620103e-02
0.000000e+00
3.875541e-03
1.230189e-05
9.559438e-05
0.000000e+00
7.836138e-05
2.485100e-02
0.000000e+00
1.944213e-02
1.640614e-03
0.000000e+00
1.179174e-03
2.781210e-04
3.981539e-04
7.343996e-05
0.000000e+00
3.258849e-05
8.950271e+00
5.942197e+00
1.487790e+01
3.433281e+00
3.835749e+00
6.214066e-01
3.081147e-01
8.747903e-02
3.588129e-02
1.316387e-02
3.005080e-03
1.494000e+01
2.271738e+02
2.417845e+01
1.633008e+02
1.010202e+01
6.507609e+00
3.387313e-01
7.348724e-01
3.400687e-02
2.205381e-01
2.999321e-03
2.291590e+01
1.675978e+01
1.409761e+01
9.135965e+00
5.248926e+00
3.403225e+00
1.418108e+00
1.659712e-01
1.003375e-01
2.294058e-02
1.989011e-02
0.000000e+00
0.000000e+00
0.000000e+00
0.000000e+00
0.000000e+00
0.000000e+00
0.000000e+00
0.000000e+00
0.000000e+00
0.000000e+00
0.000000e+00
0.000000e+00
0.000000e+00
0.000000e+00
0.000000e+00
0.000000e+00
6.282676e-04
0.000000e+00
0.000000e+00
0.000000e+00
0.000000e+00
0.000000e+00
8.399000e-02
7.310779e-03
2.185596e-02
3.503882e-03
7.202213e-03
0.000000e+00
1.224777e-03
1.653788e-04
1.514476e-04
4.201312e-05
2.595385e-06
