2.017480e-01
0.000000e+00
1.039939e-01
0.000000e+00
4.546497e-02
0.000000e+00
1.389699e-03
4.930184e-04
0.000000e+00
0.000000e+00
0.000000e+00
0.000000e+00
2.306048e-01
0.000000e+00
8.216280e-02
0.000000e+00
8.347036e-03
0.000000e+00
0.000000e+00
0.000000e+00
0.000000e+00
0.000000e+00
0.000000e+00
4.561234e-02
0.000000e+00
3.076758e-02
0.000000e+00
8.792989e-04
3.189074e-03
3.543665e-04
0.000000e+00
0.000000e+00
0.000000e+00
6.011958e+00
1.881040e+01
8.861061e+00
8.398333e+00
2.000472e+00
1.196979e+00
3.710880e-01
5.673956e-02
0.000000e+00
0.000000e+00
0.000000e+00
6.653000e+00
1.856284e+01
1.177933e+02
1.817812e+01
1.390327e+01
2.691441e+00
5.313100e-01
7.059622e-03
0.000000e+00
0.000000e+00
0.000000e+00
2.414230e+01
3.178127e+01
2.235113e+01
1.495377e+01
6.102408e+00
3.383492e+00
0.000000e+00
1.210632e-01
0.000000e+00
0.000000e+00
0.000000e+00
0.000000e+00
0.000000e+00
0.000000e+00
0.000000e+00
0.000000e+00
0.000000e+00
4.330984e-01
0.000000e+00
0.000000e+00
0.000000e+00
0.000000e+00
0.000000e+00
0.000000e+00
0.000000e+00
0.000000e+00
0.000000e+00
0.000000e+00
0.000000e+00
0.000000e+00
0.000000e+00
0.000000e+00
0.000000e+00
9.543000e-02
3.320675e-02
2.366406e-02
2.135002e-02
1.529266e-02
2.475252e-03
3.642652e-03
4.129468e-04
0.000000e+00
0.000000e+00
0.000000e+00
