8.233200e-02
7.685038e-02
0.000000e+00
1.057923e-01
0.000000e+00
4.866141e-03
2.981265e-03
0.000000e+00
0.000000e+00
0.000000e+00
0.000000e+00
0.000000e+00
0.000000e+00
1.573659e-01
0.000000e+00
5.620099e-02
0.000000e+00
0.000000e+00
0.000000e+00
0.000000e+00
0.000000e+00
0.000000e+00
1.999300e-02
6.007638e-02
1.388714e-02
0.000000e+00
3.858232e-02
0.000000e+00
1.714434e-03
0.000000e+00
0.000000e+00
0.000000e+00
0.000000e+00
9.525019e+00
1.587179e+01
1.305822e+01
5.573263e+00
4.187852e+00
5.963623e-01
9.340615e-02
0.000000e+00
0.000000e+00
0.000000e+00
0.000000e+00
8.066000e+00
1.011564e+02
1.231169e+01
1.113583e+02
3.197396e+00
5.113890e+00
1.403521e-01
0.000000e+00
0.000000e+00
0.000000e+00
0.000000e+00
2.293950e+01
2.774840e+01
2.408446e+01
1.178024e+01
0.000000e+00
3.744933e+00
3.556352e-01
0.000000e+00
0.000000e+00
0.000000e+00
0.000000e+00
0.000000e+00
0.000000e+00
0.000000e+00
0.000000e+00
8.020354e-01
0.000000e+00
0.000000e+00
0.000000e+00
0.000000e+00
0.000000e+00
0.000000e+00
0.000000e+00
0.000000e+00
0.000000e+00
0.000000e+00
0.000000e+00
0.000000e+00
0.000000e+00
0.000000e+00
0.000000e+00
0.000000e+00
0.000000e+00
7.052000e-02
1.746445e-02
1.768262e-02
1.159758e-02
9.633413e-03
1.586876e-03
9.075012e-04
0.000000e+00
0.000000e+00
0.000000e+00
0.000000e+00
