2.091080e-01
0.000000e+00
2.765630e-02
0.000000e+00
0.000000e+00
1.354262e-02
0.000000e+00
2.045945e-03
0.000000e+00
2.363906e-04
0.000000e+00
0.000000e+00
2.114316e-01
0.000000e+00
1.293946e-02
5.556369e-03
0.000000e+00
3.810486e-03
0.000000e+00
9.242306e-04
0.000000e+00
0.000000e+00
1.967100e-02
1.647114e-02
3.402219e-02
0.000000e+00
3.279450e-02
0.000000e+00
7.446286e-03
0.000000e+00
1.241615e-03
0.000000e+00
0.000000e+00
5.117074e+00
2.066549e+01
1.129184e+01
7.751719e+00
3.704770e+00
3.158976e-01
3.488982e-01
4.539972e-02
8.222718e-02
1.471097e-02
0.000000e+00
9.583000e+00
7.998367e+01
4.439686e+01
3.367530e+01
6.563433e+00
3.479819e-01
8.996468e-01
4.127253e-02
8.200378e-02
5.057180e-03
0.000000e+00
2.433360e+01
3.271035e+01
2.839964e+01
2.071451e+01
1.342300e+01
3.050121e+00
1.592981e+00
5.181322e-01
3.098831e-01
5.231195e-02
0.000000e+00
0.000000e+00
0.000000e+00
0.000000e+00
0.000000e+00
0.000000e+00
0.000000e+00
0.000000e+00
0.000000e+00
0.000000e+00
0.000000e+00
0.000000e+00
0.000000e+00
0.000000e+00
0.000000e+00
0.000000e+00
0.000000e+00
0.000000e+00
0.000000e+00
0.000000e+00
0.000000e+00
0.000000e+00
0.000000e+00
1.134400e-01
4.172302e-02
3.189289e-02
2.245238e-02
1.914589e-02
8.491711e-04
2.596128e-03
3.167312e-04
5.244563e-04
2.227648e-04
0.000000e+00
