1.779200e-01
0.000000e+00
9.325005e-02
0.000000e+00
3.503719e-02
0.000000e+00
1.107505e-03
0.000000e+00
0.000000e+00
4.691889e-05
8.747093e-05
0.000000e+00
1.876495e-01
0.000000e+00
5.769858e-02
0.000000e+00
8.218457e-03
0.000000e+00
8.617024e-05
5.007265e-06
0.000000e+00
0.000000e+00
4.468000e-03
5.842057e-02
0.000000e+00
2.569550e-02
0.000000e+00
3.695109e-03
0.000000e+00
3.260611e-04
3.169395e-05
2.476932e-05
1.150597e-07
6.354022e+00
1.941276e+01
8.242006e+00
8.410872e+00
2.522184e+00
9.333190e-01
1.015160e-01
4.923405e-02
4.253964e-02
1.380187e-02
3.622667e-03
9.372000e+00
9.994933e+01
6.948974e+01
1.243618e+01
2.234010e+01
6.807975e-01
6.761120e-01
1.905599e-01
2.255032e-01
1.612308e-02
9.602026e-02
2.392490e+01
3.227233e+01
2.397764e+01
1.349149e+01
1.041146e+01
3.821794e+00
1.614694e-01
1.123235e-01
6.205167e-02
0.000000e+00
0.000000e+00
0.000000e+00
0.000000e+00
0.000000e+00
0.000000e+00
0.000000e+00
0.000000e+00
0.000000e+00
0.000000e+00
0.000000e+00
4.698786e-03
1.675875e-02
0.000000e+00
0.000000e+00
0.000000e+00
0.000000e+00
0.000000e+00
0.000000e+00
3.090788e-05
0.000000e+00
0.000000e+00
0.000000e+00
2.788289e-05
7.797000e-02
2.162939e-02
1.451396e-02
1.859311e-02
1.932550e-03
3.704757e-03
0.000000e+00
8.960367e-05
6.457768e-05
4.044996e-05
0.000000e+00
