1.190840e-01
0.000000e+00
2.173732e-02
0.000000e+00
4.991378e-03
7.774042e-03
0.000000e+00
1.063725e-03
0.000000e+00
0.000000e+00
0.000000e+00
0.000000e+00
9.015018e-02
0.000000e+00
2.717308e-02
0.000000e+00
0.000000e+00
3.494802e-03
0.000000e+00
0.000000e+00
0.000000e+00
0.000000e+00
7.256200e-02
0.000000e+00
5.577515e-02
5.041425e-03
7.491833e-03
0.000000e+00
1.448037e-03
9.290982e-05
0.000000e+00
0.000000e+00
0.000000e+00
6.657347e+00
1.729518e+01
1.052770e+01
5.149841e+00
2.217059e+00
4.069448e-01
3.271601e-01
3.600045e-02
0.000000e+00
0.000000e+00
0.000000e+00
4.772000e+00
3.182706e+00
1.741145e+01
2.356775e+01
1.358461e+01
1.245484e+00
8.527175e-01
3.929192e-02
0.000000e+00
0.000000e+00
0.000000e+00
2.862300e+01
7.838165e+01
3.672950e+01
2.083133e+01
6.900231e+00
1.399048e+00
8.092837e-01
1.521267e-01
0.000000e+00
0.000000e+00
0.000000e+00
0.000000e+00
0.000000e+00
0.000000e+00
0.000000e+00
0.000000e+00
0.000000e+00
0.000000e+00
0.000000e+00
0.000000e+00
0.000000e+00
0.000000e+00
0.000000e+00
0.000000e+00
0.000000e+00
0.000000e+00
0.000000e+00
0.000000e+00
0.000000e+00
0.000000e+00
0.000000e+00
0.000000e+00
0.000000e+00
1.335700e-01
4.187310e-02
4.907383e-02
2.785524e-02
8.448450e-03
2.193302e-03
9.765896e-04
6.932149e-04
0.000000e+00
0.000000e+00
0.000000e+00
