1.350650e-01
0.000000e+00
0.000000e+00
3.985007e-03
1.713489e-02
0.000000e+00
0.000000e+00
1.375916e-03
4.293891e-04
0.000000e+00
0.000000e+00
0.000000e+00
5.813462e-02
4.634065e-02
0.000000e+00
0.000000e+00
1.510112e-03
5.262280e-03
0.000000e+00
0.000000e+00
0.000000e+00
0.000000e+00
2.440400e-02
2.645596e-02
6.609728e-03
2.533072e-02
0.000000e+00
0.000000e+00
2.065536e-03
5.287541e-04
9.613562e-05
0.000000e+00
0.000000e+00
8.063986e+00
1.737181e+01
1.387141e+01
6.732340e+00
2.410777e+00
1.284301e+00
8.243475e-01
2.201406e-01
1.499437e-02
0.000000e+00
0.000000e+00
3.155000e+00
1.084668e+01
1.070234e+02
7.127794e+00
6.438723e+01
1.177632e+01
5.237326e+00
1.371034e+00
3.846741e-02
0.000000e+00
0.000000e+00
2.389720e+01
3.242411e+01
2.415573e+01
1.292934e+01
6.627437e+00
3.473640e+00
2.593920e+00
7.184595e-01
6.265788e-02
0.000000e+00
0.000000e+00
0.000000e+00
0.000000e+00
0.000000e+00
0.000000e+00
0.000000e+00
0.000000e+00
0.000000e+00
0.000000e+00
0.000000e+00
0.000000e+00
0.000000e+00
0.000000e+00
0.000000e+00
0.000000e+00
0.000000e+00
0.000000e+00
0.000000e+00
0.000000e+00
0.000000e+00
0.000000e+00
0.000000e+00
0.000000e+00
1.014700e-01
3.464779e-02
2.650851e-02
2.731999e-02
8.083811e-03
2.786115e-03
2.425281e-03
1.019169e-03
1.858228e-04
0.000000e+00
0.000000e+00
