2.246930e-01
0.000000e+00
1.732972e-01
0.000000e+00
9.226813e-03
0.000000e+00
0.000000e+00
0.000000e+00
0.000000e+00
0.000000e+00
0.000000e+00
0.000000e+00
3.518108e-01
0.000000e+00
3.924151e-02
0.000000e+00
1.224398e-03
0.000000e+00
0.000000e+00
0.000000e+00
0.000000e+00
0.000000e+00
4.210600e-02
0.000000e+00
2.197602e-03
0.000000e+00
1.230264e-02
6.361637e-03
0.000000e+00
0.000000e+00
0.000000e+00
0.000000e+00
0.000000e+00
6.589125e+00
1.890119e+01
4.862140e+00
3.967253e+00
2.328131e+00
4.987205e-01
0.000000e+00
0.000000e+00
0.000000e+00
0.000000e+00
0.000000e+00
8.220000e-01
1.521456e+02
6.571486e+01
7.043138e+01
1.859531e+01
5.425947e-01
0.000000e+00
0.000000e+00
0.000000e+00
0.000000e+00
0.000000e+00
3.029360e+01
8.226540e+01
3.093879e+01
1.141230e+01
9.824283e+00
4.157075e+00
0.000000e+00
0.000000e+00
0.000000e+00
0.000000e+00
0.000000e+00
0.000000e+00
0.000000e+00
0.000000e+00
0.000000e+00
0.000000e+00
0.000000e+00
0.000000e+00
0.000000e+00
0.000000e+00
0.000000e+00
0.000000e+00
0.000000e+00
0.000000e+00
0.000000e+00
0.000000e+00
0.000000e+00
0.000000e+00
0.000000e+00
0.000000e+00
0.000000e+00
0.000000e+00
0.000000e+00
9.343000e-02
2.640051e-02
4.143803e-02
6.603987e-04
4.912602e-03
5.688361e-04
0.000000e+00
0.000000e+00
0.000000e+00
0.000000e+00
0.000000e+00
