0.000000e+00
5.602423e-02
0.000000e+00
1.286803e-02
0.000000e+00
0.000000e+00
0.000000e+00
2.456663e-04
0.000000e+00
0.000000e+00
0.000000e+00
1.338200e-02
0.000000e+00
3.484383e-02
0.000000e+00
5.213470e-04
3.473142e-05
7.250757e-04
0.000000e+00
0.000000e+00
0.000000e+00
0.000000e+00
2.875300e-02
3.856094e-02
0.000000e+00
1.010481e-02
4.142942e-03
0.000000e+00
2.184917e-03
6.237229e-05
0.000000e+00
0.000000e+00
0.000000e+00
1.219757e+01
1.325198e+01
9.440754e+00
5.366290e+00
1.217824e+00
5.897744e-01
1.873060e-01
6.525229e-03
0.000000e+00
0.000000e+00
0.000000e+00
1.769000e+00
3.964753e+01
3.097449e+00
1.362827e+01
1.025200e+00
7.129487e+00
1.987146e-01
1.056474e-02
0.000000e+00
0.000000e+00
0.000000e+00
2.981460e+01
8.348101e+01
4.945231e+01
1.892164e+01
6.444162e+00
9.976686e-01
1.350590e+00
3.247298e-02
0.000000e+00
0.000000e+00
0.000000e+00
0.000000e+00
0.000000e+00
0.000000e+00
0.000000e+00
0.000000e+00
0.000000e+00
0.000000e+00
0.000000e+00
0.000000e+00
0.000000e+00
0.000000e+00
0.000000e+00
0.000000e+00
0.000000e+00
0.000000e+00
0.000000e+00
0.000000e+00
0.000000e+00
0.000000e+00
0.000000e+00
0.000000e+00
0.000000e+00
1.166400e-01
3.290652e-02
4.505158e-02
3.318347e-02
7.988081e-03
2.328035e-03
2.769281e-04
1.154266e-05
0.000000e+00
0.000000e+00
0.000000e+00
