1.216560e-01
0.000000e+00
1.443105e-01
0.000000e+00
2.199457e-02
0.000000e+00
1.993136e-03
0.000000e+00
0.000000e+00
0.000000e+00
0.000000e+00
0.000000e+00
2.289278e-01
0.000000e+00
6.873719e-02
0.000000e+00
5.101923e-03
0.000000e+00
0.000000e+00
0.000000e+00
0.000000e+00
0.000000e+00
8.885800e-02
0.000000e+00
1.351643e-02
3.282224e-02
1.303597e-03
8.852347e-04
1.972897e-04
0.000000e+00
0.000000e+00
0.000000e+00
0.000000e+00
1.526878e+01
1.327491e+01
8.313802e+00
3.934661e+00
1.355779e+00
2.432192e-01
9.533910e-02
0.000000e+00
0.000000e+00
0.000000e+00
0.000000e+00
6.088000e+00
2.420686e+01
3.207766e+00
7.022973e+00
1.297052e+00
1.962269e-01
5.192086e-02
0.000000e+00
0.000000e+00
0.000000e+00
0.000000e+00
2.953990e+01
8.247698e+01
2.937423e+01
1.276566e+01
4.550150e+00
1.143328e+00
2.994981e-01
0.000000e+00
0.000000e+00
0.000000e+00
0.000000e+00
0.000000e+00
0.000000e+00
0.000000e+00
0.000000e+00
0.000000e+00
0.000000e+00
0.000000e+00
0.000000e+00
0.000000e+00
0.000000e+00
0.000000e+00
0.000000e+00
0.000000e+00
0.000000e+00
0.000000e+00
0.000000e+00
0.000000e+00
0.000000e+00
0.000000e+00
0.000000e+00
0.000000e+00
0.000000e+00
1.231400e-01
4.317885e-02
6.029255e-02
9.428288e-03
1.195368e-02
5.599058e-04
1.163238e-03
0.000000e+00
0.000000e+00
0.000000e+00
0.000000e+00
