2.017700e-02
4.909368e-02
0.000000e+00
5.775143e-03
0.000000e+00
2.590698e-03
0.000000e+00
0.000000e+00
0.000000e+00
0.000000e+00
0.000000e+00
0.000000e+00
0.000000e+00
3.501632e-02
0.000000e+00
2.893403e-03
0.000000e+00
0.000000e+00
0.000000e+00
0.000000e+00
0.000000e+00
0.000000e+00
5.086600e-02
2.976789e-02
4.251952e-02
8.777305e-03
1.650069e-02
1.226148e-03
0.000000e+00
0.000000e+00
0.000000e+00
0.000000e+00
0.000000e+00
9.416782e+00
1.568257e+01
8.540097e+00
6.223259e+00
2.012531e+00
2.340580e-01
0.000000e+00
0.000000e+00
0.000000e+00
0.000000e+00
0.000000e+00
6.700000e-01
8.972303e+00
2.536168e+01
5.621736e+01
3.290582e+00
1.326020e-02
0.000000e+00
0.000000e+00
0.000000e+00
0.000000e+00
0.000000e+00
2.738630e+01
6.524804e+01
2.350219e+01
1.606979e+01
1.874204e+01
5.847849e-01
0.000000e+00
0.000000e+00
0.000000e+00
0.000000e+00
0.000000e+00
0.000000e+00
0.000000e+00
0.000000e+00
0.000000e+00
0.000000e+00
0.000000e+00
0.000000e+00
0.000000e+00
0.000000e+00
0.000000e+00
0.000000e+00
0.000000e+00
0.000000e+00
0.000000e+00
0.000000e+00
0.000000e+00
0.000000e+00
0.000000e+00
0.000000e+00
0.000000e+00
0.000000e+00
0.000000e+00
1.214700e-01
2.489547e-02
4.740339e-02
1.818702e-02
4.539156e-03
4.035445e-04
0.000000e+00
0.000000e+00
0.000000e+00
0.000000e+00
0.000000e+00
