4.393700e-02
1.776293e-02
0.000000e+00
0.000000e+00
0.000000e+00
3.979251e-03
0.000000e+00
0.000000e+00
6.335239e-05
9.610157e-05
0.000000e+00
0.000000e+00
0.000000e+00
3.028942e-02
9.332641e-03
2.602312e-05
0.000000e+00
3.790408e-04
2.954045e-04
0.000000e+00
0.000000e+00
0.000000e+00
2.495300e-02
1.188624e-02
8.312482e-03
1.698022e-02
5.293059e-03
1.815313e-03
3.818402e-04
2.491462e-04
1.420849e-04
2.755555e-05
0.000000e+00
1.465224e+01
1.386239e+01
1.394124e+01
7.651537e+00
3.880749e+00
7.215358e-01
2.575234e-01
1.836755e-01
7.301733e-02
6.460389e-03
0.000000e+00
7.943000e+00
3.745068e+01
7.191515e+01
2.223170e+01
1.017625e+01
2.498534e+00
9.020836e-01
5.066233e-01
1.317859e-01
5.942866e-03
0.000000e+00
2.354630e+01
3.102285e+01
2.391589e+01
1.613097e+01
9.798626e+00
1.612828e+00
5.045679e-01
3.306707e-01
1.481259e-01
1.852391e-02
0.000000e+00
0.000000e+00
0.000000e+00
0.000000e+00
0.000000e+00
0.000000e+00
0.000000e+00
0.000000e+00
0.000000e+00
0.000000e+00
0.000000e+00
0.000000e+00
0.000000e+00
0.000000e+00
0.000000e+00
0.000000e+00
0.000000e+00
0.000000e+00
0.000000e+00
0.000000e+00
0.000000e+00
0.000000e+00
0.000000e+00
1.053200e-01
3.612509e-02
2.516328e-02
2.353000e-02
1.435157e-02
5.084205e-03
6.532172e-04
6.498207e-04
2.975787e-04
8.005358e-05
0.000000e+00
