0.000000e+00
1.786359e-01
0.000000e+00
1.746235e-02
0.000000e+00
8.098241e-03
9.317697e-04
3.302921e-05
5.242676e-05
0.000000e+00
0.000000e+00
8.497700e-02
0.000000e+00
5.889348e-02
0.000000e+00
2.340043e-02
0.000000e+00
0.000000e+00
0.000000e+00
0.000000e+00
0.000000e+00
0.000000e+00
1.367020e-01
0.000000e+00
2.953702e-02
1.814250e-02
6.575415e-03
2.492616e-03
0.000000e+00
0.000000e+00
3.840946e-04
0.000000e+00
0.000000e+00
1.512045e+01
5.912599e+00
1.104855e+01
5.219430e+00
3.230295e+00
1.398520e+00
3.206263e-01
1.528271e-01
3.624780e-02
0.000000e+00
0.000000e+00
3.602000e+00
5.257525e+00
1.131440e+01
3.634760e+01
1.460499e+01
4.250088e+00
5.339702e-01
3.012225e-02
8.787191e-03
0.000000e+00
0.000000e+00
2.823610e+01
7.627628e+01
3.341267e+01
1.099040e+01
7.424996e+00
3.167815e+00
1.272415e+00
6.551540e-01
8.880054e-02
0.000000e+00
0.000000e+00
0.000000e+00
0.000000e+00
0.000000e+00
0.000000e+00
0.000000e+00
0.000000e+00
0.000000e+00
0.000000e+00
0.000000e+00
0.000000e+00
0.000000e+00
0.000000e+00
0.000000e+00
0.000000e+00
0.000000e+00
0.000000e+00
0.000000e+00
0.000000e+00
0.000000e+00
0.000000e+00
0.000000e+00
0.000000e+00
1.246700e-01
3.629388e-02
5.008461e-02
2.697989e-02
1.030466e-02
8.693658e-03
1.655051e-03
8.715174e-04
3.927978e-04
0.000000e+00
0.000000e+00
