1.459200e-02
0.000000e+00
1.559272e-02
0.000000e+00
1.417373e-03
2.004375e-05
8.758436e-05
0.000000e+00
4.155732e-06
1.047052e-06
6.533594e-07
0.000000e+00
1.674595e-02
0.000000e+00
6.878354e-03
0.000000e+00
0.000000e+00
0.000000e+00
3.549228e-05
0.000000e+00
0.000000e+00
0.000000e+00
1.044200e-02
0.000000e+00
2.284981e-03
2.168440e-03
4.576431e-04
4.490235e-04
0.000000e+00
3.452903e-05
2.060420e-05
0.000000e+00
4.503852e-06
1.230036e+01
1.299762e+01
1.004150e+01
5.077203e+00
1.479833e+00
2.062608e-01
6.056636e-02
2.068853e-02
6.306744e-03
2.181192e-03
7.586926e-04
3.684000e+00
1.921814e+01
9.915109e+00
3.876031e+00
7.212446e-01
1.777144e-01
2.561498e-02
2.419550e-02
6.036203e-03
7.342157e-04
3.056841e-03
3.036080e+01
7.657588e+01
5.042899e+01
2.007461e+01
4.371722e+00
7.846900e-01
2.390663e-01
7.555908e-02
2.418269e-02
8.029806e-03
1.574079e-03
0.000000e+00
0.000000e+00
0.000000e+00
0.000000e+00
0.000000e+00
0.000000e+00
0.000000e+00
0.000000e+00
0.000000e+00
0.000000e+00
0.000000e+00
0.000000e+00
0.000000e+00
0.000000e+00
0.000000e+00
0.000000e+00
0.000000e+00
0.000000e+00
0.000000e+00
0.000000e+00
0.000000e+00
0.000000e+00
1.380500e-01
4.690715e-02
5.494698e-02
4.235545e-02
1.303458e-02
1.654855e-03
4.923816e-04
1.523533e-04
4.837335e-05
1.573726e-05
5.264687e-06
