9.731300e-02
2.253168e-02
0.000000e+00
0.000000e+00
0.000000e+00
8.180917e-04
0.000000e+00
2.219270e-03
0.000000e+00
3.986847e-04
0.000000e+00
0.000000e+00
0.000000e+00
3.324705e-02
5.590680e-03
1.237450e-02
0.000000e+00
2.387705e-03
0.000000e+00
1.005061e-03
0.000000e+00
0.000000e+00
4.085500e-02
3.921885e-02
2.881909e-02
0.000000e+00
2.362312e-02
0.000000e+00
1.390774e-03
0.000000e+00
5.169139e-05
2.713301e-05
0.000000e+00
1.391218e+01
1.109945e+01
1.365763e+01
5.450297e+00
2.091129e+00
6.131582e-01
3.299670e-01
5.609541e-02
4.558953e-02
7.452400e-03
0.000000e+00
4.290000e-01
2.240701e+01
7.538272e+01
1.616950e+01
2.233949e+00
3.768568e+00
7.932865e-01
7.711137e-01
4.343768e-02
1.249031e-02
0.000000e+00
2.384480e+01
2.864624e+01
1.453180e+01
7.802484e+00
0.000000e+00
1.197381e+00
6.820341e-01
2.199606e-01
1.753216e-01
4.392707e-02
0.000000e+00
0.000000e+00
0.000000e+00
0.000000e+00
0.000000e+00
6.467460e+00
0.000000e+00
0.000000e+00
0.000000e+00
0.000000e+00
0.000000e+00
0.000000e+00
0.000000e+00
0.000000e+00
0.000000e+00
0.000000e+00
0.000000e+00
0.000000e+00
0.000000e+00
0.000000e+00
0.000000e+00
0.000000e+00
0.000000e+00
8.251000e-02
2.426850e-02
4.069834e-03
1.914717e-02
5.012035e-03
1.274294e-03
1.155619e-03
5.137223e-04
6.390323e-05
1.529423e-04
0.000000e+00
