7.551300e-02
0.000000e+00
5.260123e-02
0.000000e+00
0.000000e+00
0.000000e+00
3.773276e-04
0.000000e+00
2.681842e-04
0.000000e+00
0.000000e+00
0.000000e+00
1.049569e-01
0.000000e+00
1.658894e-02
1.647429e-03
2.936059e-03
0.000000e+00
1.185318e-04
0.000000e+00
0.000000e+00
0.000000e+00
3.594700e-02
2.382837e-03
2.019507e-02
2.447386e-03
1.156396e-02
8.126127e-04
6.209349e-04
3.942094e-04
3.553177e-05
0.000000e+00
0.000000e+00
1.169221e+01
1.674857e+01
9.583864e+00
3.935501e+00
1.900354e+00
9.471380e-01
4.237814e-01
1.765633e-01
1.200319e-02
0.000000e+00
0.000000e+00
6.690000e-01
2.478392e+01
4.937809e+01
7.114404e+00
1.251249e+01
3.949301e+00
6.466527e-01
2.289960e-01
9.252882e-03
0.000000e+00
0.000000e+00
2.895190e+01
8.127685e+01
1.997447e+01
3.268054e+00
0.000000e+00
2.079088e+00
8.735004e-01
3.339184e-01
4.174570e-02
0.000000e+00
0.000000e+00
0.000000e+00
0.000000e+00
0.000000e+00
0.000000e+00
2.610759e+00
0.000000e+00
0.000000e+00
0.000000e+00
0.000000e+00
0.000000e+00
0.000000e+00
0.000000e+00
0.000000e+00
0.000000e+00
0.000000e+00
0.000000e+00
0.000000e+00
0.000000e+00
0.000000e+00
0.000000e+00
0.000000e+00
0.000000e+00
1.218600e-01
4.055822e-02
6.517468e-02
5.020490e-03
8.617917e-03
1.947417e-03
1.911041e-03
5.972300e-04
1.620177e-04
0.000000e+00
0.000000e+00
