1.236680e-01
0.000000e+00
0.000000e+00
2.260999e-02
0.000000e+00
3.943107e-03
0.000000e+00
0.000000e+00
0.000000e+00
0.000000e+00
0.000000e+00
0.000000e+00
1.119579e-01
1.747006e-02
0.000000e+00
7.986030e-03
0.000000e+00
0.000000e+00
0.000000e+00
0.000000e+00
0.000000e+00
0.000000e+00
8.346900e-02
3.848759e-02
1.422635e-02
8.107801e-03
4.398068e-03
1.277388e-03
0.000000e+00
0.000000e+00
0.000000e+00
0.000000e+00
0.000000e+00
9.160363e+00
1.617845e+01
1.186059e+01
3.102134e+00
1.699823e+00
3.084366e-01
0.000000e+00
0.000000e+00
0.000000e+00
0.000000e+00
0.000000e+00
6.310000e-01
2.740794e+01
1.848890e+01
3.681018e+00
1.706695e+00
8.733084e-02
0.000000e+00
0.000000e+00
0.000000e+00
0.000000e+00
0.000000e+00
3.136000e+01
8.750790e+01
5.255683e+01
1.527383e+01
7.370987e+00
1.076038e+00
0.000000e+00
0.000000e+00
0.000000e+00
0.000000e+00
0.000000e+00
0.000000e+00
0.000000e+00
0.000000e+00
0.000000e+00
0.000000e+00
0.000000e+00
0.000000e+00
0.000000e+00
0.000000e+00
0.000000e+00
0.000000e+00
0.000000e+00
0.000000e+00
0.000000e+00
0.000000e+00
0.000000e+00
0.000000e+00
0.000000e+00
0.000000e+00
0.000000e+00
0.000000e+00
0.000000e+00
1.246500e-01
4.299487e-02
4.978626e-02
2.159389e-02
7.896731e-03
4.562289e-03
0.000000e+00
0.000000e+00
0.000000e+00
0.000000e+00
0.000000e+00
