1.326000e-01
5.449230e-03
0.000000e+00
1.260691e-01
0.000000e+00
2.416001e-02
0.000000e+00
1.817031e-03
0.000000e+00
1.401516e-04
0.000000e+00
0.000000e+00
0.000000e+00
1.788650e-01
0.000000e+00
6.830689e-02
0.000000e+00
6.010840e-03
0.000000e+00
8.029036e-04
0.000000e+00
0.000000e+00
1.993400e-02
2.713611e-02
1.496569e-02
0.000000e+00
8.739945e-03
0.000000e+00
2.702415e-03
0.000000e+00
1.624051e-04
0.000000e+00
0.000000e+00
6.205877e+00
1.886753e+01
1.431063e+01
4.310329e+00
3.731469e+00
5.597444e-01
2.604982e-01
2.839187e-02
3.692935e-02
5.844915e-03
0.000000e+00
4.870000e+00
6.457696e+01
3.111122e+01
6.229639e+01
4.314741e+00
6.228484e+00
3.236344e-01
5.567571e-01
9.155493e-03
3.092736e-03
0.000000e+00
2.398090e+01
3.120462e+01
2.793454e+01
1.188519e+01
1.075932e+01
1.990103e+00
3.533816e-03
6.154953e-02
0.000000e+00
1.873666e-02
0.000000e+00
0.000000e+00
0.000000e+00
0.000000e+00
0.000000e+00
0.000000e+00
0.000000e+00
0.000000e+00
0.000000e+00
1.261466e-01
0.000000e+00
0.000000e+00
0.000000e+00
0.000000e+00
0.000000e+00
0.000000e+00
0.000000e+00
0.000000e+00
0.000000e+00
0.000000e+00
0.000000e+00
0.000000e+00
0.000000e+00
1.162000e-01
4.108040e-02
3.362694e-02
2.952482e-02
6.891260e-03
6.477361e-03
8.601717e-04
1.543462e-04
9.549144e-05
4.820028e-05
0.000000e+00
