7.411200e-02
0.000000e+00
8.477118e-02
0.000000e+00
2.630218e-03
1.348638e-03
0.000000e+00
0.000000e+00
0.000000e+00
0.000000e+00
0.000000e+00
0.000000e+00
1.201189e-01
0.000000e+00
3.149518e-02
0.000000e+00
0.000000e+00
0.000000e+00
0.000000e+00
0.000000e+00
0.000000e+00
0.000000e+00
2.896400e-02
1.493288e-02
0.000000e+00
2.360397e-02
5.430831e-03
2.785424e-03
0.000000e+00
0.000000e+00
0.000000e+00
0.000000e+00
0.000000e+00
1.235197e+01
1.286372e+01
9.844309e+00
3.733050e+00
1.710800e+00
3.077393e-01
0.000000e+00
0.000000e+00
0.000000e+00
0.000000e+00
0.000000e+00
1.758000e+00
3.546870e+01
2.491506e+00
1.543073e+01
5.965814e-01
1.016201e-01
0.000000e+00
0.000000e+00
0.000000e+00
0.000000e+00
0.000000e+00
3.002430e+01
8.603561e+01
3.248125e+01
1.505045e+01
5.506901e+00
6.687562e-01
0.000000e+00
0.000000e+00
0.000000e+00
0.000000e+00
0.000000e+00
0.000000e+00
0.000000e+00
0.000000e+00
0.000000e+00
0.000000e+00
0.000000e+00
0.000000e+00
0.000000e+00
0.000000e+00
0.000000e+00
0.000000e+00
0.000000e+00
0.000000e+00
0.000000e+00
0.000000e+00
0.000000e+00
0.000000e+00
0.000000e+00
0.000000e+00
0.000000e+00
0.000000e+00
0.000000e+00
1.114800e-01
3.679460e-02
5.525039e-02
3.223095e-03
1.062507e-02
1.578939e-03
0.000000e+00
0.000000e+00
0.000000e+00
0.000000e+00
0.000000e+00
