1.710620e-01
0.000000e+00
1.016176e-01
0.000000e+00
3.733799e-02
0.000000e+00
0.000000e+00
7.555808e-05
7.733656e-05
0.000000e+00
0.000000e+00
0.000000e+00
1.831077e-01
0.000000e+00
8.166669e-02
0.000000e+00
2.856992e-03
4.021042e-04
0.000000e+00
0.000000e+00
0.000000e+00
0.000000e+00
6.511000e-03
5.906342e-02
1.929664e-02
2.727851e-02
0.000000e+00
2.643387e-03
0.000000e+00
9.603722e-05
1.617890e-05
0.000000e+00
0.000000e+00
7.890227e+00
1.792377e+01
8.673355e+00
8.730758e+00
3.148257e+00
6.546062e-01
8.643634e-02
4.329974e-02
4.764869e-03
0.000000e+00
0.000000e+00
5.099000e+00
1.708044e+01
1.448860e+02
1.079427e+01
2.026527e+01
7.029315e-01
1.676306e-01
2.135294e-01
5.689027e-03
0.000000e+00
0.000000e+00
2.385390e+01
3.040119e+01
2.520409e+01
1.801858e+01
1.042869e+01
2.617883e+00
1.099274e-01
9.022173e-02
1.394597e-02
0.000000e+00
0.000000e+00
0.000000e+00
0.000000e+00
0.000000e+00
0.000000e+00
0.000000e+00
0.000000e+00
0.000000e+00
0.000000e+00
0.000000e+00
0.000000e+00
0.000000e+00
0.000000e+00
0.000000e+00
0.000000e+00
0.000000e+00
0.000000e+00
0.000000e+00
0.000000e+00
0.000000e+00
0.000000e+00
0.000000e+00
0.000000e+00
9.976000e-02
3.411579e-02
2.366678e-02
2.160578e-02
1.297137e-02
4.123535e-03
6.488757e-05
2.146523e-05
4.102674e-05
0.000000e+00
0.000000e+00
