2.446400e-02
2.429094e-01
0.000000e+00
1.174293e-02
0.000000e+00
4.266372e-03
1.409551e-03
0.000000e+00
3.446909e-04
0.000000e+00
0.000000e+00
0.000000e+00
0.000000e+00
1.236500e-01
0.000000e+00
3.938713e-03
0.000000e+00
0.000000e+00
1.209708e-03
0.000000e+00
0.000000e+00
0.000000e+00
7.209700e-02
0.000000e+00
0.000000e+00
3.521578e-02
0.000000e+00
1.107186e-02
0.000000e+00
2.086382e-03
0.000000e+00
0.000000e+00
0.000000e+00
8.661575e+00
5.382344e+00
1.326954e+01
7.151050e+00
2.928262e+00
1.302984e+00
3.390566e-01
2.299673e-01
1.146598e-02
0.000000e+00
0.000000e+00
3.187700e+01
1.839103e+01
6.475418e+01
1.294115e+01
2.146995e+01
1.073363e+00
1.689989e+00
1.911791e-01
9.009607e-03
0.000000e+00
0.000000e+00
2.703050e+01
7.239759e+01
3.099950e+01
2.141759e+01
1.285921e+01
2.560065e+00
8.519792e-01
4.760942e-01
4.281425e-02
0.000000e+00
0.000000e+00
0.000000e+00
0.000000e+00
0.000000e+00
0.000000e+00
0.000000e+00
0.000000e+00
0.000000e+00
0.000000e+00
0.000000e+00
0.000000e+00
0.000000e+00
0.000000e+00
0.000000e+00
0.000000e+00
0.000000e+00
0.000000e+00
0.000000e+00
0.000000e+00
0.000000e+00
0.000000e+00
0.000000e+00
0.000000e+00
1.347800e-01
3.850409e-02
3.151039e-02
3.591398e-02
1.565076e-02
7.037231e-03
6.864161e-04
1.055781e-03
1.568445e-04
0.000000e+00
0.000000e+00
