1.966780e-01
0.000000e+00
5.098015e-02
0.000000e+00
0.000000e+00
5.314019e-03
0.000000e+00
2.195102e-04
0.000000e+00
4.985786e-05
0.000000e+00
0.000000e+00
1.652211e-01
0.000000e+00
1.646919e-02
6.304501e-03
0.000000e+00
1.027924e-03
0.000000e+00
9.868134e-06
0.000000e+00
0.000000e+00
4.510600e-02
0.000000e+00
2.293575e-02
0.000000e+00
6.693893e-03
2.677157e-03
6.462557e-04
0.000000e+00
2.344712e-04
9.590691e-06
0.000000e+00
5.964117e+00
1.975809e+01
1.145094e+01
7.676032e+00
3.886045e+00
6.261353e-01
1.796073e-01
8.959974e-02
4.031509e-02
3.479422e-03
0.000000e+00
4.448000e+00
5.481579e+01
1.066886e+02
1.411818e+01
1.073034e+01
1.240256e+00
6.773914e-01
2.281816e-01
1.316879e-01
3.789880e-03
0.000000e+00
2.193250e+01
3.516379e+01
2.124115e+01
1.730095e+01
1.005786e+01
6.350640e-01
2.998461e-01
1.898401e-01
7.735259e-02
9.767640e-03
0.000000e+00
0.000000e+00
0.000000e+00
0.000000e+00
0.000000e+00
0.000000e+00
0.000000e+00
0.000000e+00
0.000000e+00
0.000000e+00
0.000000e+00
0.000000e+00
0.000000e+00
0.000000e+00
0.000000e+00
0.000000e+00
0.000000e+00
0.000000e+00
0.000000e+00
0.000000e+00
0.000000e+00
0.000000e+00
0.000000e+00
1.155200e-01
3.959901e-02
1.845845e-02
1.889852e-02
1.144361e-02
3.991306e-03
3.568175e-04
3.631345e-04
1.537397e-04
4.065463e-05
0.000000e+00
