4.324570e-01
0.000000e+00
7.296310e-02
0.000000e+00
7.286175e-03
3.946561e-03
0.000000e+00
9.500089e-04
0.000000e+00
3.700736e-04
0.000000e+00
0.000000e+00
4.116882e-01
0.000000e+00
4.286481e-02
0.000000e+00
0.000000e+00
2.757420e-03
0.000000e+00
3.631662e-04
0.000000e+00
1.532597e-04
2.478900e-02
9.179951e-02
2.031036e-02
7.255627e-03
1.079783e-02
2.490891e-03
5.462629e-04
6.652638e-06
2.317500e-04
0.000000e+00
4.711913e-05
4.563885e+00
1.932407e+01
8.607602e+00
7.090588e+00
3.267409e+00
1.800386e+00
4.365246e-01
1.802939e-01
8.398429e-02
1.060731e-02
1.997046e-02
3.700000e-01
7.742151e+00
8.303407e+01
1.342276e+01
1.096195e+01
5.702705e+00
6.585589e-01
1.531347e-01
1.994132e-01
1.391770e-01
3.429883e-02
2.812880e+01
1.509002e+02
1.422772e+01
1.556446e+01
1.162100e+01
4.499374e+00
2.928454e+00
6.403730e-01
1.469645e-01
5.454404e-02
3.226711e-02
0.000000e+00
0.000000e+00
0.000000e+00
0.000000e+00
0.000000e+00
0.000000e+00
0.000000e+00
0.000000e+00
0.000000e+00
0.000000e+00
0.000000e+00
1.675000e-02
0.000000e+00
0.000000e+00
0.000000e+00
0.000000e+00
0.000000e+00
0.000000e+00
0.000000e+00
0.000000e+00
0.000000e+00
0.000000e+00
0.000000e+00
5.097157e-02
9.121734e-03
1.637078e-02
1.251666e-02
8.116848e-03
1.343014e-03
9.694324e-04
4.470320e-04
6.899795e-05
6.975873e-05
