4.647320e-01
0.000000e+00
8.640331e-02
0.000000e+00
0.000000e+00
9.730936e-03
1.564259e-05
0.000000e+00
2.007660e-05
0.000000e+00
0.000000e+00
0.000000e+00
3.738751e-01
0.000000e+00
4.923617e-02
2.310539e-02
0.000000e+00
0.000000e+00
7.701292e-05
0.000000e+00
0.000000e+00
0.000000e+00
1.532000e-02
8.251214e-02
1.151306e-02
0.000000e+00
2.421635e-02
0.000000e+00
5.045022e-04
1.018118e-05
2.310221e-05
0.000000e+00
0.000000e+00
3.978773e+00
1.688130e+01
7.766762e+00
4.906050e+00
1.678869e+00
4.196465e-01
1.185834e-01
3.459052e-02
1.209851e-02
0.000000e+00
0.000000e+00
5.084000e+00
3.960511e+00
9.043882e+01
1.004136e+00
3.294698e+00
3.583452e-01
2.855053e-02
5.201311e-02
1.595927e-03
0.000000e+00
0.000000e+00
2.581450e+01
9.187934e+01
2.906256e+00
2.432675e+00
8.961760e+00
2.183302e+00
4.482624e-01
1.566229e-01
2.660310e-02
0.000000e+00
0.000000e+00
0.000000e+00
0.000000e+00
0.000000e+00
0.000000e+00
0.000000e+00
0.000000e+00
0.000000e+00
0.000000e+00
0.000000e+00
0.000000e+00
0.000000e+00
4.452000e-02
0.000000e+00
7.065615e-03
0.000000e+00
0.000000e+00
0.000000e+00
0.000000e+00
0.000000e+00
0.000000e+00
0.000000e+00
0.000000e+00
0.000000e+00
3.250616e-02
0.000000e+00
1.943983e-02
6.224075e-03
4.138388e-03
8.982393e-04
2.715290e-04
1.128359e-04
0.000000e+00
0.000000e+00
