7.965500e-02
0.000000e+00
1.893063e-03
0.000000e+00
5.962927e-03
0.000000e+00
6.304117e-03
0.000000e+00
8.410584e-04
0.000000e+00
0.000000e+00
0.000000e+00
7.441512e-02
0.000000e+00
4.897130e-03
0.000000e+00
8.647673e-03
0.000000e+00
2.232439e-03
0.000000e+00
0.000000e+00
0.000000e+00
8.218000e-03
4.802721e-02
1.044145e-01
6.386379e-03
0.000000e+00
5.228886e-03
3.261864e-04
0.000000e+00
2.914859e-04
0.000000e+00
0.000000e+00
7.420697e+00
2.077130e+01
1.258098e+01
5.404542e+00
1.204975e+00
1.148706e+00
2.027868e-01
1.255634e-01
2.664159e-02
0.000000e+00
0.000000e+00
5.870000e-01
1.921227e+02
3.202817e+01
1.031258e+01
8.194133e+00
1.558942e+00
2.545542e+00
1.302079e-01
3.706275e-02
0.000000e+00
0.000000e+00
2.892910e+01
8.912399e+01
2.890979e+02
1.000229e+01
2.620479e+00
1.968078e+00
6.831777e-01
4.993337e-01
1.225477e-01
0.000000e+00
0.000000e+00
0.000000e+00
0.000000e+00
0.000000e+00
0.000000e+00
0.000000e+00
0.000000e+00
0.000000e+00
0.000000e+00
0.000000e+00
0.000000e+00
0.000000e+00
0.000000e+00
0.000000e+00
0.000000e+00
0.000000e+00
0.000000e+00
0.000000e+00
0.000000e+00
0.000000e+00
0.000000e+00
0.000000e+00
0.000000e+00
1.158000e-01
2.705732e-02
4.596005e-02
2.826757e-02
3.613771e-03
3.780633e-03
1.701186e-03
2.077767e-04
4.676340e-04
0.000000e+00
0.000000e+00
