1.051280e-01
0.000000e+00
1.346754e-02
0.000000e+00
0.000000e+00
2.674747e-03
0.000000e+00
0.000000e+00
0.000000e+00
3.937239e-04
0.000000e+00
0.000000e+00
6.987958e-02
0.000000e+00
9.669454e-03
7.053472e-03
0.000000e+00
6.321613e-04
9.322790e-05
3.780144e-04
0.000000e+00
1.276805e-04
2.790000e-03
1.062400e-02
0.000000e+00
8.967310e-03
3.354893e-03
0.000000e+00
1.459627e-03
0.000000e+00
3.748685e-04
2.864829e-05
4.599348e-05
1.127379e+01
1.617727e+01
1.193852e+01
7.686448e+00
4.347813e+00
1.641536e+00
8.683739e-01
4.945276e-01
2.061109e-01
7.676908e-02
4.188369e-02
1.505100e+01
1.018118e+02
3.417099e+01
3.084281e+01
1.718740e+01
6.965462e+00
3.109926e+00
3.685454e+00
5.370909e-01
4.631402e-01
1.381678e-01
2.248350e+01
3.048287e+01
2.439347e+01
1.447240e+01
8.380562e+00
3.440348e+00
1.747559e+00
9.848336e-01
4.206363e-01
1.710336e-01
8.078263e-02
0.000000e+00
0.000000e+00
0.000000e+00
0.000000e+00
0.000000e+00
0.000000e+00
0.000000e+00
0.000000e+00
0.000000e+00
0.000000e+00
0.000000e+00
0.000000e+00
0.000000e+00
0.000000e+00
0.000000e+00
0.000000e+00
0.000000e+00
0.000000e+00
0.000000e+00
0.000000e+00
0.000000e+00
0.000000e+00
1.087600e-01
3.799937e-02
2.654714e-02
2.309841e-02
1.177662e-02
5.859857e-03
2.680516e-03
1.696350e-03
7.791977e-04
3.380806e-04
1.265025e-04
