1.376700e-01
0.000000e+00
1.267057e-01
0.000000e+00
0.000000e+00
0.000000e+00
0.000000e+00
1.976729e-04
0.000000e+00
0.000000e+00
0.000000e+00
0.000000e+00
2.888369e-01
0.000000e+00
1.090182e-03
1.066282e-02
7.031288e-04
6.317972e-04
0.000000e+00
0.000000e+00
0.000000e+00
0.000000e+00
0.000000e+00
1.402252e-01
0.000000e+00
1.558982e-02
6.077012e-03
2.553325e-03
8.025900e-04
1.282200e-04
0.000000e+00
0.000000e+00
0.000000e+00
9.655996e+00
1.658403e+01
5.811236e+00
2.753922e+00
1.708425e+00
5.372631e-01
1.439217e-01
2.216076e-02
0.000000e+00
0.000000e+00
0.000000e+00
6.230000e-01
1.183540e+02
3.579801e+01
4.814305e+01
3.158371e+00
1.245139e+00
1.095553e+00
5.633630e-03
0.000000e+00
0.000000e+00
0.000000e+00
3.057790e+01
8.944249e+01
3.193676e+01
2.913741e+00
0.000000e+00
1.149591e+00
3.331684e-01
5.013755e-02
0.000000e+00
0.000000e+00
0.000000e+00
0.000000e+00
0.000000e+00
0.000000e+00
0.000000e+00
2.494770e+00
0.000000e+00
0.000000e+00
0.000000e+00
0.000000e+00
0.000000e+00
0.000000e+00
0.000000e+00
0.000000e+00
0.000000e+00
0.000000e+00
0.000000e+00
0.000000e+00
0.000000e+00
0.000000e+00
0.000000e+00
0.000000e+00
0.000000e+00
1.114800e-01
3.505515e-02
6.207344e-02
1.040947e-02
6.672192e-03
2.538958e-03
5.525251e-04
1.967200e-04
0.000000e+00
0.000000e+00
0.000000e+00
