4.120300e-02
0.000000e+00
2.961725e-02
1.254827e-03
0.000000e+00
1.128815e-03
0.000000e+00
0.000000e+00
1.085105e-04
0.000000e+00
0.000000e+00
0.000000e+00
8.711845e-02
0.000000e+00
0.000000e+00
1.649900e-03
0.000000e+00
5.242276e-04
1.117647e-04
0.000000e+00
0.000000e+00
0.000000e+00
1.239800e-02
2.995845e-03
6.537554e-03
3.282412e-03
3.290761e-05
7.276868e-04
2.929338e-04
4.237373e-04
1.953907e-05
0.000000e+00
0.000000e+00
1.344202e+01
1.339647e+01
1.041982e+01
2.389797e+00
9.007481e-01
1.696461e-01
1.020617e-01
3.451408e-02
2.540606e-03
0.000000e+00
0.000000e+00
2.633000e+00
2.449479e+01
4.472635e+00
1.700662e+00
5.992208e-01
4.200352e-01
4.848295e-01
1.481978e-02
2.365137e-03
0.000000e+00
0.000000e+00
3.060680e+01
8.819895e+01
3.779805e+01
1.004263e+01
2.811650e+00
4.862653e-01
1.434844e-01
9.140822e-02
7.163519e-03
0.000000e+00
0.000000e+00
0.000000e+00
0.000000e+00
0.000000e+00
0.000000e+00
0.000000e+00
0.000000e+00
0.000000e+00
0.000000e+00
0.000000e+00
0.000000e+00
0.000000e+00
0.000000e+00
0.000000e+00
0.000000e+00
0.000000e+00
0.000000e+00
0.000000e+00
0.000000e+00
0.000000e+00
1.128917e-05
0.000000e+00
0.000000e+00
1.262600e-01
4.319162e-02
7.104285e-02
2.094567e-02
5.616845e-03
1.489998e-03
5.623143e-05
2.766350e-04
0.000000e+00
0.000000e+00
0.000000e+00
