2.178140e-01
0.000000e+00
0.000000e+00
3.939273e-02
0.000000e+00
8.692714e-03
0.000000e+00
1.381911e-04
0.000000e+00
3.420113e-05
1.675682e-05
0.000000e+00
1.313999e-01
4.938446e-02
0.000000e+00
1.365634e-02
0.000000e+00
3.423055e-03
0.000000e+00
9.050545e-05
0.000000e+00
0.000000e+00
0.000000e+00
1.917155e-01
0.000000e+00
3.183557e-02
3.925089e-03
9.766431e-05
9.307338e-04
0.000000e+00
7.714385e-05
0.000000e+00
5.973287e-06
4.603919e+00
2.057316e+01
1.298067e+01
8.028812e+00
1.406818e+00
6.221131e-01
3.077691e-01
7.565151e-02
3.853827e-02
1.478977e-02
1.242502e-03
1.046800e+01
7.488142e+01
1.073457e+02
1.396413e+02
4.565204e+00
4.994347e+00
3.455042e-01
4.493817e-01
7.464593e-02
7.516635e-02
2.032417e-03
2.409800e+01
2.985853e+01
1.974803e+01
3.703690e+01
5.027112e+00
3.397595e+00
1.399291e+00
1.539770e-01
7.199923e-02
2.804506e-02
3.523362e-03
0.000000e+00
0.000000e+00
0.000000e+00
0.000000e+00
0.000000e+00
0.000000e+00
0.000000e+00
0.000000e+00
0.000000e+00
0.000000e+00
0.000000e+00
0.000000e+00
0.000000e+00
0.000000e+00
0.000000e+00
3.507658e-04
1.018233e-03
0.000000e+00
0.000000e+00
0.000000e+00
0.000000e+00
0.000000e+00
8.453000e-02
1.591504e-02
1.778774e-02
2.138538e-03
0.000000e+00
0.000000e+00
1.085382e-03
1.585459e-04
1.209398e-04
5.018542e-05
1.333340e-05
