1.390940e-01
0.000000e+00
0.000000e+00
0.000000e+00
0.000000e+00
5.792934e-03
0.000000e+00
0.000000e+00
0.000000e+00
6.771793e-05
2.501488e-05
0.000000e+00
8.057891e-02
2.396241e-02
5.940786e-03
2.607222e-03
0.000000e+00
9.836264e-04
8.590061e-05
5.644073e-05
0.000000e+00
0.000000e+00
1.283500e-02
3.338782e-02
2.516703e-02
5.029731e-03
2.805588e-03
1.308193e-03
1.036763e-03
3.891074e-04
3.283142e-05
1.988518e-05
1.051081e-05
7.256340e+00
1.802398e+01
1.249803e+01
7.067688e+00
3.616137e+00
8.412196e-01
2.888526e-01
1.320007e-01
5.037241e-02
2.142156e-02
2.307717e-03
9.043000e+00
9.527912e+01
5.702337e+01
2.338085e+01
1.175560e+01
9.385971e-01
1.070669e+00
8.544575e-01
8.143371e-02
4.115327e-02
1.310248e-03
2.481620e+01
3.036858e+01
2.229152e+01
1.860841e+01
1.124048e+01
2.890305e+00
5.549074e-01
2.843721e-01
1.105521e-01
4.787378e-02
5.767610e-03
0.000000e+00
0.000000e+00
0.000000e+00
0.000000e+00
0.000000e+00
0.000000e+00
0.000000e+00
0.000000e+00
0.000000e+00
0.000000e+00
0.000000e+00
0.000000e+00
0.000000e+00
0.000000e+00
0.000000e+00
0.000000e+00
0.000000e+00
0.000000e+00
0.000000e+00
0.000000e+00
0.000000e+00
0.000000e+00
1.158300e-01
4.378747e-02
3.275050e-02
2.774494e-02
1.747365e-02
8.089046e-03
1.314399e-03
4.769620e-04
2.406113e-04
9.867981e-05
2.628006e-05
