3.131920e-01
0.000000e+00
2.307585e-01
0.000000e+00
0.000000e+00
9.571271e-03
0.000000e+00
1.609765e-03
0.000000e+00
0.000000e+00
0.000000e+00
0.000000e+00
6.032806e-01
0.000000e+00
1.903116e-02
8.502935e-03
0.000000e+00
4.505505e-03
0.000000e+00
0.000000e+00
0.000000e+00
0.000000e+00
0.000000e+00
1.311531e-01
0.000000e+00
1.074296e-02
1.359480e-02
0.000000e+00
9.801399e-04
0.000000e+00
0.000000e+00
0.000000e+00
0.000000e+00
4.201369e+00
2.313768e+01
3.711459e+00
3.141365e+00
2.060557e+00
3.374040e-01
1.708206e-01
2.288143e-02
0.000000e+00
0.000000e+00
0.000000e+00
5.755000e+00
1.389028e+00
6.661403e+00
8.626454e+00
3.437611e+00
2.101485e-01
4.972004e-03
4.016152e-02
0.000000e+00
0.000000e+00
0.000000e+00
2.946780e+01
8.200284e+01
3.015057e+01
0.000000e+00
0.000000e+00
2.148188e+00
6.051335e-01
1.573672e-01
0.000000e+00
0.000000e+00
0.000000e+00
0.000000e+00
0.000000e+00
0.000000e+00
1.548765e+00
2.351223e+00
0.000000e+00
0.000000e+00
0.000000e+00
0.000000e+00
0.000000e+00
0.000000e+00
0.000000e+00
0.000000e+00
0.000000e+00
0.000000e+00
0.000000e+00
0.000000e+00
0.000000e+00
0.000000e+00
0.000000e+00
0.000000e+00
0.000000e+00
1.224500e-01
4.215735e-02
6.335506e-02
7.133730e-03
9.966258e-03
3.033796e-03
3.074030e-04
6.382642e-04
0.000000e+00
0.000000e+00
0.000000e+00
