1.216670e-01
0.000000e+00
0.000000e+00
0.000000e+00
1.868616e-02
0.000000e+00
0.000000e+00
7.448009e-04
0.000000e+00
0.000000e+00
5.956272e-05
0.000000e+00
4.340295e-02
5.234731e-02
2.837467e-04
0.000000e+00
2.625197e-03
2.523209e-03
0.000000e+00
5.752178e-04
7.077547e-05
0.000000e+00
0.000000e+00
1.324077e-01
0.000000e+00
3.813754e-02
0.000000e+00
4.307892e-03
4.369045e-03
0.000000e+00
1.104616e-03
0.000000e+00
3.752434e-04
9.438363e+00
1.663899e+01
1.493138e+01
5.997402e+00
3.273208e+00
7.710213e-01
5.455389e-01
2.816929e-01
1.663046e-01
1.295669e-01
4.741215e-02
7.832000e+00
4.394843e+01
3.558548e+01
2.674134e+01
1.268268e+01
1.921102e+00
1.455726e+00
1.119727e+00
8.044702e-01
2.664492e-01
1.069383e-01
2.394010e+01
3.236594e+01
2.465894e+01
1.415305e+01
6.269601e+00
2.267869e+00
1.650398e+00
4.673234e-01
3.461093e-01
2.329048e-01
1.048081e-01
0.000000e+00
0.000000e+00
0.000000e+00
0.000000e+00
0.000000e+00
0.000000e+00
0.000000e+00
0.000000e+00
0.000000e+00
0.000000e+00
0.000000e+00
0.000000e+00
0.000000e+00
0.000000e+00
0.000000e+00
0.000000e+00
0.000000e+00
0.000000e+00
0.000000e+00
0.000000e+00
0.000000e+00
0.000000e+00
1.020100e-01
3.482302e-02
2.652709e-02
2.820144e-02
1.068808e-02
1.859331e-03
1.405241e-03
5.038839e-04
4.503456e-04
4.399015e-04
2.052619e-04
