2.404120e-01
0.000000e+00
1.789023e-01
0.000000e+00
4.894293e-03
1.023030e-03
3.577009e-03
0.000000e+00
6.063126e-04
0.000000e+00
0.000000e+00
0.000000e+00
3.396128e-01
0.000000e+00
8.616179e-02
0.000000e+00
0.000000e+00
0.000000e+00
3.074054e-03
0.000000e+00
0.000000e+00
0.000000e+00
7.486000e-03
5.285206e-02
0.000000e+00
1.937840e-02
2.361469e-04
1.557428e-03
0.000000e+00
2.208364e-03
9.688296e-05
0.000000e+00
0.000000e+00
4.918651e+00
2.212965e+01
7.138916e+00
7.186162e+00
1.949722e+00
6.386197e-01
1.599474e-01
1.432198e-01
1.012305e-02
0.000000e+00
0.000000e+00
2.043800e+01
2.256951e+02
1.888031e+02
6.339606e+00
9.791338e+00
8.274001e-01
1.864274e+00
4.569826e-02
1.107695e-02
0.000000e+00
0.000000e+00
2.776610e+01
7.994535e+01
2.376596e+01
5.822833e+00
3.581662e+00
1.510382e+00
1.622151e-01
2.560908e-01
3.745828e-02
0.000000e+00
0.000000e+00
0.000000e+00
0.000000e+00
0.000000e+00
0.000000e+00
0.000000e+00
0.000000e+00
0.000000e+00
0.000000e+00
0.000000e+00
0.000000e+00
0.000000e+00
0.000000e+00
0.000000e+00
0.000000e+00
0.000000e+00
0.000000e+00
0.000000e+00
4.322214e-04
0.000000e+00
7.068707e-05
0.000000e+00
0.000000e+00
5.468000e-02
2.289581e-03
2.063221e-02
1.274566e-02
5.423106e-03
2.597390e-03
0.000000e+00
4.943807e-04
0.000000e+00
0.000000e+00
0.000000e+00
