7.220400e-02
0.000000e+00
1.363445e-01
0.000000e+00
9.986411e-03
0.000000e+00
0.000000e+00
0.000000e+00
0.000000e+00
0.000000e+00
0.000000e+00
0.000000e+00
1.470679e-01
0.000000e+00
5.708918e-02
0.000000e+00
3.282417e-04
0.000000e+00
0.000000e+00
0.000000e+00
0.000000e+00
0.000000e+00
5.591100e-02
0.000000e+00
6.253000e-03
2.824056e-02
8.637496e-03
1.021083e-03
0.000000e+00
0.000000e+00
0.000000e+00
0.000000e+00
0.000000e+00
1.333296e+01
1.250701e+01
7.457963e+00
5.574684e+00
1.805009e+00
1.034210e-01
0.000000e+00
0.000000e+00
0.000000e+00
0.000000e+00
0.000000e+00
8.357000e+00
5.708209e+00
2.169516e+01
6.183614e+00
1.836065e+00
3.737825e-03
0.000000e+00
0.000000e+00
0.000000e+00
0.000000e+00
0.000000e+00
2.979610e+01
7.845666e+01
4.568859e+01
1.841322e+01
5.345750e+00
2.752686e-01
0.000000e+00
0.000000e+00
0.000000e+00
0.000000e+00
0.000000e+00
0.000000e+00
0.000000e+00
0.000000e+00
0.000000e+00
0.000000e+00
0.000000e+00
0.000000e+00
0.000000e+00
0.000000e+00
0.000000e+00
0.000000e+00
0.000000e+00
0.000000e+00
0.000000e+00
0.000000e+00
0.000000e+00
0.000000e+00
0.000000e+00
0.000000e+00
0.000000e+00
0.000000e+00
0.000000e+00
1.237600e-01
3.937150e-02
4.023943e-02
3.058773e-02
9.953605e-03
1.064674e-03
0.000000e+00
0.000000e+00
0.000000e+00
0.000000e+00
0.000000e+00
