8.664300e-02
0.000000e+00
0.000000e+00
7.060867e-04
0.000000e+00
6.290549e-03
2.661994e-03
0.000000e+00
5.007790e-04
0.000000e+00
0.000000e+00
0.000000e+00
1.066691e-01
8.851658e-04
0.000000e+00
1.061030e-02
0.000000e+00
0.000000e+00
1.307056e-03
0.000000e+00
1.800528e-04
0.000000e+00
2.291100e-02
8.398992e-03
4.293306e-02
0.000000e+00
4.313009e-03
8.687705e-04
0.000000e+00
3.278352e-04
0.000000e+00
7.579675e-05
0.000000e+00
8.279799e+00
2.480578e+01
1.290666e+01
5.156518e+00
3.218375e+00
4.252887e-01
5.405112e-02
6.729390e-02
1.417663e-02
1.460524e-02
0.000000e+00
5.360000e-01
5.940252e+01
5.343254e+01
2.951596e+01
6.012366e+00
7.552153e-01
7.282663e-01
4.992562e-02
2.767539e-01
6.507120e-03
0.000000e+00
2.723650e+01
8.491537e+01
1.081314e+02
1.789173e+01
8.084892e+00
2.372055e+00
2.203850e-01
1.904413e-01
9.884726e-02
2.363619e-02
0.000000e+00
0.000000e+00
0.000000e+00
0.000000e+00
0.000000e+00
0.000000e+00
0.000000e+00
0.000000e+00
0.000000e+00
0.000000e+00
0.000000e+00
0.000000e+00
0.000000e+00
0.000000e+00
0.000000e+00
0.000000e+00
0.000000e+00
0.000000e+00
7.268828e-05
0.000000e+00
0.000000e+00
0.000000e+00
0.000000e+00
8.139000e-02
8.623114e-03
2.736147e-02
5.529676e-03
7.728132e-03
4.655759e-03
0.000000e+00
9.901773e-05
1.508533e-05
8.539653e-05
0.000000e+00
