1.224670e-01
0.000000e+00
0.000000e+00
5.782286e-02
0.000000e+00
8.973880e-03
0.000000e+00
0.000000e+00
7.717536e-04
0.000000e+00
1.391923e-05
0.000000e+00
6.071426e-02
6.930996e-02
0.000000e+00
2.828410e-02
0.000000e+00
3.189772e-05
2.172905e-03
0.000000e+00
2.845241e-04
0.000000e+00
2.075400e-02
0.000000e+00
1.758092e-02
0.000000e+00
6.376915e-03
0.000000e+00
2.716735e-04
5.797687e-04
0.000000e+00
1.033263e-04
3.632099e-06
7.813809e+00
1.890238e+01
1.243937e+01
5.203662e+00
3.401307e+00
6.114049e-01
3.903018e-01
3.230151e-01
1.153115e-01
6.871396e-02
3.712603e-02
1.824000e+00
3.301226e+01
6.303081e+01
1.102594e+01
3.220596e+01
9.925465e+00
4.971047e+00
1.619299e+00
4.220199e-01
4.077684e-01
4.484260e-02
2.421560e+01
3.245204e+01
2.368401e+01
1.306058e+01
5.669791e+00
1.795605e+00
7.854191e-01
5.484219e-01
2.709119e-01
1.331122e-01
7.577183e-02
0.000000e+00
0.000000e+00
0.000000e+00
0.000000e+00
0.000000e+00
0.000000e+00
0.000000e+00
0.000000e+00
0.000000e+00
0.000000e+00
0.000000e+00
0.000000e+00
0.000000e+00
0.000000e+00
0.000000e+00
0.000000e+00
0.000000e+00
0.000000e+00
0.000000e+00
0.000000e+00
0.000000e+00
0.000000e+00
1.110200e-01
3.948803e-02
3.047028e-02
3.138209e-02
1.040590e-02
4.358074e-03
1.037413e-03
8.457125e-04
4.825204e-04
2.524541e-04
1.605414e-04
