1.011750e-01
3.168464e-02
0.000000e+00
7.520555e-02
0.000000e+00
5.095602e-03
0.000000e+00
2.172508e-03
0.000000e+00
0.000000e+00
0.000000e+00
0.000000e+00
0.000000e+00
1.337533e-01
0.000000e+00
2.558642e-02
0.000000e+00
4.051640e-03
0.000000e+00
7.724673e-04
0.000000e+00
0.000000e+00
2.451600e-02
3.326685e-02
2.168023e-02
0.000000e+00
5.180208e-03
6.924132e-04
2.985102e-03
2.708379e-04
5.367953e-04
0.000000e+00
0.000000e+00
8.620847e+00
1.612809e+01
1.488603e+01
4.339895e+00
3.842676e+00
7.038249e-01
4.279626e-01
2.550138e-01
5.814155e-02
0.000000e+00
0.000000e+00
8.804000e+00
5.533123e+01
4.198583e+01
2.161071e+01
1.265745e+01
4.662567e+00
1.146951e-01
1.823882e+00
5.962379e-02
0.000000e+00
0.000000e+00
2.373460e+01
3.091202e+01
2.414290e+01
1.431244e+01
5.878814e+00
7.425729e-01
1.676148e+00
5.134345e-01
3.899247e-02
0.000000e+00
0.000000e+00
0.000000e+00
0.000000e+00
0.000000e+00
0.000000e+00
0.000000e+00
0.000000e+00
0.000000e+00
0.000000e+00
0.000000e+00
0.000000e+00
0.000000e+00
0.000000e+00
0.000000e+00
0.000000e+00
0.000000e+00
0.000000e+00
0.000000e+00
0.000000e+00
0.000000e+00
0.000000e+00
0.000000e+00
0.000000e+00
8.908000e-02
2.782792e-02
2.142609e-02
2.327689e-02
8.975684e-03
3.068556e-04
7.621766e-04
2.771577e-04
3.392912e-04
0.000000e+00
0.000000e+00
