1.240010e-01
0.000000e+00
1.154835e-01
0.000000e+00
0.000000e+00
3.728320e-03
0.000000e+00
0.000000e+00
0.000000e+00
0.000000e+00
0.000000e+00
0.000000e+00
2.523533e-01
0.000000e+00
2.371599e-02
8.914636e-04
0.000000e+00
0.000000e+00
0.000000e+00
0.000000e+00
0.000000e+00
0.000000e+00
7.916300e-02
0.000000e+00
2.500876e-02
1.206603e-02
9.819208e-03
1.864544e-03
0.000000e+00
0.000000e+00
0.000000e+00
0.000000e+00
0.000000e+00
1.081810e+01
1.730835e+01
7.258920e+00
3.135581e+00
1.473318e+00
1.002398e-01
0.000000e+00
0.000000e+00
0.000000e+00
0.000000e+00
0.000000e+00
8.790000e-01
3.792880e+01
2.698070e+00
1.387312e+01
1.840659e+00
2.013312e-02
0.000000e+00
0.000000e+00
0.000000e+00
0.000000e+00
0.000000e+00
3.067290e+01
8.414484e+01
3.551736e+01
9.899445e+00
3.799773e+00
5.274742e-01
0.000000e+00
0.000000e+00
0.000000e+00
0.000000e+00
0.000000e+00
0.000000e+00
0.000000e+00
0.000000e+00
0.000000e+00
0.000000e+00
0.000000e+00
0.000000e+00
0.000000e+00
0.000000e+00
0.000000e+00
0.000000e+00
0.000000e+00
0.000000e+00
0.000000e+00
0.000000e+00
0.000000e+00
0.000000e+00
0.000000e+00
0.000000e+00
0.000000e+00
0.000000e+00
0.000000e+00
1.249400e-01
4.410824e-02
7.017812e-02
1.518342e-02
1.083246e-02
2.295687e-03
0.000000e+00
0.000000e+00
0.000000e+00
0.000000e+00
0.000000e+00
