1.429340e-01
0.000000e+00
0.000000e+00
4.133487e-02
0.000000e+00
9.686859e-04
1.456382e-03
0.000000e+00
0.000000e+00
0.000000e+00
0.000000e+00
0.000000e+00
6.575390e-02
6.908703e-02
0.000000e+00
1.652778e-02
0.000000e+00
0.000000e+00
0.000000e+00
0.000000e+00
0.000000e+00
0.000000e+00
4.480600e-02
0.000000e+00
6.311065e-02
0.000000e+00
4.212528e-03
8.226520e-03
6.383727e-04
0.000000e+00
0.000000e+00
0.000000e+00
0.000000e+00
6.864834e+00
1.861575e+01
1.326060e+01
5.994564e+00
3.447507e+00
9.773133e-01
1.131428e-01
0.000000e+00
0.000000e+00
0.000000e+00
0.000000e+00
6.153000e+00
6.745182e+01
3.494794e+01
3.217672e+01
1.232732e+01
6.738049e-01
2.618969e-02
0.000000e+00
0.000000e+00
0.000000e+00
0.000000e+00
2.395420e+01
3.252608e+01
2.384974e+01
1.125809e+01
7.287895e+00
0.000000e+00
2.780540e-01
0.000000e+00
0.000000e+00
0.000000e+00
0.000000e+00
0.000000e+00
0.000000e+00
0.000000e+00
0.000000e+00
0.000000e+00
1.032105e+00
0.000000e+00
0.000000e+00
0.000000e+00
0.000000e+00
0.000000e+00
0.000000e+00
0.000000e+00
0.000000e+00
0.000000e+00
0.000000e+00
0.000000e+00
0.000000e+00
0.000000e+00
0.000000e+00
0.000000e+00
0.000000e+00
9.875000e-02
3.379179e-02
2.507570e-02
2.791354e-02
5.608032e-03
8.624298e-03
9.375340e-04
0.000000e+00
0.000000e+00
0.000000e+00
0.000000e+00
