1.374010e-01
0.000000e+00
1.438728e-01
0.000000e+00
1.765622e-03
7.467440e-03
0.000000e+00
1.839826e-03
0.000000e+00
1.470616e-04
0.000000e+00
0.000000e+00
2.866425e-01
0.000000e+00
3.491162e-02
0.000000e+00
0.000000e+00
4.305508e-03
0.000000e+00
7.292555e-04
0.000000e+00
0.000000e+00
2.041000e-03
7.723509e-02
0.000000e+00
1.067244e-02
6.251949e-03
0.000000e+00
2.038433e-03
0.000000e+00
1.217852e-04
2.109871e-05
0.000000e+00
9.160363e+00
1.808992e+01
6.913599e+00
3.798469e+00
2.193068e+00
4.063232e-01
3.043247e-01
8.160771e-02
3.405770e-02
3.484941e-03
0.000000e+00
1.300000e+00
5.430042e+01
7.647665e+00
1.982670e+01
2.048051e+00
4.010494e+00
3.395450e-01
3.083739e-01
6.254912e-03
4.890994e-03
0.000000e+00
3.046360e+01
8.103476e+01
3.498093e+01
1.280281e+01
5.098965e+00
9.599466e-01
8.531671e-01
1.794521e-01
1.474803e-02
9.798613e-03
0.000000e+00
0.000000e+00
0.000000e+00
0.000000e+00
0.000000e+00
0.000000e+00
0.000000e+00
0.000000e+00
0.000000e+00
0.000000e+00
0.000000e+00
0.000000e+00
0.000000e+00
0.000000e+00
0.000000e+00
0.000000e+00
0.000000e+00
0.000000e+00
0.000000e+00
0.000000e+00
0.000000e+00
1.571551e-05
0.000000e+00
1.236900e-01
4.331930e-02
6.727890e-02
9.390239e-03
1.504040e-02
2.136815e-03
6.104756e-04
4.788704e-04
1.365012e-04
0.000000e+00
0.000000e+00
