1.468770e-01
0.000000e+00
2.580558e-02
0.000000e+00
3.931057e-02
0.000000e+00
6.070169e-03
0.000000e+00
7.870559e-04
0.000000e+00
0.000000e+00
0.000000e+00
1.293938e-01
0.000000e+00
5.922978e-02
0.000000e+00
1.283313e-02
0.000000e+00
1.995594e-03
0.000000e+00
0.000000e+00
0.000000e+00
1.993100e-02
1.021902e-01
0.000000e+00
4.837294e-02
0.000000e+00
5.013766e-04
0.000000e+00
4.234298e-04
0.000000e+00
0.000000e+00
0.000000e+00
1.191786e+01
1.514846e+01
1.477577e+01
7.140576e+00
2.935866e+00
6.976084e-01
1.520118e-01
1.110930e-01
9.770481e-03
0.000000e+00
0.000000e+00
6.187000e+00
3.198752e+01
1.006687e+02
1.033178e+01
1.632573e+01
6.686543e-01
1.073609e+00
7.765190e-02
1.776850e-03
0.000000e+00
0.000000e+00
2.499590e+01
4.170590e+01
2.113073e+01
2.903802e+01
5.884590e+00
2.668326e+00
1.223025e+00
6.109213e-01
6.767923e-02
0.000000e+00
0.000000e+00
0.000000e+00
0.000000e+00
0.000000e+00
0.000000e+00
0.000000e+00
0.000000e+00
0.000000e+00
0.000000e+00
0.000000e+00
0.000000e+00
0.000000e+00
0.000000e+00
0.000000e+00
0.000000e+00
0.000000e+00
0.000000e+00
0.000000e+00
0.000000e+00
0.000000e+00
0.000000e+00
0.000000e+00
0.000000e+00
9.412000e-02
3.794298e-02
1.774736e-02
2.623759e-02
1.119358e-02
1.603836e-03
2.200368e-03
7.871540e-04
1.510489e-04
0.000000e+00
0.000000e+00
