0.000000e+00
0.000000e+00
0.000000e+00
6.800285e-03
0.000000e+00
0.000000e+00
6.691839e-05
0.000000e+00
0.000000e+00
0.000000e+00
0.000000e+00
1.995000e-03
2.116753e-02
2.963884e-03
0.000000e+00
6.731990e-04
4.119367e-04
0.000000e+00
0.000000e+00
0.000000e+00
0.000000e+00
0.000000e+00
9.002400e-02
0.000000e+00
2.119506e-02
1.834145e-02
4.211280e-03
9.725181e-04
4.904245e-04
0.000000e+00
0.000000e+00
0.000000e+00
0.000000e+00
1.219757e+01
1.509761e+01
1.021602e+01
4.726466e+00
1.523158e+00
4.116623e-01
9.536626e-02
0.000000e+00
0.000000e+00
0.000000e+00
0.000000e+00
2.560000e+00
2.160395e+01
9.510521e+00
5.869712e+00
1.484214e+00
3.179346e-01
2.967900e-02
0.000000e+00
0.000000e+00
0.000000e+00
0.000000e+00
3.049690e+01
8.058734e+01
4.760109e+01
2.153435e+01
6.221623e+00
1.803405e+00
2.334455e-01
0.000000e+00
0.000000e+00
0.000000e+00
0.000000e+00
0.000000e+00
0.000000e+00
0.000000e+00
0.000000e+00
0.000000e+00
0.000000e+00
0.000000e+00
0.000000e+00
0.000000e+00
0.000000e+00
0.000000e+00
0.000000e+00
0.000000e+00
0.000000e+00
0.000000e+00
0.000000e+00
0.000000e+00
0.000000e+00
0.000000e+00
0.000000e+00
0.000000e+00
0.000000e+00
1.393200e-01
4.599907e-02
5.683654e-02
3.520032e-02
1.195924e-02
3.180609e-03
1.067702e-03
0.000000e+00
0.000000e+00
0.000000e+00
0.000000e+00
