8.306000e-03
0.000000e+00
1.956340e-03
6.776836e-04
0.000000e+00
3.623000e-04
3.133996e-04
0.000000e+00
0.000000e+00
6.809738e-06
7.696736e-06
0.000000e+00
4.567573e-03
0.000000e+00
0.000000e+00
8.588075e-04
0.000000e+00
0.000000e+00
4.796505e-05
5.756427e-05
0.000000e+00
0.000000e+00
1.939200e-02
0.000000e+00
1.430336e-02
0.000000e+00
1.189466e-03
6.239084e-04
0.000000e+00
2.060175e-04
8.517101e-05
0.000000e+00
9.333611e-06
1.255985e+01
1.277554e+01
1.020564e+01
4.664831e+00
1.538414e+00
1.800363e-01
4.868307e-02
1.832413e-02
9.269048e-03
2.760092e-03
1.359793e-03
4.082000e+00
1.529717e+01
1.214083e+01
4.331472e+00
5.024279e-01
3.623540e-01
2.917219e-02
4.940473e-02
4.051579e-02
1.401424e-03
2.219826e-03
3.036200e+01
7.660260e+01
5.041019e+01
2.009222e+01
4.382080e+00
7.840715e-01
2.528751e-01
6.711422e-02
3.093946e-02
1.584976e-02
7.397062e-03
0.000000e+00
0.000000e+00
0.000000e+00
0.000000e+00
0.000000e+00
0.000000e+00
0.000000e+00
0.000000e+00
0.000000e+00
0.000000e+00
0.000000e+00
0.000000e+00
0.000000e+00
0.000000e+00
0.000000e+00
0.000000e+00
0.000000e+00
0.000000e+00
0.000000e+00
0.000000e+00
0.000000e+00
0.000000e+00
1.371900e-01
4.640608e-02
5.442832e-02
4.195708e-02
1.289052e-02
1.592229e-03
4.524594e-04
1.358157e-04
3.101032e-05
7.539532e-06
1.260954e-05
