4.177430e-01
0.000000e+00
2.171340e-01
0.000000e+00
6.737009e-03
3.472286e-03
0.000000e+00
0.000000e+00
0.000000e+00
0.000000e+00
0.000000e+00
0.000000e+00
3.854459e-01
0.000000e+00
1.110629e-01
0.000000e+00
0.000000e+00
2.418321e-04
4.528008e-04
0.000000e+00
0.000000e+00
0.000000e+00
1.641000e-03
1.561348e-01
0.000000e+00
6.652040e-02
6.120564e-03
0.000000e+00
1.376510e-03
2.076807e-04
0.000000e+00
0.000000e+00
0.000000e+00
5.713250e+00
1.648882e+01
4.811503e+00
6.587852e+00
2.295627e+00
9.578359e-01
5.793423e-01
1.090757e-01
0.000000e+00
0.000000e+00
0.000000e+00
5.830000e-01
5.806650e+00
1.031218e+02
3.815274e+00
1.956538e+01
1.461195e+00
2.264962e+00
4.380441e-02
0.000000e+00
0.000000e+00
0.000000e+00
2.313010e+01
9.176063e+01
6.251101e+00
0.000000e+00
6.012168e+00
6.057579e+00
4.480810e+00
1.451734e+00
0.000000e+00
0.000000e+00
0.000000e+00
0.000000e+00
0.000000e+00
0.000000e+00
6.222563e+00
0.000000e+00
0.000000e+00
0.000000e+00
0.000000e+00
0.000000e+00
0.000000e+00
0.000000e+00
6.027000e-02
0.000000e+00
1.929159e-02
0.000000e+00
4.693195e-03
1.538720e-03
6.223137e-04
0.000000e+00
0.000000e+00
0.000000e+00
0.000000e+00
0.000000e+00
2.521863e-02
0.000000e+00
1.328716e-02
0.000000e+00
0.000000e+00
0.000000e+00
4.730600e-05
0.000000e+00
0.000000e+00
0.000000e+00
