1.107420e-01
0.000000e+00
2.695825e-02
0.000000e+00
9.179883e-03
0.000000e+00
0.000000e+00
8.624578e-04
0.000000e+00
0.000000e+00
0.000000e+00
0.000000e+00
9.099819e-02
0.000000e+00
8.334295e-03
0.000000e+00
3.832798e-03
1.412756e-03
0.000000e+00
0.000000e+00
0.000000e+00
0.000000e+00
9.978500e-02
0.000000e+00
6.698511e-02
1.098124e-03
4.163978e-03
2.838760e-03
3.353839e-04
2.265921e-04
0.000000e+00
0.000000e+00
0.000000e+00
9.012958e+00
1.573733e+01
1.008835e+01
3.219852e+00
1.558840e+00
9.820560e-01
3.457977e-01
3.807729e-02
0.000000e+00
0.000000e+00
0.000000e+00
1.400000e+00
7.621158e+01
1.346224e+01
4.004056e+01
3.366417e+00
5.108363e+00
2.169576e-01
1.676503e-02
0.000000e+00
0.000000e+00
0.000000e+00
2.788420e+01
7.543077e+01
4.202787e+01
8.877350e+00
4.869815e+00
1.345925e+00
8.098929e-01
1.024464e-01
0.000000e+00
0.000000e+00
0.000000e+00
0.000000e+00
0.000000e+00
0.000000e+00
0.000000e+00
0.000000e+00
0.000000e+00
0.000000e+00
0.000000e+00
0.000000e+00
0.000000e+00
0.000000e+00
0.000000e+00
0.000000e+00
0.000000e+00
0.000000e+00
0.000000e+00
0.000000e+00
0.000000e+00
0.000000e+00
0.000000e+00
0.000000e+00
0.000000e+00
1.252000e-01
2.480105e-02
5.920646e-02
4.671866e-03
9.136484e-03
2.232490e-03
1.697878e-03
2.383948e-04
0.000000e+00
0.000000e+00
0.000000e+00
