0.000000e+00
5.292428e-02
0.000000e+00
0.000000e+00
1.579379e-02
0.000000e+00
8.620683e-04
0.000000e+00
0.000000e+00
0.000000e+00
0.000000e+00
3.364000e-03
0.000000e+00
2.717285e-02
2.064504e-02
0.000000e+00
4.230355e-03
0.000000e+00
0.000000e+00
0.000000e+00
0.000000e+00
0.000000e+00
1.578270e-01
0.000000e+00
1.464718e-01
2.641788e-02
0.000000e+00
4.198433e-03
0.000000e+00
0.000000e+00
0.000000e+00
0.000000e+00
0.000000e+00
1.261218e+01
7.116748e+00
1.081061e+01
3.103126e+00
5.660075e-01
4.340872e-01
1.163946e-01
0.000000e+00
0.000000e+00
0.000000e+00
0.000000e+00
4.597000e+00
6.079715e+00
2.969382e+01
1.263867e+01
7.666711e-02
6.108065e-01
2.200878e-02
0.000000e+00
0.000000e+00
0.000000e+00
0.000000e+00
3.000780e+01
8.969743e+01
2.372301e+01
6.016152e+00
4.431230e+00
1.731465e+00
2.956944e-01
0.000000e+00
0.000000e+00
0.000000e+00
0.000000e+00
0.000000e+00
0.000000e+00
0.000000e+00
0.000000e+00
0.000000e+00
0.000000e+00
0.000000e+00
0.000000e+00
0.000000e+00
0.000000e+00
0.000000e+00
0.000000e+00
0.000000e+00
0.000000e+00
0.000000e+00
0.000000e+00
0.000000e+00
0.000000e+00
0.000000e+00
0.000000e+00
0.000000e+00
0.000000e+00
1.235800e-01
4.053209e-02
6.872848e-02
1.501828e-02
6.085554e-03
3.131102e-03
1.237228e-03
0.000000e+00
0.000000e+00
0.000000e+00
0.000000e+00
