0.000000e+00
1.002533e-01
0.000000e+00
1.040857e-03
4.727285e-03
0.000000e+00
0.000000e+00
0.000000e+00
1.261171e-04
0.000000e+00
0.000000e+00
3.025100e-02
0.000000e+00
4.083578e-02
0.000000e+00
0.000000e+00
7.759888e-04
8.876320e-06
1.555858e-04
0.000000e+00
0.000000e+00
0.000000e+00
4.663500e-02
0.000000e+00
2.262127e-02
5.767908e-03
0.000000e+00
2.608971e-03
5.087387e-04
0.000000e+00
1.415812e-04
0.000000e+00
0.000000e+00
1.314352e+01
8.871033e+00
1.115616e+01
5.035116e+00
1.200670e+00
4.011784e-01
1.275339e-01
5.581825e-02
9.371634e-03
0.000000e+00
0.000000e+00
3.808000e+00
1.529443e+01
1.133428e+01
5.829661e+00
8.271413e-01
5.199770e-01
6.586470e-01
6.700866e-03
2.534521e-03
0.000000e+00
0.000000e+00
3.033960e+01
7.748556e+01
4.962445e+01
1.925884e+01
5.492896e+00
1.477955e+00
5.626174e-01
2.092967e-01
3.733163e-02
0.000000e+00
0.000000e+00
0.000000e+00
0.000000e+00
0.000000e+00
0.000000e+00
0.000000e+00
0.000000e+00
0.000000e+00
0.000000e+00
0.000000e+00
0.000000e+00
0.000000e+00
0.000000e+00
0.000000e+00
0.000000e+00
0.000000e+00
0.000000e+00
0.000000e+00
0.000000e+00
0.000000e+00
0.000000e+00
0.000000e+00
0.000000e+00
1.361500e-01
4.572708e-02
5.398941e-02
4.135236e-02
1.110295e-02
3.095427e-03
7.672795e-04
2.401876e-04
1.323825e-04
0.000000e+00
0.000000e+00
