1.071200e-01
0.000000e+00
6.224864e-02
0.000000e+00
1.052734e-02
0.000000e+00
0.000000e+00
3.558554e-04
0.000000e+00
6.683658e-06
5.126887e-06
0.000000e+00
1.334399e-01
0.000000e+00
4.541708e-02
0.000000e+00
1.158691e-03
1.322547e-04
0.000000e+00
8.025894e-05
0.000000e+00
0.000000e+00
1.341060e-01
0.000000e+00
7.800161e-02
4.317486e-02
0.000000e+00
4.683511e-03
1.461802e-04
2.370765e-05
5.788874e-05
0.000000e+00
1.746201e-06
7.220149e+00
2.091848e+01
7.098286e+00
3.855935e+00
3.896214e-01
4.997767e-01
1.914109e-01
4.434498e-02
2.061888e-02
6.165447e-03
2.007038e-03
2.135000e+00
3.669130e+00
3.670370e+01
1.324695e+01
3.653241e-01
1.106062e+00
6.950652e-02
3.083717e-02
2.167591e-02
3.980393e-03
1.418344e-03
2.974300e+01
9.316847e+01
3.166606e+01
1.276445e+01
5.569064e+00
2.354551e+00
7.235728e-01
2.281211e-01
7.392943e-02
2.487658e-02
8.604170e-03
0.000000e+00
0.000000e+00
0.000000e+00
0.000000e+00
0.000000e+00
0.000000e+00
0.000000e+00
0.000000e+00
0.000000e+00
0.000000e+00
0.000000e+00
0.000000e+00
0.000000e+00
0.000000e+00
0.000000e+00
0.000000e+00
0.000000e+00
0.000000e+00
0.000000e+00
0.000000e+00
0.000000e+00
0.000000e+00
1.052500e-01
2.939685e-02
6.268706e-02
1.182225e-02
2.249748e-03
4.270756e-03
1.452754e-03
4.503623e-04
1.463446e-04
4.863065e-05
1.672528e-05
