1.812310e-01
0.000000e+00
0.000000e+00
3.961383e-02
0.000000e+00
4.565064e-03
1.241069e-03
0.000000e+00
0.000000e+00
1.684558e-04
0.000000e+00
0.000000e+00
9.245319e-02
4.187254e-02
0.000000e+00
2.872995e-02
0.000000e+00
0.000000e+00
5.459526e-04
2.401544e-04
0.000000e+00
0.000000e+00
4.060500e-02
0.000000e+00
4.828067e-02
1.580245e-03
6.854057e-03
1.160900e-03
1.556890e-04
1.631476e-04
5.089325e-05
1.374123e-06
0.000000e+00
5.621020e+00
1.842103e+01
1.328078e+01
5.855778e+00
4.257549e+00
4.563675e-01
1.981689e-01
1.080975e-01
2.355918e-02
8.580483e-03
0.000000e+00
5.824000e+00
1.385384e+02
2.600320e+01
7.901949e+01
4.823249e+01
3.147286e+00
2.796214e+00
4.231312e-01
4.576645e-02
4.758793e-02
0.000000e+00
2.380960e+01
4.129868e+01
2.155612e+01
1.599308e+01
5.718721e+00
1.246092e+00
3.260654e-01
4.242792e-02
5.864189e-02
1.414789e-02
0.000000e+00
0.000000e+00
0.000000e+00
0.000000e+00
0.000000e+00
0.000000e+00
0.000000e+00
0.000000e+00
0.000000e+00
0.000000e+00
0.000000e+00
0.000000e+00
0.000000e+00
0.000000e+00
0.000000e+00
0.000000e+00
0.000000e+00
0.000000e+00
0.000000e+00
0.000000e+00
0.000000e+00
0.000000e+00
0.000000e+00
8.638000e-02
3.047369e-02
1.603741e-02
1.979982e-02
8.687996e-03
2.822896e-03
1.839553e-04
2.868390e-04
4.796667e-05
1.599650e-05
0.000000e+00
