9.142700e-02
0.000000e+00
9.787658e-02
0.000000e+00
1.784521e-02
2.050327e-03
0.000000e+00
0.000000e+00
0.000000e+00
0.000000e+00
0.000000e+00
0.000000e+00
1.649732e-01
0.000000e+00
6.772385e-02
0.000000e+00
0.000000e+00
0.000000e+00
0.000000e+00
0.000000e+00
0.000000e+00
0.000000e+00
9.856000e-02
0.000000e+00
6.794729e-03
2.938867e-02
9.958517e-03
7.919607e-04
0.000000e+00
0.000000e+00
0.000000e+00
0.000000e+00
0.000000e+00
9.832491e+00
1.914209e+01
8.673773e+00
6.820734e+00
1.896386e+00
1.826273e-01
0.000000e+00
0.000000e+00
0.000000e+00
0.000000e+00
0.000000e+00
2.068000e+00
8.607408e+00
7.824224e+01
4.806415e+00
6.823888e+00
5.465971e-02
0.000000e+00
0.000000e+00
0.000000e+00
0.000000e+00
0.000000e+00
2.880720e+01
7.790638e+01
3.115092e+01
1.811785e+01
4.765036e+00
4.171921e-01
0.000000e+00
0.000000e+00
0.000000e+00
0.000000e+00
0.000000e+00
0.000000e+00
0.000000e+00
0.000000e+00
0.000000e+00
0.000000e+00
0.000000e+00
0.000000e+00
0.000000e+00
0.000000e+00
0.000000e+00
0.000000e+00
0.000000e+00
0.000000e+00
0.000000e+00
0.000000e+00
0.000000e+00
0.000000e+00
0.000000e+00
0.000000e+00
0.000000e+00
0.000000e+00
0.000000e+00
1.165500e-01
3.793551e-02
4.713780e-02
2.076062e-02
1.533223e-02
1.691728e-03
0.000000e+00
0.000000e+00
0.000000e+00
0.000000e+00
0.000000e+00
