1.054690e-01
0.000000e+00
5.406470e-02
0.000000e+00
1.579633e-02
2.859263e-04
0.000000e+00
0.000000e+00
0.000000e+00
0.000000e+00
0.000000e+00
0.000000e+00
1.249643e-01
0.000000e+00
5.566000e-02
0.000000e+00
0.000000e+00
0.000000e+00
0.000000e+00
0.000000e+00
0.000000e+00
0.000000e+00
1.068740e-01
0.000000e+00
3.826391e-02
5.989977e-02
4.927813e-04
1.021362e-03
0.000000e+00
0.000000e+00
0.000000e+00
0.000000e+00
0.000000e+00
6.864834e+00
2.114369e+01
8.101424e+00
6.502381e+00
7.857362e-01
2.203605e-01
0.000000e+00
0.000000e+00
0.000000e+00
0.000000e+00
0.000000e+00
7.500000e-01
8.735479e+00
4.592304e+01
1.200520e+01
1.113973e+00
5.394400e-02
0.000000e+00
0.000000e+00
0.000000e+00
0.000000e+00
0.000000e+00
2.948670e+01
8.359270e+01
4.240069e+01
2.282488e+01
4.290101e+00
4.676090e-01
0.000000e+00
0.000000e+00
0.000000e+00
0.000000e+00
0.000000e+00
0.000000e+00
0.000000e+00
0.000000e+00
0.000000e+00
0.000000e+00
0.000000e+00
0.000000e+00
0.000000e+00
0.000000e+00
0.000000e+00
0.000000e+00
0.000000e+00
0.000000e+00
0.000000e+00
0.000000e+00
0.000000e+00
0.000000e+00
0.000000e+00
0.000000e+00
0.000000e+00
0.000000e+00
0.000000e+00
1.062700e-01
2.717022e-02
4.474823e-02
2.847094e-02
7.613323e-03
1.908706e-03
0.000000e+00
0.000000e+00
0.000000e+00
0.000000e+00
0.000000e+00
