9.953800e-02
0.000000e+00
0.000000e+00
4.663855e-03
0.000000e+00
2.149796e-03
2.104889e-04
0.000000e+00
2.180664e-05
0.000000e+00
0.000000e+00
0.000000e+00
1.132814e-01
7.113423e-03
0.000000e+00
4.302200e-04
0.000000e+00
0.000000e+00
5.002711e-05
0.000000e+00
0.000000e+00
0.000000e+00
9.725900e-02
0.000000e+00
7.222657e-02
2.348061e-02
0.000000e+00
3.058793e-03
7.636046e-05
0.000000e+00
6.462033e-05
0.000000e+00
0.000000e+00
7.292652e+00
2.027423e+01
9.753271e+00
5.201912e+00
1.716969e+00
5.159750e-01
1.209688e-01
3.481494e-02
1.260643e-02
0.000000e+00
0.000000e+00
2.280000e+00
6.828936e+00
2.692483e+01
1.161612e+01
6.835044e-01
4.576763e-01
7.869737e-02
2.489146e-02
3.201868e-03
0.000000e+00
0.000000e+00
2.951560e+01
7.526924e+01
3.608075e+01
1.571165e+01
6.898874e+00
1.982416e+00
4.763417e-01
1.614631e-01
2.708592e-02
0.000000e+00
0.000000e+00
0.000000e+00
0.000000e+00
0.000000e+00
0.000000e+00
0.000000e+00
0.000000e+00
0.000000e+00
0.000000e+00
0.000000e+00
0.000000e+00
0.000000e+00
0.000000e+00
0.000000e+00
0.000000e+00
0.000000e+00
0.000000e+00
0.000000e+00
0.000000e+00
0.000000e+00
0.000000e+00
0.000000e+00
0.000000e+00
1.307900e-01
4.277594e-02
5.423512e-02
3.521967e-02
1.140592e-02
5.052684e-03
9.589188e-04
2.872933e-04
1.153969e-04
0.000000e+00
0.000000e+00
