8.191400e-02
0.000000e+00
5.596609e-02
7.166668e-03
0.000000e+00
0.000000e+00
7.009939e-04
9.418612e-05
0.000000e+00
3.180255e-05
0.000000e+00
0.000000e+00
1.888288e-01
0.000000e+00
0.000000e+00
2.521782e-03
1.148710e-03
0.000000e+00
0.000000e+00
8.029783e-05
0.000000e+00
0.000000e+00
0.000000e+00
7.247639e-02
6.129496e-03
0.000000e+00
8.050925e-03
2.531377e-03
0.000000e+00
2.369957e-04
3.735015e-05
0.000000e+00
0.000000e+00
1.181721e+01
1.751979e+01
8.833088e+00
2.428927e+00
8.049823e-01
2.851466e-01
7.524051e-02
3.739488e-02
1.483715e-02
3.845499e-03
0.000000e+00
1.513000e+00
3.942464e+01
4.663368e+00
9.946031e-01
1.849305e+00
9.520339e-01
2.109232e-02
2.786349e-02
2.117480e-02
4.958908e-04
0.000000e+00
3.062180e+01
8.823300e+01
3.759033e+01
1.016958e+01
1.855416e+00
5.685560e-01
4.144334e-01
1.650447e-01
5.996213e-02
1.052903e-02
0.000000e+00
0.000000e+00
0.000000e+00
0.000000e+00
0.000000e+00
0.000000e+00
0.000000e+00
0.000000e+00
0.000000e+00
0.000000e+00
0.000000e+00
0.000000e+00
0.000000e+00
0.000000e+00
0.000000e+00
0.000000e+00
0.000000e+00
0.000000e+00
0.000000e+00
0.000000e+00
0.000000e+00
0.000000e+00
0.000000e+00
1.287100e-01
4.467146e-02
7.264957e-02
2.169270e-02
5.914697e-03
1.315548e-03
5.745877e-04
3.185326e-04
1.054090e-04
4.436758e-05
0.000000e+00
