1.915600e-01
0.000000e+00
2.274042e-01
0.000000e+00
4.889054e-02
4.090651e-03
0.000000e+00
5.528661e-04
0.000000e+00
1.109361e-04
0.000000e+00
0.000000e+00
3.115768e-01
0.000000e+00
1.345393e-01
0.000000e+00
0.000000e+00
2.416831e-03
0.000000e+00
2.181726e-04
0.000000e+00
0.000000e+00
4.024600e-02
2.478243e-02
0.000000e+00
2.386801e-02
4.548154e-03
1.217369e-03
0.000000e+00
6.305264e-04
1.329147e-04
2.337371e-05
0.000000e+00
1.026026e+01
1.735304e+01
6.784531e+00
8.696830e+00
2.735887e+00
7.114867e-01
3.821461e-01
1.875531e-01
8.297758e-02
5.471430e-03
0.000000e+00
5.342000e+00
6.669395e+00
1.641080e+02
4.832833e+00
2.781284e+01
1.475649e+00
2.020542e+00
5.232826e-01
1.567834e-01
6.040720e-03
0.000000e+00
2.418790e+01
3.426018e+01
1.769388e+01
7.422999e+00
5.779264e+00
3.363551e+00
4.941570e-01
3.873362e+00
1.482694e-01
1.875311e-02
0.000000e+00
0.000000e+00
0.000000e+00
0.000000e+00
0.000000e+00
0.000000e+00
0.000000e+00
0.000000e+00
0.000000e+00
0.000000e+00
0.000000e+00
0.000000e+00
0.000000e+00
0.000000e+00
0.000000e+00
0.000000e+00
0.000000e+00
0.000000e+00
0.000000e+00
0.000000e+00
0.000000e+00
0.000000e+00
0.000000e+00
9.201000e-02
3.281109e-02
1.650206e-02
2.278294e-02
1.009928e-02
5.080448e-03
4.449390e-04
5.156134e-04
2.724409e-04
7.488187e-05
0.000000e+00
