1.662900e-01
0.000000e+00
4.178000e-02
0.000000e+00
0.000000e+00
0.000000e+00
8.210115e-04
0.000000e+00
2.345620e-04
2.390452e-05
0.000000e+00
0.000000e+00
1.063176e-01
0.000000e+00
1.249776e-02
7.710902e-03
1.968747e-03
0.000000e+00
5.613801e-04
0.000000e+00
0.000000e+00
0.000000e+00
0.000000e+00
9.003517e-02
0.000000e+00
5.361538e-02
0.000000e+00
3.428948e-03
0.000000e+00
2.113357e-04
0.000000e+00
1.672970e-05
0.000000e+00
1.012386e+01
1.601964e+01
1.239724e+01
7.729293e+00
4.862154e+00
6.499183e-01
9.475128e-02
7.796290e-02
2.216346e-02
2.814569e-03
0.000000e+00
2.405600e+01
1.310741e+02
3.849181e+01
5.490762e+01
1.275049e+01
6.781019e-01
7.488698e-01
2.356869e-01
1.127719e-01
3.693367e-03
0.000000e+00
2.374370e+01
3.631810e+01
1.720890e+01
9.132842e+00
0.000000e+00
2.998750e+00
2.686809e-01
1.304988e-01
5.403450e-02
7.097978e-03
0.000000e+00
0.000000e+00
0.000000e+00
0.000000e+00
0.000000e+00
1.770150e+00
0.000000e+00
0.000000e+00
0.000000e+00
0.000000e+00
0.000000e+00
0.000000e+00
0.000000e+00
0.000000e+00
6.538997e-04
1.377777e-03
0.000000e+00
0.000000e+00
0.000000e+00
0.000000e+00
0.000000e+00
0.000000e+00
0.000000e+00
6.035000e-02
1.675470e-02
0.000000e+00
0.000000e+00
8.262528e-03
3.609275e-03
2.349821e-04
1.808161e-04
8.277907e-05
2.378257e-05
0.000000e+00
