2.300590e-01
0.000000e+00
1.366021e-01
0.000000e+00
3.902478e-03
0.000000e+00
1.985553e-03
0.000000e+00
3.909599e-05
0.000000e+00
4.191119e-05
0.000000e+00
3.682078e-01
0.000000e+00
2.346137e-02
0.000000e+00
2.671935e-03
0.000000e+00
2.527015e-04
0.000000e+00
5.200757e-05
0.000000e+00
0.000000e+00
5.521167e-02
4.011019e-03
6.613365e-03
0.000000e+00
1.278526e-03
6.032866e-04
2.170297e-04
1.463484e-05
3.027901e-05
0.000000e+00
5.394799e+00
2.035431e+01
6.015710e+00
3.855682e+00
2.139088e+00
1.110114e+00
2.497343e-01
6.377292e-02
1.690160e-02
9.071714e-03
1.925785e-03
2.376600e+01
9.074784e+01
7.589441e+01
1.158793e+01
6.466648e+00
2.597318e+00
1.670275e-01
2.097909e-01
1.705499e-01
2.333316e-02
5.083850e-03
2.931450e+01
8.407446e+01
2.168838e+01
6.574811e+00
5.506435e+00
3.417734e+00
8.539868e-01
1.132451e-01
5.516553e-02
3.637316e-02
7.707456e-03
0.000000e+00
0.000000e+00
0.000000e+00
0.000000e+00
0.000000e+00
0.000000e+00
0.000000e+00
0.000000e+00
0.000000e+00
0.000000e+00
0.000000e+00
0.000000e+00
0.000000e+00
0.000000e+00
0.000000e+00
0.000000e+00
0.000000e+00
0.000000e+00
0.000000e+00
0.000000e+00
0.000000e+00
0.000000e+00
1.189500e-01
4.135591e-02
6.852907e-02
1.039211e-02
8.404916e-03
5.268187e-03
2.465896e-03
3.357813e-04
5.096162e-05
5.029225e-05
3.141369e-05
