1.813380e-01
0.000000e+00
1.047802e-01
0.000000e+00
0.000000e+00
0.000000e+00
1.782222e-03
0.000000e+00
1.619767e-04
0.000000e+00
6.125615e-05
0.000000e+00
2.853680e-01
0.000000e+00
7.888910e-03
5.602127e-03
1.433326e-03
0.000000e+00
5.410380e-04
0.000000e+00
1.277962e-04
0.000000e+00
0.000000e+00
9.867164e-02
0.000000e+00
3.404746e-03
3.264211e-03
1.644196e-03
7.403697e-04
2.993252e-04
4.203180e-05
2.520885e-05
0.000000e+00
6.337446e+00
2.035014e+01
7.139224e+00
3.653795e+00
2.340722e+00
1.367100e+00
2.712011e-01
9.284660e-02
2.994346e-02
9.784628e-03
1.834836e-03
2.188500e+01
5.634414e+01
5.499557e+01
2.114623e+01
6.342903e+00
3.718001e+00
3.949878e-01
2.345764e-01
3.349168e-01
4.001743e-02
7.091584e-03
2.933970e+01
8.674750e+01
2.224642e+01
6.227028e+00
7.340471e+00
3.990674e+00
8.631127e-01
1.815689e-01
6.737078e-02
4.119806e-02
8.746241e-03
0.000000e+00
0.000000e+00
0.000000e+00
0.000000e+00
0.000000e+00
0.000000e+00
0.000000e+00
0.000000e+00
0.000000e+00
0.000000e+00
0.000000e+00
0.000000e+00
0.000000e+00
0.000000e+00
0.000000e+00
0.000000e+00
0.000000e+00
0.000000e+00
0.000000e+00
0.000000e+00
0.000000e+00
0.000000e+00
1.231000e-01
4.210438e-02
6.827067e-02
1.005102e-02
6.760561e-03
7.906593e-03
2.484209e-03
4.087825e-04
1.352592e-04
4.000766e-05
3.580527e-05
