1.608000e-01
0.000000e+00
0.000000e+00
2.273800e-02
3.531039e-03
0.000000e+00
1.249088e-03
0.000000e+00
0.000000e+00
0.000000e+00
0.000000e+00
0.000000e+00
1.241767e-01
3.427503e-02
0.000000e+00
0.000000e+00
4.882459e-03
0.000000e+00
0.000000e+00
0.000000e+00
0.000000e+00
0.000000e+00
9.266000e-03
1.498870e-01
8.052903e-02
0.000000e+00
6.169886e-03
6.786145e-04
2.410040e-04
0.000000e+00
0.000000e+00
0.000000e+00
0.000000e+00
8.439149e+00
1.873527e+01
1.237916e+01
5.258550e+00
2.334515e+00
6.589227e-01
6.945813e-02
0.000000e+00
0.000000e+00
0.000000e+00
0.000000e+00
9.730000e-01
8.229673e+01
3.010250e+01
1.324517e+01
8.547577e+00
1.858280e-01
4.567115e-02
0.000000e+00
0.000000e+00
0.000000e+00
0.000000e+00
2.516310e+01
3.102923e+01
3.155446e+01
2.359598e+01
8.617278e+00
3.148767e+00
2.747937e-01
0.000000e+00
0.000000e+00
0.000000e+00
0.000000e+00
0.000000e+00
0.000000e+00
0.000000e+00
0.000000e+00
0.000000e+00
0.000000e+00
0.000000e+00
0.000000e+00
0.000000e+00
0.000000e+00
0.000000e+00
0.000000e+00
0.000000e+00
0.000000e+00
0.000000e+00
0.000000e+00
0.000000e+00
0.000000e+00
0.000000e+00
0.000000e+00
0.000000e+00
0.000000e+00
9.546000e-02
3.539360e-02
2.439248e-02
2.323031e-02
8.806702e-03
2.926626e-03
9.041153e-04
0.000000e+00
0.000000e+00
0.000000e+00
0.000000e+00
