3.952100e-01
0.000000e+00
2.322859e-01
0.000000e+00
0.000000e+00
5.128772e-03
0.000000e+00
5.025642e-04
0.000000e+00
0.000000e+00
0.000000e+00
0.000000e+00
5.017069e-01
0.000000e+00
7.396490e-02
1.531674e-03
0.000000e+00
2.797047e-03
0.000000e+00
0.000000e+00
0.000000e+00
0.000000e+00
4.080700e-02
1.237910e-01
5.991368e-03
5.071420e-02
4.762972e-03
1.054965e-03
2.816406e-04
4.383528e-05
0.000000e+00
0.000000e+00
0.000000e+00
5.160276e+00
1.761380e+01
6.163816e+00
4.952441e+00
1.009306e+00
5.380672e-01
1.186246e-01
8.435378e-03
0.000000e+00
0.000000e+00
0.000000e+00
6.540000e-01
1.176355e+01
8.491301e+01
1.279006e+00
7.305805e-01
2.111558e+00
2.219179e-02
6.061777e-03
0.000000e+00
0.000000e+00
0.000000e+00
2.674260e+01
8.607357e+01
9.488144e+00
3.986971e+00
5.569429e+00
1.132365e+00
1.189404e-01
3.093055e-02
0.000000e+00
0.000000e+00
0.000000e+00
0.000000e+00
0.000000e+00
0.000000e+00
0.000000e+00
0.000000e+00
0.000000e+00
0.000000e+00
0.000000e+00
0.000000e+00
0.000000e+00
0.000000e+00
0.000000e+00
0.000000e+00
0.000000e+00
0.000000e+00
0.000000e+00
0.000000e+00
0.000000e+00
5.150168e-05
0.000000e+00
0.000000e+00
0.000000e+00
4.870000e-03
1.405963e-02
2.426650e-03
1.949453e-02
4.799756e-03
3.399495e-03
4.303302e-04
0.000000e+00
0.000000e+00
0.000000e+00
0.000000e+00
