0.000000e+00
2.264839e-02
1.373380e-01
0.000000e+00
5.409392e-02
3.154204e-04
8.854072e-04
3.343591e-06
1.083291e-06
0.000000e+00
0.000000e+00
1.400700e-01
0.000000e+00
0.000000e+00
1.564353e-01
0.000000e+00
0.000000e+00
0.000000e+00
0.000000e+00
0.000000e+00
0.000000e+00
0.000000e+00
3.102000e-01
0.000000e+00
0.000000e+00
9.765864e-02
0.000000e+00
2.103646e-03
0.000000e+00
5.936965e-05
1.681152e-06
0.000000e+00
0.000000e+00
3.034810e+01
8.113001e+00
1.068282e+01
1.072628e+01
1.527309e+00
5.275592e-01
6.698809e-02
2.194621e-02
8.959470e-03
0.000000e+00
0.000000e+00
8.240000e-01
1.488946e+01
2.875854e+02
8.227868e+00
1.170295e+01
3.009543e-01
5.080061e-02
3.030028e-02
1.203151e-03
0.000000e+00
0.000000e+00
2.256810e+01
5.151488e+01
1.752904e+01
4.459525e+01
5.986288e+00
1.802539e+00
3.527909e-01
1.055990e-01
1.850230e-02
0.000000e+00
0.000000e+00
0.000000e+00
0.000000e+00
0.000000e+00
0.000000e+00
0.000000e+00
0.000000e+00
0.000000e+00
0.000000e+00
0.000000e+00
0.000000e+00
0.000000e+00
1.481000e-02
4.791439e-03
8.361544e-03
0.000000e+00
0.000000e+00
0.000000e+00
0.000000e+00
0.000000e+00
0.000000e+00
0.000000e+00
0.000000e+00
0.000000e+00
0.000000e+00
0.000000e+00
1.820262e-02
3.173164e-03
3.769791e-03
5.028187e-04
1.550805e-04
6.366666e-05
0.000000e+00
0.000000e+00
