1.259770e-01
0.000000e+00
0.000000e+00
1.657534e-02
8.566729e-03
0.000000e+00
5.098524e-04
0.000000e+00
2.508744e-04
1.556550e-04
0.000000e+00
0.000000e+00
5.266088e-02
5.840934e-02
0.000000e+00
0.000000e+00
3.448213e-03
0.000000e+00
7.312652e-04
0.000000e+00
0.000000e+00
0.000000e+00
3.328100e-02
2.118134e-02
2.763887e-02
7.077534e-03
3.124332e-03
5.749128e-03
0.000000e+00
5.757090e-04
1.121968e-04
4.111623e-05
0.000000e+00
8.600531e+00
1.757729e+01
1.380989e+01
6.845611e+00
3.337111e+00
1.447442e+00
5.614872e-01
2.648523e-01
1.124156e-01
1.062692e-02
0.000000e+00
5.831000e+00
3.788601e+01
3.934039e+01
3.308115e+01
1.916019e+01
4.366747e+00
3.747382e+00
7.159671e-01
2.184923e-01
7.206091e-03
0.000000e+00
2.448470e+01
3.369611e+01
2.812723e+01
1.909164e+01
1.749648e+01
1.075056e+01
1.100441e+00
5.208947e-01
2.532250e-01
3.025372e-02
0.000000e+00
0.000000e+00
0.000000e+00
0.000000e+00
0.000000e+00
0.000000e+00
0.000000e+00
0.000000e+00
0.000000e+00
0.000000e+00
0.000000e+00
0.000000e+00
0.000000e+00
0.000000e+00
0.000000e+00
0.000000e+00
0.000000e+00
0.000000e+00
0.000000e+00
0.000000e+00
0.000000e+00
0.000000e+00
0.000000e+00
9.786000e-02
3.303962e-02
2.374461e-02
2.314135e-02
5.901076e-03
1.161635e-03
9.112160e-04
7.059530e-04
4.676507e-04
1.209294e-04
0.000000e+00
