1.419500e-01
0.000000e+00
0.000000e+00
4.278142e-02
0.000000e+00
7.302052e-03
4.876056e-04
0.000000e+00
2.672668e-04
0.000000e+00
0.000000e+00
0.000000e+00
6.949651e-02
7.019609e-02
0.000000e+00
2.415742e-02
0.000000e+00
0.000000e+00
4.320712e-04
0.000000e+00
0.000000e+00
0.000000e+00
3.851200e-02
0.000000e+00
7.809809e-02
0.000000e+00
1.410613e-02
5.387128e-04
2.344841e-04
8.176419e-05
5.693834e-05
0.000000e+00
0.000000e+00
6.952544e+00
1.861628e+01
1.371477e+01
6.199327e+00
3.436117e+00
5.585240e-01
1.216335e-01
6.631775e-02
1.320166e-02
0.000000e+00
0.000000e+00
6.859000e+00
6.374661e+01
5.626765e+01
2.116956e+01
9.906271e+00
2.209144e+00
2.762524e-01
1.200880e-02
1.149402e-02
0.000000e+00
0.000000e+00
2.395150e+01
3.218308e+01
2.499278e+01
1.315573e+01
7.932463e+00
1.674200e+00
3.174419e-01
2.566911e-01
5.338052e-02
0.000000e+00
0.000000e+00
0.000000e+00
0.000000e+00
0.000000e+00
0.000000e+00
0.000000e+00
0.000000e+00
0.000000e+00
0.000000e+00
0.000000e+00
0.000000e+00
0.000000e+00
0.000000e+00
0.000000e+00
0.000000e+00
0.000000e+00
0.000000e+00
0.000000e+00
0.000000e+00
0.000000e+00
0.000000e+00
0.000000e+00
0.000000e+00
1.114100e-01
3.982246e-02
3.110798e-02
3.201481e-02
1.053071e-02
6.065352e-03
7.089710e-04
2.869712e-04
2.129658e-04
0.000000e+00
0.000000e+00
