3.840380e-01
0.000000e+00
1.801044e-01
0.000000e+00
1.098948e-02
5.384143e-04
5.037817e-03
0.000000e+00
0.000000e+00
4.607216e-01
0.000000e+00
4.353368e-02
0.000000e+00
0.000000e+00
0.000000e+00
3.396336e-03
1.261100e-02
5.086218e-02
1.687136e-02
0.000000e+00
1.628561e-02
0.000000e+00
0.000000e+00
2.924771e-03
4.027542e+00
1.466696e+01
9.430803e+00
4.909531e+00
2.505783e+00
8.701253e-01
1.756300e-01
1.605792e-01
1.930000e-01
7.443510e+00
8.408070e+00
7.194437e+00
2.872053e+00
7.737395e-01
2.221356e-01
6.308957e-02
2.919810e+01
1.151848e+02
1.832420e+01
1.283251e+01
4.639135e+00
1.289903e+00
0.000000e+00
0.000000e+00
0.000000e+00
0.000000e+00
0.000000e+00
0.000000e+00
0.000000e+00
0.000000e+00
1.018394e+00
1.484525e+00
0.000000e+00
8.990574e-03
7.658881e-03
0.000000e+00
0.000000e+00
0.000000e+00
1.798974e-03
0.000000e+00
4.530000e-03
0.000000e+00
0.000000e+00
2.273025e-03
4.110614e-03
1.764121e-03
0.000000e+00
4.336510e-04
