1.879960e-01
0.000000e+00
7.163331e-02
0.000000e+00
1.530836e-02
2.093414e-03
0.000000e+00
4.807051e-04
0.000000e+00
2.132023e-01
0.000000e+00
4.549445e-02
0.000000e+00
0.000000e+00
8.037361e-04
0.000000e+00
0.000000e+00
9.406708e-02
0.000000e+00
4.258609e-02
0.000000e+00
0.000000e+00
3.507335e-03
1.615692e-04
5.713250e+00
1.951619e+01
9.249231e+00
8.280798e+00
2.482259e+00
7.561136e-01
2.663733e-01
6.936334e-03
1.390000e-01
1.943731e+01
1.867301e+01
5.257179e+00
3.338977e+00
9.499681e-01
1.430627e-01
7.220899e-05
2.466990e+01
3.651271e+01
2.882806e+01
1.519190e+01
7.017500e+00
1.821904e+00
3.040213e-01
3.799850e-02
0.000000e+00
0.000000e+00
0.000000e+00
0.000000e+00
0.000000e+00
0.000000e+00
0.000000e+00
0.000000e+00
0.000000e+00
0.000000e+00
0.000000e+00
0.000000e+00
0.000000e+00
0.000000e+00
0.000000e+00
2.054674e-05
1.042500e-01
1.652336e-02
1.380083e-02
2.235995e-02
6.611110e-03
2.913856e-03
4.123201e-04
0.000000e+00
