2.028000e-01
0.000000e+00
7.227396e-02
0.000000e+00
1.371096e-02
4.971031e-04
1.355848e-03
0.000000e+00
0.000000e+00
1.872532e-01
0.000000e+00
5.784468e-02
0.000000e+00
0.000000e+00
0.000000e+00
0.000000e+00
0.000000e+00
1.211423e-01
3.275946e-04
4.368783e-02
0.000000e+00
2.918137e-03
0.000000e+00
0.000000e+00
5.916531e+00
1.884604e+01
1.230459e+01
7.535242e+00
3.331654e+00
5.300987e-01
7.041441e-02
0.000000e+00
1.400000e-01
2.061112e+01
1.685300e+01
7.167515e+00
2.972728e+00
2.547696e-01
2.764383e-03
0.000000e+00
2.511070e+01
4.267786e+01
2.401019e+01
3.197133e+01
9.170687e+00
2.341145e+00
2.690780e-01
0.000000e+00
0.000000e+00
0.000000e+00
0.000000e+00
0.000000e+00
0.000000e+00
0.000000e+00
0.000000e+00
0.000000e+00
0.000000e+00
0.000000e+00
0.000000e+00
0.000000e+00
0.000000e+00
0.000000e+00
0.000000e+00
0.000000e+00
1.092300e-01
2.225282e-02
2.655178e-03
1.954258e-02
9.443090e-03
5.411489e-03
1.007405e-03
0.000000e+00
