3.093600e-02
0.000000e+00
1.037537e-02
0.000000e+00
1.421835e-02
0.000000e+00
6.482153e-04
0.000000e+00
0.000000e+00
9.887747e-03
0.000000e+00
1.592146e-02
0.000000e+00
5.887454e-03
0.000000e+00
8.167021e-05
5.827100e-02
0.000000e+00
3.453911e-02
0.000000e+00
1.863526e-03
4.203177e-03
9.623327e-05
6.021217e-05
9.721932e+00
1.245030e+01
9.691107e+00
4.423092e+00
1.077323e+00
4.070462e-01
8.727279e-02
3.736963e-02
4.790000e-01
1.743828e+01
9.863719e+00
2.215181e+00
7.925221e-01
1.923133e-01
9.802670e-02
1.435335e-02
3.139080e+01
8.484567e+01
5.363285e+01
2.001628e+01
4.213809e+00
1.357066e+00
4.676635e-01
1.413639e-01
0.000000e+00
0.000000e+00
0.000000e+00
0.000000e+00
0.000000e+00
0.000000e+00
0.000000e+00
0.000000e+00
0.000000e+00
0.000000e+00
0.000000e+00
0.000000e+00
0.000000e+00
0.000000e+00
0.000000e+00
0.000000e+00
1.307200e-01
2.270742e-02
4.126290e-02
3.669038e-02
7.485726e-03
2.247347e-03
3.823504e-04
3.601521e-04
