0.000000e+00
2.463302e-01
0.000000e+00
3.432785e-02
3.632734e-03
0.000000e+00
1.765021e-03
0.000000e+00
4.315200e-02
0.000000e+00
1.734664e-01
0.000000e+00
0.000000e+00
2.855494e-03
0.000000e+00
0.000000e+00
6.872900e-02
0.000000e+00
5.078873e-02
0.000000e+00
1.225710e-03
5.793823e-03
2.406883e-04
0.000000e+00
9.854703e+00
1.156966e+01
1.259392e+01
3.561119e+00
1.605568e+00
4.528377e-01
1.755700e-02
0.000000e+00
4.410000e-01
2.124854e+01
5.334550e+00
3.533665e+00
9.626330e-01
8.480168e-02
7.054664e-04
0.000000e+00
2.940300e+01
7.350149e+01
8.593914e+01
1.940028e+01
6.914430e+00
2.990204e+00
1.310789e-01
0.000000e+00
0.000000e+00
0.000000e+00
0.000000e+00
0.000000e+00
0.000000e+00
0.000000e+00
0.000000e+00
0.000000e+00
0.000000e+00
4.302178e-03
0.000000e+00
0.000000e+00
0.000000e+00
0.000000e+00
0.000000e+00
0.000000e+00
1.251700e-01
0.000000e+00
4.734501e-02
1.981008e-02
1.162893e-02
4.330467e-03
1.350808e-05
0.000000e+00
