6.387400e-02
0.000000e+00
5.080620e-02
0.000000e+00
0.000000e+00
6.276284e-04
0.000000e+00
1.818359e-05
0.000000e+00
1.354971e-01
0.000000e+00
5.103761e-03
4.521914e-04
0.000000e+00
1.186446e-04
0.000000e+00
8.292000e-03
4.024007e-03
0.000000e+00
8.187918e-04
9.469038e-05
6.349027e-05
3.484673e-05
1.406098e-05
1.016919e+01
1.464730e+01
8.547910e+00
2.363757e+00
6.900772e-01
1.705880e-01
6.027319e-02
1.698365e-02
3.100000e-01
2.488903e+01
4.283618e+00
1.403729e+00
4.018584e-01
1.157973e-01
3.544005e-02
1.104557e-02
3.126560e+01
9.277850e+01
3.916475e+01
1.042172e+01
2.925245e+00
8.464103e-01
2.537962e-01
7.835333e-02
0.000000e+00
0.000000e+00
0.000000e+00
0.000000e+00
0.000000e+00
0.000000e+00
0.000000e+00
0.000000e+00
0.000000e+00
0.000000e+00
0.000000e+00
0.000000e+00
0.000000e+00
0.000000e+00
0.000000e+00
0.000000e+00
1.307100e-01
2.547267e-02
6.964394e-02
1.995519e-02
5.462574e-03
1.550493e-03
4.569363e-04
1.391778e-04
