1.532600e-02
0.000000e+00
1.031802e-02
0.000000e+00
0.000000e+00
3.862552e-03
0.000000e+00
0.000000e+00
0.000000e+00
2.494204e-03
0.000000e+00
1.572531e-02
7.114374e-04
0.000000e+00
2.988111e-04
1.045839e-04
4.540600e-02
0.000000e+00
2.975284e-02
8.282328e-03
2.863681e-03
4.307601e-03
9.736598e-05
3.723277e-04
1.049030e+01
1.472170e+01
1.018334e+01
5.714828e+00
2.617675e+00
9.748031e-01
2.631568e-01
5.252074e-02
6.190000e-01
1.025121e+01
1.087799e+01
6.046284e+00
2.567052e+00
8.875219e-01
1.858680e-01
1.269420e-02
2.987900e+01
8.582326e+01
4.001192e+01
1.869962e+01
9.445805e+00
3.190134e+00
1.204450e+00
2.475900e-01
0.000000e+00
0.000000e+00
0.000000e+00
0.000000e+00
0.000000e+00
0.000000e+00
0.000000e+00
0.000000e+00
0.000000e+00
0.000000e+00
0.000000e+00
0.000000e+00
0.000000e+00
0.000000e+00
3.109893e-04
0.000000e+00
1.195500e-01
1.510994e-02
3.604778e-02
1.971190e-02
7.008346e-03
2.999497e-03
0.000000e+00
1.814155e-04
