8.764900e-02
0.000000e+00
8.995459e-02
0.000000e+00
0.000000e+00
4.463708e-03
0.000000e+00
0.000000e+00
0.000000e+00
1.652619e-01
0.000000e+00
1.922262e-02
1.978243e-03
0.000000e+00
0.000000e+00
0.000000e+00
1.122330e-01
0.000000e+00
4.638536e-02
0.000000e+00
1.355445e-02
6.226037e-04
0.000000e+00
0.000000e+00
9.395233e+00
1.558237e+01
6.729941e+00
3.185582e+00
1.557014e+00
1.910865e-01
0.000000e+00
0.000000e+00
2.800000e-01
3.052781e+01
8.873407e-01
5.185058e+00
6.585715e-01
6.312437e-03
0.000000e+00
0.000000e+00
3.172920e+01
8.778095e+01
3.792485e+01
1.754012e+01
9.863431e+00
7.402595e-01
0.000000e+00
0.000000e+00
0.000000e+00
0.000000e+00
0.000000e+00
0.000000e+00
0.000000e+00
0.000000e+00
0.000000e+00
0.000000e+00
0.000000e+00
0.000000e+00
0.000000e+00
0.000000e+00
0.000000e+00
0.000000e+00
0.000000e+00
0.000000e+00
1.345300e-01
3.001199e-02
7.082585e-02
4.140604e-03
1.697479e-02
2.043173e-03
0.000000e+00
0.000000e+00
