1.588330e-01
0.000000e+00
1.312230e-01
0.000000e+00
1.184806e-02
0.000000e+00
6.067782e-04
0.000000e+00
0.000000e+00
2.730814e-01
0.000000e+00
2.086882e-02
0.000000e+00
8.762396e-03
0.000000e+00
7.285234e-04
7.702600e-02
0.000000e+00
4.874350e-02
9.220268e-03
0.000000e+00
6.173992e-03
0.000000e+00
9.178193e-05
8.220564e+00
1.644777e+01
8.290960e+00
2.274576e+00
5.124048e-01
4.461511e-01
1.578767e-01
8.414427e-02
3.380000e-01
1.836156e+01
5.591111e+00
4.263166e-01
4.836019e-01
3.056535e-01
2.184909e-01
8.972278e-02
3.081740e+01
9.237652e+01
3.591788e+01
1.313167e+01
8.033892e-01
4.778625e-01
2.985690e-01
2.755919e-01
0.000000e+00
0.000000e+00
0.000000e+00
0.000000e+00
0.000000e+00
0.000000e+00
0.000000e+00
0.000000e+00
0.000000e+00
0.000000e+00
0.000000e+00
0.000000e+00
1.483937e-03
0.000000e+00
0.000000e+00
0.000000e+00
1.136300e-01
1.893685e-02
4.889506e-02
1.719455e-02
0.000000e+00
1.288246e-03
6.582898e-05
2.457913e-04
