1.895190e-01
0.000000e+00
6.386106e-02
0.000000e+00
4.327010e-02
0.000000e+00
0.000000e+00
0.000000e+00
0.000000e+00
1.443417e-01
0.000000e+00
4.720989e-02
0.000000e+00
1.414463e-02
0.000000e+00
0.000000e+00
3.965200e-02
0.000000e+00
4.948411e-02
0.000000e+00
2.795345e-03
1.023705e-02
0.000000e+00
0.000000e+00
6.354022e+00
1.645319e+01
1.268118e+01
7.011487e+00
3.165890e+00
1.052485e+00
0.000000e+00
0.000000e+00
1.320000e-01
2.510648e+01
1.570305e+01
6.899360e+00
4.300198e+00
3.836405e-01
0.000000e+00
0.000000e+00
2.471210e+01
3.661686e+01
2.219386e+01
1.701217e+01
5.229677e-01
0.000000e+00
0.000000e+00
0.000000e+00
0.000000e+00
0.000000e+00
0.000000e+00
0.000000e+00
0.000000e+00
8.877301e+00
0.000000e+00
0.000000e+00
0.000000e+00
9.483814e-03
1.667609e-02
4.768219e-03
7.329776e-03
0.000000e+00
0.000000e+00
0.000000e+00
5.515000e-02
0.000000e+00
0.000000e+00
0.000000e+00
0.000000e+00
2.085920e-03
0.000000e+00
0.000000e+00
