1.154750e-01
2.896302e-02
0.000000e+00
5.305856e-02
0.000000e+00
2.597543e-03
2.369320e-03
0.000000e+00
0.000000e+00
0.000000e+00
1.475209e-01
0.000000e+00
1.201345e-02
0.000000e+00
0.000000e+00
6.405973e-04
1.997900e-02
0.000000e+00
4.356124e-02
1.878441e-03
5.666124e-03
2.048527e-03
1.070066e-04
1.616801e-04
7.094428e+00
1.674311e+01
1.414818e+01
6.085076e+00
2.893627e+00
6.807536e-01
1.289424e-01
9.446554e-02
1.410000e-01
1.987042e+01
1.709931e+01
6.303803e+00
3.287342e+00
1.484931e-01
1.609683e-01
1.255618e-01
2.476100e+01
3.555285e+01
3.341318e+01
1.454708e+01
1.079908e+01
2.655431e+00
3.470814e-01
2.391178e-01
0.000000e+00
0.000000e+00
0.000000e+00
0.000000e+00
0.000000e+00
0.000000e+00
0.000000e+00
0.000000e+00
0.000000e+00
0.000000e+00
0.000000e+00
0.000000e+00
0.000000e+00
0.000000e+00
0.000000e+00
0.000000e+00
1.065200e-01
1.668338e-02
1.682951e-02
2.099079e-02
6.122762e-03
3.353023e-03
1.728187e-04
1.660461e-04
