3.588300e-02
0.000000e+00
2.554893e-02
0.000000e+00
1.953949e-03
5.919546e-04
3.953297e-07
0.000000e+00
0.000000e+00
5.552538e-02
0.000000e+00
8.701044e-03
0.000000e+00
0.000000e+00
0.000000e+00
2.269877e-04
0.000000e+00
6.183363e-02
0.000000e+00
7.252499e-03
2.863130e-03
0.000000e+00
5.017083e-04
3.411654e-04
9.612204e+00
1.430397e+01
9.534622e+00
4.577857e+00
1.234213e+00
1.741179e-01
5.560647e-02
2.022413e-02
4.570000e-01
1.753767e+01
9.003630e+00
3.218073e+00
3.579328e-01
8.845400e-02
3.474446e-02
2.528815e-02
3.126530e+01
8.379379e+01
5.373389e+01
2.076488e+01
4.443616e+00
7.694371e-01
1.405419e-01
5.566597e-02
0.000000e+00
0.000000e+00
0.000000e+00
0.000000e+00
0.000000e+00
0.000000e+00
0.000000e+00
0.000000e+00
0.000000e+00
0.000000e+00
0.000000e+00
0.000000e+00
0.000000e+00
0.000000e+00
0.000000e+00
0.000000e+00
1.357400e-01
2.539405e-02
4.354515e-02
3.832547e-02
1.211258e-02
1.390612e-03
3.932704e-04
7.272178e-05
