1.465020e-01
3.513854e-02
0.000000e+00
8.597315e-02
0.000000e+00
1.843234e-02
0.000000e+00
0.000000e+00
0.000000e+00
0.000000e+00
1.297463e-01
0.000000e+00
6.188942e-02
0.000000e+00
3.503033e-04
8.715189e-05
5.718000e-03
0.000000e+00
4.597584e-02
0.000000e+00
1.447555e-02
8.427431e-04
8.269342e-05
6.013898e-05
6.173272e+00
1.735833e+01
1.335267e+01
8.423318e+00
3.863171e+00
4.384851e-01
9.786255e-02
6.183963e-02
1.230000e-01
2.399887e+01
1.477792e+01
9.791951e+00
3.515438e+00
2.819743e-01
8.296159e-02
6.463186e-02
2.396670e+01
3.306547e+01
3.439749e+01
2.508358e+01
2.062403e+01
1.810969e+00
2.571215e-01
9.427278e-02
0.000000e+00
0.000000e+00
0.000000e+00
0.000000e+00
0.000000e+00
0.000000e+00
0.000000e+00
0.000000e+00
0.000000e+00
0.000000e+00
0.000000e+00
3.747049e-03
0.000000e+00
0.000000e+00
0.000000e+00
0.000000e+00
8.126000e-02
8.947676e-04
5.530800e-03
0.000000e+00
6.998587e-03
2.204997e-03
4.425138e-05
2.107164e-05
