1.641500e-01
0.000000e+00
0.000000e+00
2.646550e-02
1.253810e-03
0.000000e+00
2.145570e-03
0.000000e+00
0.000000e+00
6.134807e-02
5.338632e-02
0.000000e+00
0.000000e+00
3.260101e-03
0.000000e+00
9.263617e-04
5.358900e-02
0.000000e+00
9.400551e-02
0.000000e+00
1.379420e-03
9.653798e-03
1.438981e-04
0.000000e+00
6.092259e+00
1.746469e+01
1.190368e+01
7.754416e+00
3.668757e+00
1.146005e+00
1.058952e-01
8.640385e-02
1.340000e-01
1.813069e+01
1.945407e+01
5.189668e+00
1.054908e+01
1.715974e+00
8.472523e-02
1.209873e-01
2.473510e+01
3.839877e+01
3.657347e+01
1.512691e+01
9.134645e+01
5.333650e+00
3.776193e-01
2.912302e-01
0.000000e+00
0.000000e+00
0.000000e+00
0.000000e+00
0.000000e+00
0.000000e+00
0.000000e+00
0.000000e+00
0.000000e+00
0.000000e+00
0.000000e+00
0.000000e+00
3.488012e-03
0.000000e+00
1.638104e-04
8.391854e-06
7.833000e-02
2.309647e-03
3.328928e-04
8.792221e-03
0.000000e+00
2.225420e-03
0.000000e+00
0.000000e+00
