2.070600e-02
6.952709e-02
0.000000e+00
3.048897e-02
0.000000e+00
8.365303e-04
3.140426e-03
0.000000e+00
0.000000e+00
0.000000e+00
5.124939e-02
0.000000e+00
1.510045e-02
0.000000e+00
0.000000e+00
4.218019e-05
6.587000e-03
1.238519e-02
7.700032e-03
1.874325e-03
6.684574e-04
1.044171e-03
3.719676e-04
0.000000e+00
9.202772e+00
1.462079e+01
9.145223e+00
1.991548e+00
1.717806e+00
8.568440e-01
1.411052e-01
9.154082e-02
2.990000e-01
2.283693e+01
1.199756e+00
3.363090e+00
2.366282e+00
1.193525e+00
1.304134e-01
8.869686e-02
2.894230e+01
8.033866e+01
5.961581e+01
3.755608e+00
4.545650e+00
1.857399e+00
7.546173e-01
0.000000e+00
0.000000e+00
0.000000e+00
0.000000e+00
0.000000e+00
0.000000e+00
0.000000e+00
0.000000e+00
4.118859e-02
0.000000e+00
1.810357e-02
0.000000e+00
2.742370e-03
0.000000e+00
0.000000e+00
0.000000e+00
1.850578e-04
9.334000e-02
0.000000e+00
5.018996e-02
0.000000e+00
1.582598e-03
2.147216e-03
8.440400e-04
0.000000e+00
