1.192730e-01
2.586813e-02
0.000000e+00
0.000000e+00
0.000000e+00
7.122261e-03
0.000000e+00
0.000000e+00
0.000000e+00
0.000000e+00
3.293500e-04
3.102369e-02
7.617375e-03
0.000000e+00
3.730477e-04
5.127506e-04
3.265000e-02
0.000000e+00
0.000000e+00
3.902911e-02
5.830532e-03
1.425201e-03
7.408008e-06
1.981674e-04
1.366193e+01
1.009521e+01
1.421450e+01
1.058544e+01
4.304071e+00
4.281260e-01
1.455452e-01
9.374380e-02
1.470000e-01
3.248903e+01
1.389473e+01
2.288300e+01
5.862342e+00
2.022108e-01
2.253448e-01
1.026719e-01
2.523820e+01
4.286112e+01
4.672651e+01
2.126978e+02
1.648839e+01
1.293622e+00
3.441045e-01
2.144015e-01
0.000000e+00
0.000000e+00
0.000000e+00
0.000000e+00
0.000000e+00
0.000000e+00
0.000000e+00
0.000000e+00
0.000000e+00
0.000000e+00
8.377735e-03
4.819270e-03
0.000000e+00
0.000000e+00
0.000000e+00
0.000000e+00
7.453000e-02
1.386288e-04
0.000000e+00
0.000000e+00
7.435549e-03
2.039811e-03
1.060192e-04
1.915976e-04
