2.262890e-01
0.000000e+00
1.804857e-01
0.000000e+00
1.731688e-02
5.674262e-05
0.000000e+00
0.000000e+00
0.000000e+00
4.328585e-01
0.000000e+00
4.828472e-02
0.000000e+00
0.000000e+00
1.656301e-04
6.751274e-04
0.000000e+00
6.127783e-02
6.155831e-03
2.958599e-02
0.000000e+00
1.699263e-03
4.724378e-05
1.367278e-04
5.744216e+00
2.091941e+01
6.985698e+00
4.184745e+00
1.661897e+00
3.313646e-01
1.823461e-01
8.075380e-02
3.340000e-01
2.972872e+01
1.934375e+00
1.068885e+01
8.905140e-01
5.588931e-01
6.458367e-01
1.339402e-01
3.120340e+01
8.722183e+01
3.857919e+01
3.856524e+01
7.102564e+00
4.290976e+00
7.706927e-01
1.399328e+00
0.000000e+00
0.000000e+00
0.000000e+00
0.000000e+00
0.000000e+00
0.000000e+00
0.000000e+00
0.000000e+00
0.000000e+00
0.000000e+00
0.000000e+00
0.000000e+00
0.000000e+00
0.000000e+00
3.950581e-04
0.000000e+00
1.059200e-01
1.486211e-02
4.917113e-02
3.589945e-03
1.085355e-02
1.362778e-03
0.000000e+00
1.627770e-04
