3.235900e-02
5.121055e-02
0.000000e+00
8.035869e-03
1.132000e-02
0.000000e+00
4.014978e-03
7.089412e-04
0.000000e+00
0.000000e+00
4.003278e-02
0.000000e+00
0.000000e+00
1.288512e-02
0.000000e+00
0.000000e+00
7.521200e-02
0.000000e+00
4.408194e-02
2.917678e-02
0.000000e+00
2.170066e-02
0.000000e+00
9.482792e-04
9.634083e+00
1.483304e+01
9.574305e+00
2.072854e+00
9.484174e-01
1.071054e+00
2.230030e-01
4.347310e-02
2.990000e-01
2.108843e+01
1.194133e+00
3.860600e+00
2.214068e+00
5.978630e-01
4.647939e-01
6.788370e-04
2.893840e+01
8.063204e+01
6.342743e+01
4.170021e+00
3.726416e+00
1.293714e+00
2.000466e+00
1.419347e-01
0.000000e+00
0.000000e+00
0.000000e+00
0.000000e+00
0.000000e+00
0.000000e+00
0.000000e+00
0.000000e+00
0.000000e+00
2.014237e-02
0.000000e+00
2.558953e-03
0.000000e+00
0.000000e+00
0.000000e+00
0.000000e+00
8.979000e-02
0.000000e+00
4.791947e-02
0.000000e+00
6.411095e-04
1.169530e-03
1.111012e-03
4.200482e-04
