4.453100e-02
9.079606e-02
0.000000e+00
4.297334e-02
0.000000e+00
3.474466e-04
7.675623e-04
0.000000e+00
0.000000e+00
0.000000e+00
5.380627e-02
0.000000e+00
2.754200e-02
0.000000e+00
0.000000e+00
5.521628e-04
3.741100e-02
2.681994e-02
3.274245e-02
0.000000e+00
2.528835e-02
0.000000e+00
5.324651e-04
1.925277e-04
8.299607e+00
1.485679e+01
9.066376e+00
1.767628e+00
1.689514e+00
4.715148e-01
2.873965e-01
1.428257e-01
1.890000e-01
2.423407e+01
1.637780e+00
1.303169e+00
1.239027e+00
6.395571e-01
2.848920e-01
1.209724e-01
2.894100e+01
7.866144e+01
4.799144e+01
2.206703e+00
0.000000e+00
1.098690e+00
6.146649e-01
3.830302e-01
0.000000e+00
0.000000e+00
0.000000e+00
0.000000e+00
1.478874e-01
0.000000e+00
0.000000e+00
0.000000e+00
0.000000e+00
1.030389e-02
0.000000e+00
5.714299e-03
0.000000e+00
0.000000e+00
0.000000e+00
0.000000e+00
1.058900e-01
0.000000e+00
6.052818e-02
0.000000e+00
3.786074e-03
1.945635e-04
2.003615e-04
4.115816e-04
