1.294420e-01
7.406456e-02
0.000000e+00
9.062008e-02
0.000000e+00
0.000000e+00
2.543099e-03
0.000000e+00
0.000000e+00
0.000000e+00
1.379510e-01
0.000000e+00
4.022096e-02
1.362098e-03
0.000000e+00
0.000000e+00
0.000000e+00
2.755349e-02
2.849560e-02
0.000000e+00
7.014249e-03
9.718090e-03
2.320653e-04
0.000000e+00
7.202099e+00
1.424587e+01
1.547090e+01
5.524690e+00
4.313918e+00
6.875579e-01
2.526296e-02
0.000000e+00
1.110000e-01
2.368645e+01
1.415635e+01
9.736008e+00
3.906599e+00
2.370374e-01
1.295884e-03
0.000000e+00
2.397120e+01
3.731867e+01
2.545159e+01
2.694031e+01
1.522195e+01
2.499572e+00
1.429661e-01
0.000000e+00
0.000000e+00
0.000000e+00
0.000000e+00
0.000000e+00
0.000000e+00
0.000000e+00
0.000000e+00
0.000000e+00
0.000000e+00
2.368910e-03
5.145029e-03
3.409159e-03
0.000000e+00
0.000000e+00
3.480066e-04
0.000000e+00
7.128000e-02
0.000000e+00
0.000000e+00
0.000000e+00
2.158913e-03
2.829928e-03
0.000000e+00
0.000000e+00
