0.000000e+00
5.280269e-02
0.000000e+00
5.426739e-03
1.817443e-03
3.906753e-04
0.000000e+00
7.857175e-05
6.962000e-03
0.000000e+00
3.151354e-02
0.000000e+00
0.000000e+00
0.000000e+00
2.521730e-04
0.000000e+00
5.934800e-02
0.000000e+00
1.692694e-02
1.726583e-02
4.379210e-03
7.219097e-04
1.743515e-04
6.358683e-05
9.743977e+00
1.337576e+01
9.445911e+00
4.622856e+00
5.571622e-01
1.770048e-01
5.270285e-02
1.400408e-02
4.890000e-01
1.491671e+01
1.146145e+01
1.422233e+00
3.698500e-01
8.880906e-02
4.536832e-02
4.158849e-04
3.117370e+01
8.750394e+01
5.471881e+01
1.627766e+01
2.763501e+00
7.989536e-01
2.505677e-01
4.172452e-02
0.000000e+00
0.000000e+00
0.000000e+00
0.000000e+00
0.000000e+00
0.000000e+00
0.000000e+00
0.000000e+00
0.000000e+00
0.000000e+00
0.000000e+00
0.000000e+00
0.000000e+00
0.000000e+00
0.000000e+00
0.000000e+00
1.370600e-01
2.459271e-02
4.491091e-02
4.511620e-02
5.235599e-03
1.464605e-03
4.187399e-04
1.737090e-04
