6.002800e-02
1.821135e-02
0.000000e+00
0.000000e+00
2.273491e-02
0.000000e+00
2.944551e-03
0.000000e+00
0.000000e+00
0.000000e+00
4.413723e-03
2.140941e-02
0.000000e+00
1.575189e-02
0.000000e+00
0.000000e+00
5.077900e-02
0.000000e+00
2.265505e-02
1.910335e-02
0.000000e+00
1.251092e-02
5.827830e-04
0.000000e+00
7.643675e+00
1.765741e+01
9.160310e+00
5.365519e+00
1.570445e+00
7.051717e-01
4.557846e-02
0.000000e+00
6.130000e-01
5.278290e+00
1.267246e+01
5.128466e+00
8.780604e-01
3.510733e-01
1.625674e-03
0.000000e+00
3.045830e+01
8.926391e+01
4.453674e+01
2.290964e+01
4.425066e+00
1.869433e+00
1.892046e-01
0.000000e+00
0.000000e+00
0.000000e+00
0.000000e+00
0.000000e+00
0.000000e+00
0.000000e+00
0.000000e+00
0.000000e+00
0.000000e+00
5.057842e-04
0.000000e+00
0.000000e+00
0.000000e+00
0.000000e+00
3.809122e-04
0.000000e+00
8.859000e-02
0.000000e+00
2.466055e-02
1.949666e-02
3.166930e-04
3.336127e-03
0.000000e+00
0.000000e+00
