2.028780e-01
0.000000e+00
6.050284e-02
0.000000e+00
2.807436e-02
0.000000e+00
8.407125e-04
0.000000e+00
0.000000e+00
1.706715e-01
0.000000e+00
5.748326e-02
0.000000e+00
4.320567e-03
0.000000e+00
5.467651e-04
0.000000e+00
4.990781e-02
1.338116e-02
5.483448e-02
0.000000e+00
2.955451e-03
0.000000e+00
2.878327e-05
6.027961e+00
1.632598e+01
1.357657e+01
7.656418e+00
3.560563e+00
6.760537e-01
9.331431e-02
6.292985e-02
1.490000e-01
3.036042e+01
1.513594e+01
7.066603e+00
3.596571e+00
2.777623e-01
1.739377e-01
5.399309e-02
2.581880e+01
3.900771e+01
2.751193e+01
2.322512e+01
1.198919e+01
3.782868e+00
2.579775e-01
1.334712e-01
0.000000e+00
0.000000e+00
0.000000e+00
0.000000e+00
0.000000e+00
0.000000e+00
0.000000e+00
0.000000e+00
0.000000e+00
0.000000e+00
6.750891e-04
0.000000e+00
0.000000e+00
0.000000e+00
0.000000e+00
0.000000e+00
8.285000e-02
8.849931e-03
0.000000e+00
1.039020e-02
4.873121e-03
3.886104e-03
7.047221e-05
1.248453e-04
