1.281160e-01
0.000000e+00
1.520464e-01
0.000000e+00
1.873315e-02
7.754434e-04
0.000000e+00
8.664755e-04
0.000000e+00
2.620244e-01
0.000000e+00
5.698756e-02
0.000000e+00
0.000000e+00
1.700962e-03
0.000000e+00
2.058800e-02
0.000000e+00
2.071622e-02
7.444164e-03
5.535088e-03
5.532463e-04
6.327341e-04
1.648506e-06
1.298259e+01
1.503525e+01
9.580973e+00
3.824113e+00
1.494384e+00
3.780868e-01
2.513240e-01
3.913613e-02
3.490000e-01
3.112307e+01
1.248910e+00
3.654107e+00
1.470915e+00
4.627204e-01
2.148178e-01
3.878224e-02
3.063370e+01
8.711966e+01
3.277889e+01
2.205307e+01
4.488396e+00
1.034926e+00
8.721909e-01
1.554802e-01
0.000000e+00
0.000000e+00
0.000000e+00
0.000000e+00
0.000000e+00
0.000000e+00
0.000000e+00
0.000000e+00
0.000000e+00
0.000000e+00
0.000000e+00
0.000000e+00
0.000000e+00
0.000000e+00
0.000000e+00
0.000000e+00
1.242800e-01
2.480820e-02
5.417634e-02
4.829475e-03
9.886542e-03
1.247825e-04
4.781916e-04
1.591068e-04
