1.324960e-01
0.000000e+00
1.342310e-01
0.000000e+00
2.865008e-02
0.000000e+00
3.938739e-03
0.000000e+00
0.000000e+00
2.518792e-01
0.000000e+00
5.232943e-02
0.000000e+00
8.964675e-03
0.000000e+00
2.834271e-03
1.883000e-02
0.000000e+00
2.302549e-03
8.782221e-03
0.000000e+00
4.820547e-03
0.000000e+00
1.635394e-03
1.209535e+01
1.350508e+01
9.826741e+00
3.052682e+00
1.043668e+00
4.089866e-01
1.983506e-01
1.405309e-01
2.900000e-01
3.060074e+01
1.884457e+00
2.629175e+00
8.784421e-01
3.153978e-01
3.177869e-01
7.151263e-02
3.153470e+01
8.900041e+01
3.764336e+01
1.545482e+01
3.199792e+00
1.497438e+00
5.567098e-01
7.862474e-01
0.000000e+00
0.000000e+00
0.000000e+00
0.000000e+00
0.000000e+00
0.000000e+00
0.000000e+00
0.000000e+00
0.000000e+00
0.000000e+00
0.000000e+00
0.000000e+00
0.000000e+00
0.000000e+00
4.087267e-04
0.000000e+00
1.240800e-01
2.597016e-02
5.891227e-02
9.847565e-03
5.948105e-03
5.878439e-04
0.000000e+00
2.133980e-04
