1.162210e-01
0.000000e+00
1.411971e-01
0.000000e+00
3.122281e-02
0.000000e+00
5.342846e-03
0.000000e+00
0.000000e+00
2.557484e-01
0.000000e+00
5.468729e-02
0.000000e+00
1.084754e-02
0.000000e+00
3.001961e-03
4.232000e-02
0.000000e+00
0.000000e+00
9.827511e-03
0.000000e+00
5.643964e-03
0.000000e+00
1.592074e-03
1.171714e+01
1.360217e+01
9.782108e+00
3.006745e+00
9.644721e-01
3.767015e-01
1.469410e-01
1.273893e-01
2.640000e-01
3.064490e+01
1.934869e+00
2.518357e+00
8.576164e-01
2.278985e-01
2.971393e-01
6.055331e-02
3.152190e+01
8.955754e+01
3.676246e+01
1.525130e+01
2.881322e+00
1.503925e+00
2.626230e-01
7.148325e-01
0.000000e+00
0.000000e+00
0.000000e+00
0.000000e+00
0.000000e+00
0.000000e+00
0.000000e+00
0.000000e+00
0.000000e+00
0.000000e+00
0.000000e+00
0.000000e+00
0.000000e+00
0.000000e+00
4.792097e-04
0.000000e+00
1.221500e-01
2.471091e-02
5.940427e-02
1.004286e-02
5.545129e-03
7.717432e-04
0.000000e+00
2.179803e-04
