1.390480e-01
0.000000e+00
9.767184e-02
0.000000e+00
0.000000e+00
0.000000e+00
1.430126e-03
0.000000e+00
0.000000e+00
1.993375e-01
0.000000e+00
9.067216e-04
6.962856e-03
5.929568e-03
0.000000e+00
4.707308e-04
3.303000e-03
1.016513e-01
0.000000e+00
0.000000e+00
1.372440e-02
6.724888e-04
0.000000e+00
1.517611e-04
7.813809e+00
1.605854e+01
8.951985e+00
2.695102e+00
1.402039e+00
5.678011e-01
1.625254e-01
9.564914e-02
3.450000e-01
2.468147e+01
2.227484e+00
2.020137e+00
1.324555e+00
2.864853e-01
2.000802e-01
8.909950e-02
3.131080e+01
9.159497e+01
3.398524e+01
1.241595e+01
3.521362e+00
2.922569e+00
6.396098e-01
2.348848e-01
0.000000e+00
0.000000e+00
0.000000e+00
0.000000e+00
0.000000e+00
0.000000e+00
0.000000e+00
0.000000e+00
0.000000e+00
0.000000e+00
0.000000e+00
0.000000e+00
0.000000e+00
0.000000e+00
0.000000e+00
0.000000e+00
1.123100e-01
1.837606e-02
4.815798e-02
3.357066e-03
3.226994e-04
8.387996e-04
5.105038e-04
3.314084e-04
