4.642470e-01
0.000000e+00
1.292927e-01
0.000000e+00
0.000000e+00
1.162348e-03
2.535734e-03
0.000000e+00
0.000000e+00
3.805941e-01
0.000000e+00
7.332454e-02
1.193797e-02
0.000000e+00
0.000000e+00
7.941400e-04
5.368200e-02
0.000000e+00
0.000000e+00
3.225662e-02
0.000000e+00
5.420725e-03
7.639178e-04
0.000000e+00
4.960730e+00
1.547339e+01
8.254650e+00
4.942171e+00
2.187343e+00
9.581649e-01
4.401408e-01
1.485372e-01
2.390000e-01
6.500919e+00
5.496969e+00
4.320404e+00
2.548583e+00
1.206167e+00
3.568132e-01
6.293884e-02
2.674630e+01
1.224254e+02
1.082076e+01
4.436537e+00
4.219456e+00
2.558399e+00
1.598959e+00
5.217161e-01
0.000000e+00
0.000000e+00
0.000000e+00
0.000000e+00
0.000000e+00
0.000000e+00
0.000000e+00
0.000000e+00
5.570000e-02
0.000000e+00
2.714828e-02
0.000000e+00
0.000000e+00
0.000000e+00
0.000000e+00
1.605088e-04
0.000000e+00
8.256781e-03
0.000000e+00
1.358277e-02
7.147318e-04
2.294297e-03
1.005595e-03
0.000000e+00
