2.388620e-01
0.000000e+00
1.419085e-01
0.000000e+00
2.556589e-02
1.205398e-02
0.000000e+00
7.442621e-04
0.000000e+00
3.173115e-01
0.000000e+00
6.885822e-02
0.000000e+00
0.000000e+00
8.307000e-03
0.000000e+00
0.000000e+00
1.077888e-01
0.000000e+00
2.297052e-02
3.644051e-04
0.000000e+00
5.474077e-03
4.739803e-04
4.876810e+00
1.973406e+01
7.545667e+00
7.417331e+00
1.533884e+00
9.215979e-01
5.919304e-01
4.173320e-02
1.250000e-01
1.917007e+01
1.753641e+01
6.354451e+00
4.845359e+00
6.461688e-01
5.986599e-01
9.192498e-04
2.475140e+01
3.738931e+01
2.601735e+01
2.168427e+00
7.435646e+00
1.515506e+00
0.000000e+00
1.169879e-01
0.000000e+00
0.000000e+00
0.000000e+00
0.000000e+00
0.000000e+00
0.000000e+00
5.855426e-01
0.000000e+00
0.000000e+00
0.000000e+00
2.149145e-03
0.000000e+00
1.052898e-03
1.400664e-03
0.000000e+00
0.000000e+00
7.349000e-02
2.740765e-03
0.000000e+00
1.104951e-02
0.000000e+00
0.000000e+00
2.036508e-03
4.337877e-04
