3.668470e-01
0.000000e+00
3.526991e-02
0.000000e+00
1.786279e-02
0.000000e+00
8.853901e-03
2.136554e-04
0.000000e+00
2.934634e-01
0.000000e+00
1.695371e-02
0.000000e+00
2.288805e-02
0.000000e+00
0.000000e+00
6.656200e-02
0.000000e+00
3.694704e-02
0.000000e+00
1.157346e-02
8.628521e-03
0.000000e+00
7.764896e-04
7.383961e+00
1.627022e+01
9.693663e+00
5.736260e+00
3.012489e+00
1.988153e+00
3.493965e-01
5.399418e-02
9.300000e-02
6.046404e+00
8.691026e+00
1.136621e+01
4.097070e+00
1.545947e+00
5.087043e-01
6.538720e-04
2.562480e+01
1.694206e+02
1.503779e+01
1.578055e+01
3.729426e+00
2.480039e+00
1.121813e+00
1.287574e-01
0.000000e+00
0.000000e+00
0.000000e+00
0.000000e+00
0.000000e+00
0.000000e+00
0.000000e+00
0.000000e+00
2.601000e-02
0.000000e+00
1.014217e-02
0.000000e+00
0.000000e+00
0.000000e+00
0.000000e+00
0.000000e+00
0.000000e+00
2.486081e-02
0.000000e+00
3.135548e-03
4.607386e-03
2.114495e-03
1.363098e-03
4.258480e-04
