2.097100e-01
0.000000e+00
1.027335e-01
0.000000e+00
3.504186e-02
0.000000e+00
2.529879e-03
0.000000e+00
0.000000e+00
2.299987e-01
0.000000e+00
4.682945e-02
0.000000e+00
1.176127e-02
0.000000e+00
0.000000e+00
2.774700e-02
8.778054e-02
5.145619e-02
0.000000e+00
2.211558e-02
6.710679e-05
1.301707e-04
0.000000e+00
5.247409e+00
1.912159e+01
8.016879e+00
8.894940e+00
2.988508e+00
8.723802e-01
2.364835e-02
0.000000e+00
1.300000e-01
1.883112e+01
1.673765e+01
6.110380e+00
6.074956e+00
2.653564e-01
8.482079e-04
0.000000e+00
2.467100e+01
3.766245e+01
3.046931e+01
1.861179e+01
4.008977e+01
4.943404e+00
1.674812e-01
0.000000e+00
0.000000e+00
0.000000e+00
0.000000e+00
0.000000e+00
0.000000e+00
0.000000e+00
0.000000e+00
0.000000e+00
0.000000e+00
1.400247e-03
3.103471e-03
0.000000e+00
4.457272e-03
0.000000e+00
1.059676e-04
0.000000e+00
7.178000e-02
0.000000e+00
0.000000e+00
5.793988e-03
0.000000e+00
2.891202e-03
0.000000e+00
0.000000e+00
