4.500550e-01
0.000000e+00
9.008481e-02
0.000000e+00
0.000000e+00
1.896873e-02
0.000000e+00
1.619817e-03
0.000000e+00
4.142467e-01
0.000000e+00
5.524597e-02
4.380987e-03
0.000000e+00
5.834788e-03
0.000000e+00
2.178200e-02
6.280236e-02
2.110134e-02
1.794885e-02
7.334869e-03
7.125221e-03
5.454755e-04
0.000000e+00
4.524084e+00
1.684463e+01
8.751259e+00
6.952862e+00
3.305654e+00
1.033246e+00
3.410685e-01
1.072024e-01
2.090000e-01
4.251731e+00
1.242922e+01
8.301762e+00
3.319494e+00
1.471134e+00
6.185555e-02
1.530425e-01
2.945100e+01
1.738076e+02
1.594507e+01
1.749834e+01
9.620997e+00
2.661963e+00
2.927381e+00
6.026162e-01
0.000000e+00
0.000000e+00
0.000000e+00
0.000000e+00
0.000000e+00
0.000000e+00
0.000000e+00
0.000000e+00
2.163000e-02
0.000000e+00
4.906097e-03
0.000000e+00
0.000000e+00
0.000000e+00
0.000000e+00
1.421196e-05
0.000000e+00
3.093389e-02
0.000000e+00
7.789593e-03
1.103549e-02
2.964750e-03
7.537381e-04
0.000000e+00
