1.639960e-01
0.000000e+00
1.583976e-01
0.000000e+00
2.915417e-02
0.000000e+00
3.945097e-03
0.000000e+00
0.000000e+00
3.093492e-01
0.000000e+00
5.221064e-02
0.000000e+00
9.164135e-03
0.000000e+00
2.851364e-03
2.034300e-02
1.991506e-02
0.000000e+00
1.722376e-02
0.000000e+00
6.084661e-03
0.000000e+00
9.039615e-04
1.100844e+01
1.543323e+01
8.797500e+00
2.963618e+00
1.095175e+00
4.261425e-01
2.181701e-01
1.728632e-01
2.720000e-01
2.703467e+01
1.965793e+00
2.886903e+00
9.096276e-01
3.236606e-01
3.584123e-01
1.236807e-01
3.140510e+01
8.943381e+01
3.763613e+01
1.537581e+01
3.167582e+00
1.486337e+00
7.619526e-01
1.429482e+00
0.000000e+00
0.000000e+00
0.000000e+00
0.000000e+00
0.000000e+00
0.000000e+00
0.000000e+00
0.000000e+00
0.000000e+00
0.000000e+00
0.000000e+00
0.000000e+00
0.000000e+00
0.000000e+00
5.324521e-04
0.000000e+00
1.071900e-01
1.738642e-02
4.990198e-02
8.738239e-03
5.347747e-03
3.120473e-04
0.000000e+00
1.365195e-04
