2.440780e-01
0.000000e+00
2.338790e-01
0.000000e+00
4.643656e-02
7.079229e-03
0.000000e+00
3.898291e-03
0.000000e+00
3.904841e-01
0.000000e+00
1.203538e-01
0.000000e+00
0.000000e+00
8.691143e-03
0.000000e+00
0.000000e+00
3.615683e-01
0.000000e+00
1.984563e-01
0.000000e+00
4.059572e-03
3.808431e-04
1.682365e-04
5.131448e+00
1.981334e+01
5.258614e+00
7.862579e+00
9.172108e-01
6.454445e-01
3.970348e-01
5.300621e-02
1.110000e-01
2.043701e+01
1.640544e+01
5.084298e+00
3.334104e+00
1.744710e-01
2.259312e-01
1.107183e-03
2.498560e+01
4.065433e+01
2.197903e+01
8.477719e+00
5.065593e+00
2.324477e+00
4.453832e+00
2.683542e-01
0.000000e+00
0.000000e+00
0.000000e+00
0.000000e+00
0.000000e+00
0.000000e+00
0.000000e+00
0.000000e+00
0.000000e+00
0.000000e+00
1.641998e-03
0.000000e+00
0.000000e+00
1.455496e-03
0.000000e+00
0.000000e+00
8.448000e-02
1.016240e-02
0.000000e+00
1.721255e-02
2.870822e-03
0.000000e+00
2.133931e-03
2.225281e-05
