9.885900e-02
0.000000e+00
0.000000e+00
6.501762e-02
0.000000e+00
6.625787e-03
0.000000e+00
1.740827e-03
0.000000e+00
2.658857e-02
1.645941e-02
0.000000e+00
3.964371e-02
0.000000e+00
4.279016e-03
0.000000e+00
5.920000e-04
8.060350e-04
6.880511e-03
1.583005e-03
8.064510e-04
7.013915e-04
9.569272e-05
1.927042e-04
6.847381e+00
1.793608e+01
8.393482e+00
2.246112e+00
1.824442e+00
3.584640e-01
2.926674e-01
6.000838e-02
2.740000e-01
1.875294e+01
1.646269e+00
8.236886e+00
5.138402e-01
4.824607e-01
2.002198e-01
3.678419e-02
2.831590e+01
8.116923e+01
7.104801e+01
2.687547e+01
1.619062e+01
1.419824e+00
9.404917e-01
1.743338e-01
0.000000e+00
0.000000e+00
0.000000e+00
0.000000e+00
0.000000e+00
0.000000e+00
0.000000e+00
0.000000e+00
0.000000e+00
2.170318e-02
0.000000e+00
9.120189e-03
0.000000e+00
2.235318e-04
0.000000e+00
0.000000e+00
9.332000e-02
0.000000e+00
4.859765e-02
0.000000e+00
4.085703e-03
0.000000e+00
9.591530e-04
3.886730e-04
