3.862080e-01
0.000000e+00
0.000000e+00
1.080492e-01
0.000000e+00
1.009069e-02
0.000000e+00
3.826133e-03
0.000000e+00
2.925661e-01
8.768259e-02
0.000000e+00
4.931488e-02
0.000000e+00
6.144797e-03
0.000000e+00
2.239100e-02
6.194859e-02
4.667683e-02
0.000000e+00
3.834604e-02
0.000000e+00
1.378756e-03
1.077062e-04
5.017209e+00
1.641024e+01
8.227202e+00
3.416456e+00
2.650061e+00
5.264710e-01
4.715018e-01
6.153711e-02
2.460000e-01
9.207496e+00
6.119525e+00
2.738241e+00
1.996110e+00
1.022273e+00
4.995204e-01
1.141873e-01
2.699650e+01
1.783337e+02
3.673378e+01
7.169124e+00
2.058902e+00
1.630688e+00
1.051990e+00
3.464556e-01
0.000000e+00
0.000000e+00
0.000000e+00
0.000000e+00
0.000000e+00
0.000000e+00
0.000000e+00
0.000000e+00
1.600000e-02
0.000000e+00
1.747187e-02
6.644962e-03
0.000000e+00
0.000000e+00
0.000000e+00
0.000000e+00
0.000000e+00
2.244160e-02
0.000000e+00
0.000000e+00
5.659886e-03
6.505265e-04
1.035023e-03
5.114562e-04
