7.843700e-02
0.000000e+00
4.758742e-02
0.000000e+00
5.213098e-03
0.000000e+00
0.000000e+00
0.000000e+00
0.000000e+00
8.179413e-02
0.000000e+00
2.021055e-02
0.000000e+00
1.367469e-03
1.989830e-04
0.000000e+00
4.837200e-02
0.000000e+00
1.854029e-02
2.314591e-02
0.000000e+00
4.093198e-03
2.635242e-03
0.000000e+00
9.245312e+00
1.597108e+01
7.949148e+00
3.868600e+00
1.698750e+00
1.037861e+00
2.386921e-01
0.000000e+00
3.390000e-01
1.816324e+01
4.450521e+00
6.451337e+00
1.323712e+00
1.377189e+00
6.192443e-02
0.000000e+00
3.001050e+01
9.212805e+01
2.640621e+01
7.035618e+00
7.799911e+00
1.235102e+00
0.000000e+00
0.000000e+00
0.000000e+00
0.000000e+00
0.000000e+00
0.000000e+00
0.000000e+00
0.000000e+00
9.397392e-01
0.000000e+00
0.000000e+00
0.000000e+00
0.000000e+00
3.119017e-03
0.000000e+00
1.831744e-03
0.000000e+00
0.000000e+00
8.351000e-02
1.641953e-03
3.831752e-02
0.000000e+00
1.648775e-03
0.000000e+00
1.834502e-03
0.000000e+00
