1.176100e-01
0.000000e+00
8.205242e-02
0.000000e+00
2.526294e-03
9.533365e-04
0.000000e+00
7.570048e-04
0.000000e+00
2.079666e-01
0.000000e+00
1.094071e-02
0.000000e+00
0.000000e+00
1.700042e-03
0.000000e+00
2.727700e-02
0.000000e+00
4.994445e-03
2.521494e-03
1.348210e-04
1.680738e-03
1.057460e-03
1.968394e-04
8.992030e+00
1.622272e+01
8.454569e+00
2.975439e+00
1.450300e+00
5.898650e-01
2.791226e-01
2.368877e-02
2.200000e-01
3.227619e+01
1.001194e+00
4.062148e+00
1.251358e+00
6.056238e-01
2.315100e-01
5.343699e-04
3.093260e+01
8.940768e+01
3.847193e+01
1.031335e+01
3.833374e+00
1.097679e+00
7.637661e-01
8.615298e-02
0.000000e+00
0.000000e+00
0.000000e+00
0.000000e+00
0.000000e+00
0.000000e+00
0.000000e+00
0.000000e+00
0.000000e+00
0.000000e+00
0.000000e+00
0.000000e+00
0.000000e+00
0.000000e+00
0.000000e+00
0.000000e+00
1.215200e-01
2.273405e-02
6.192162e-02
1.027765e-02
7.517234e-03
4.712440e-04
9.278546e-04
1.758479e-04
