2.783720e-01
0.000000e+00
0.000000e+00
4.792372e-02
0.000000e+00
9.143984e-03
1.384595e-03
0.000000e+00
0.000000e+00
2.061596e-01
1.961829e-02
0.000000e+00
4.738251e-02
0.000000e+00
0.000000e+00
0.000000e+00
2.188200e-02
0.000000e+00
8.655265e-02
0.000000e+00
4.351631e-02
1.824111e-03
1.610252e-04
0.000000e+00
4.039796e+00
1.739411e+01
1.388474e+01
6.094422e+00
5.383794e+00
9.988218e-01
5.926749e-02
0.000000e+00
2.160000e-01
1.609765e+01
2.573406e+01
1.132815e+01
4.378608e+00
7.092071e-01
1.433860e-03
0.000000e+00
2.447020e+01
4.858213e+01
2.713360e+01
2.223705e+01
1.075747e+01
2.846748e+00
2.229760e-01
0.000000e+00
0.000000e+00
0.000000e+00
0.000000e+00
0.000000e+00
0.000000e+00
0.000000e+00
0.000000e+00
0.000000e+00
0.000000e+00
0.000000e+00
0.000000e+00
0.000000e+00
0.000000e+00
0.000000e+00
0.000000e+00
0.000000e+00
9.036000e-02
1.380051e-02
2.139939e-03
3.610097e-03
5.840152e-03
6.041642e-03
9.881909e-04
0.000000e+00
