0.000000e+00
1.987323e-03
1.553901e-02
0.000000e+00
2.001486e-04
0.000000e+00
0.000000e+00
0.000000e+00
1.987400e-02
0.000000e+00
0.000000e+00
6.437388e-03
0.000000e+00
4.294565e-05
8.966983e-05
0.000000e+00
7.080500e-02
0.000000e+00
1.864771e-02
9.968667e-03
7.332122e-03
1.030544e-03
3.101690e-04
0.000000e+00
1.156809e+01
1.188445e+01
8.459212e+00
4.530228e+00
1.192222e+00
3.353221e-01
5.814566e-02
0.000000e+00
4.990000e-01
1.854697e+01
9.270342e+00
2.559813e+00
7.918109e-01
1.994195e-01
2.846366e-03
0.000000e+00
3.091130e+01
8.555116e+01
5.350275e+01
2.044487e+01
5.635501e+00
1.618395e+00
1.680631e-01
0.000000e+00
0.000000e+00
0.000000e+00
0.000000e+00
0.000000e+00
0.000000e+00
0.000000e+00
0.000000e+00
0.000000e+00
0.000000e+00
0.000000e+00
0.000000e+00
0.000000e+00
0.000000e+00
0.000000e+00
0.000000e+00
0.000000e+00
1.394200e-01
2.333338e-02
4.578711e-02
3.817830e-02
1.057235e-02
2.952252e-03
7.513765e-04
0.000000e+00
