2.019020e-01
0.000000e+00
7.783815e-02
0.000000e+00
2.241979e-02
5.505940e-03
0.000000e+00
0.000000e+00
0.000000e+00
1.899307e-01
0.000000e+00
5.703603e-02
0.000000e+00
0.000000e+00
2.565752e-03
0.000000e+00
4.552500e-02
0.000000e+00
1.030809e-01
0.000000e+00
3.184051e-02
0.000000e+00
2.926247e-04
0.000000e+00
5.439549e+00
1.829807e+01
9.925974e+00
9.414726e+00
3.538325e+00
4.980444e-01
1.789081e-01
0.000000e+00
1.300000e-01
2.543019e+01
1.356664e+01
9.075701e+00
4.071383e+00
4.946608e-01
8.890622e-02
0.000000e+00
2.487420e+01
3.689434e+01
3.051910e+01
2.402228e+01
3.846678e+01
1.485908e+00
0.000000e+00
0.000000e+00
0.000000e+00
0.000000e+00
0.000000e+00
0.000000e+00
0.000000e+00
0.000000e+00
3.806556e-02
0.000000e+00
0.000000e+00
1.845483e-03
2.007175e-03
0.000000e+00
0.000000e+00
0.000000e+00
0.000000e+00
0.000000e+00
6.636000e-02
0.000000e+00
0.000000e+00
7.370543e-04
4.528512e-03
1.852605e-03
4.725401e-05
0.000000e+00
