4.597600e-02
3.036597e-01
0.000000e+00
2.558733e-02
2.677273e-02
0.000000e+00
2.179861e-03
0.000000e+00
0.000000e+00
0.000000e+00
2.470920e-01
0.000000e+00
0.000000e+00
1.453062e-02
0.000000e+00
6.233746e-04
2.974500e-02
0.000000e+00
1.239613e-02
5.428372e-03
2.325436e-05
3.688332e-04
5.529055e-04
2.974233e-04
7.813809e+00
1.228005e+01
1.426671e+01
5.958923e+00
1.522521e+00
7.700911e-01
5.134163e-02
5.655532e-02
7.800000e-02
2.537555e+01
7.537733e+00
7.294214e+00
2.425113e+00
3.344116e-01
8.212374e-02
7.263568e-02
2.408630e+01
2.615389e+01
0.000000e+00
1.409682e+01
9.704253e+00
5.410383e+00
2.997080e-01
1.079821e-01
0.000000e+00
0.000000e+00
1.535253e+00
0.000000e+00
0.000000e+00
0.000000e+00
0.000000e+00
0.000000e+00
0.000000e+00
2.241954e-02
9.400601e-03
1.894979e-02
7.013720e-03
0.000000e+00
0.000000e+00
0.000000e+00
6.006000e-02
0.000000e+00
0.000000e+00
0.000000e+00
0.000000e+00
1.537143e-03
3.017609e-04
3.895800e-05
