4.922000e-03
7.267571e-02
0.000000e+00
3.980718e-02
0.000000e+00
6.554853e-03
0.000000e+00
7.764052e-04
0.000000e+00
0.000000e+00
3.309239e-02
0.000000e+00
3.090061e-02
0.000000e+00
3.023125e-03
0.000000e+00
5.011600e-02
1.005498e-02
1.191801e-01
1.791708e-02
0.000000e+00
1.016238e-03
4.243822e-04
1.189996e-04
1.062996e+01
7.304658e+00
1.239758e+01
3.847695e+00
1.734120e+00
5.442356e-01
2.270842e-01
1.280901e-02
2.320000e-01
2.196131e+01
1.938840e+01
1.124342e+01
5.885482e-01
4.291435e-01
1.019345e-01
8.552053e-04
2.974870e+01
9.975276e+01
1.340172e+02
2.856570e+01
1.477259e+01
1.415305e+00
2.976603e-01
8.303488e-02
0.000000e+00
0.000000e+00
0.000000e+00
0.000000e+00
0.000000e+00
0.000000e+00
0.000000e+00
0.000000e+00
0.000000e+00
2.918397e-03
0.000000e+00
8.814987e-03
0.000000e+00
4.411349e-04
0.000000e+00
0.000000e+00
9.257000e-02
0.000000e+00
4.308875e-02
0.000000e+00
4.018269e-03
0.000000e+00
1.236763e-03
1.999240e-04
