9.175700e-02
0.000000e+00
0.000000e+00
2.137611e-02
0.000000e+00
6.156378e-03
0.000000e+00
0.000000e+00
0.000000e+00
9.384360e-03
8.164114e-02
0.000000e+00
8.922166e-03
0.000000e+00
6.644187e-04
5.225805e-04
4.170800e-02
0.000000e+00
3.165601e-02
0.000000e+00
6.174486e-03
8.392329e-04
6.077023e-04
9.354226e-05
8.805135e+00
1.520409e+01
1.504815e+01
6.948912e+00
3.470208e+00
3.703796e-01
1.641792e-01
1.012433e-01
1.250000e-01
2.627195e+01
1.402241e+01
7.871394e+00
2.578803e+00
3.196177e-01
2.342952e-01
7.544684e-02
2.483290e+01
3.825854e+01
2.657645e+01
2.068543e+01
1.172667e+01
1.076764e+00
4.507243e-01
2.630526e-01
0.000000e+00
0.000000e+00
0.000000e+00
0.000000e+00
0.000000e+00
0.000000e+00
0.000000e+00
0.000000e+00
0.000000e+00
0.000000e+00
0.000000e+00
0.000000e+00
0.000000e+00
0.000000e+00
0.000000e+00
0.000000e+00
1.040000e-01
1.780164e-02
1.289439e-02
1.449492e-02
1.594150e-02
2.939409e-03
2.153322e-04
2.883011e-04
