2.653640e-01
0.000000e+00
1.547545e-01
0.000000e+00
2.687225e-02
0.000000e+00
1.033347e-03
5.904360e-04
0.000000e+00
2.875491e-01
0.000000e+00
8.450192e-02
0.000000e+00
6.554269e-03
0.000000e+00
0.000000e+00
4.000100e-02
0.000000e+00
4.367017e-02
0.000000e+00
3.906141e-03
9.927801e-03
1.701161e-04
6.731060e-05
4.510869e+00
1.866216e+01
1.002561e+01
7.777935e+00
3.588315e+00
9.322210e-01
1.580338e-01
4.120088e-02
1.500000e-01
2.040029e+01
1.877734e+01
6.398768e+00
3.672699e+00
3.209413e-01
1.917299e-01
1.341419e-03
2.508830e+01
4.351153e+01
2.165571e+01
3.134757e+01
8.437976e+00
4.000412e+00
8.259460e-01
1.465939e-01
0.000000e+00
0.000000e+00
0.000000e+00
0.000000e+00
0.000000e+00
0.000000e+00
0.000000e+00
0.000000e+00
0.000000e+00
0.000000e+00
4.548969e-03
0.000000e+00
0.000000e+00
0.000000e+00
0.000000e+00
0.000000e+00
9.814000e-02
1.670486e-02
0.000000e+00
1.542513e-02
9.632376e-04
6.158299e-03
2.404964e-04
5.522523e-04
