4.707700e-01
0.000000e+00
1.535156e-01
0.000000e+00
0.000000e+00
9.934794e-03
0.000000e+00
3.569347e-03
0.000000e+00
3.964460e-01
0.000000e+00
8.059425e-02
1.586495e-02
0.000000e+00
4.475067e-03
0.000000e+00
4.124300e-02
1.144989e-01
1.726554e-02
6.287108e-02
1.214806e-02
0.000000e+00
2.203550e-03
0.000000e+00
4.766396e+00
1.572656e+01
7.276413e+00
5.546868e+00
1.991615e+00
8.428107e-01
4.796285e-01
9.153599e-02
2.470000e-01
6.644836e+00
5.828668e+00
4.092877e+00
2.950247e+00
9.816402e-01
5.040004e-01
8.213796e-02
2.652770e+01
1.214479e+02
1.064378e+01
2.478010e+00
3.810993e+00
1.991564e+00
7.837384e-01
0.000000e+00
0.000000e+00
0.000000e+00
0.000000e+00
0.000000e+00
0.000000e+00
0.000000e+00
0.000000e+00
2.811135e-01
6.930000e-02
5.739442e-04
3.156800e-02
0.000000e+00
2.967398e-04
0.000000e+00
0.000000e+00
2.908112e-04
0.000000e+00
0.000000e+00
0.000000e+00
9.548459e-03
0.000000e+00
1.064758e-03
1.480910e-05
0.000000e+00
