2.117570e-01
0.000000e+00
2.235671e-02
0.000000e+00
0.000000e+00
1.835488e-02
0.000000e+00
1.945055e-03
0.000000e+00
1.905683e-01
0.000000e+00
1.671710e-02
1.069274e-02
0.000000e+00
6.189710e-03
0.000000e+00
2.869700e-02
4.986580e-02
5.602108e-03
3.748272e-03
1.414018e-02
0.000000e+00
1.385591e-03
8.930753e-04
4.988916e+00
1.895890e+01
1.111812e+01
7.934700e+00
3.523612e+00
2.470201e-01
3.830267e-01
1.190599e-01
1.290000e-01
2.414619e+01
1.346634e+01
9.966351e+00
2.564861e+00
7.998982e-02
6.375909e-01
3.761623e-03
2.507210e+01
3.667770e+01
3.210653e+01
2.244962e+01
1.467149e+01
3.301544e+00
1.918147e+00
4.251033e-01
0.000000e+00
0.000000e+00
0.000000e+00
0.000000e+00
0.000000e+00
0.000000e+00
0.000000e+00
0.000000e+00
0.000000e+00
0.000000e+00
0.000000e+00
0.000000e+00
0.000000e+00
0.000000e+00
0.000000e+00
0.000000e+00
1.072400e-01
1.872950e-02
1.511380e-02
1.234911e-02
1.495317e-02
8.351862e-04
1.514232e-03
1.821039e-03
