2.059470e-01
0.000000e+00
0.000000e+00
1.837815e-02
0.000000e+00
0.000000e+00
1.999466e-03
0.000000e+00
0.000000e+00
5.805277e-02
3.946738e-02
0.000000e+00
5.568736e-03
2.896931e-03
0.000000e+00
3.583693e-04
0.000000e+00
0.000000e+00
1.158812e-02
0.000000e+00
1.056191e-02
2.606332e-03
1.164555e-04
4.992272e-05
4.201369e+00
1.752324e+01
1.254513e+01
7.255268e+00
3.498868e+00
9.577717e-01
8.159467e-02
2.882863e-02
7.480000e-01
2.565561e+00
1.709762e+01
9.483377e+00
2.856280e+00
7.497165e-01
5.521996e-02
1.997307e-02
2.620160e+01
7.331809e+01
4.286768e+01
1.887690e+01
6.302612e+00
2.732400e+00
4.149287e-01
1.373498e-01
0.000000e+00
0.000000e+00
0.000000e+00
0.000000e+00
0.000000e+00
0.000000e+00
0.000000e+00
0.000000e+00
0.000000e+00
1.302046e-02
0.000000e+00
0.000000e+00
0.000000e+00
0.000000e+00
0.000000e+00
0.000000e+00
1.063500e-01
0.000000e+00
1.536108e-03
2.273866e-02
6.747981e-03
3.725231e-03
6.879142e-04
1.764990e-04
