0.000000e+00
2.050191e-01
0.000000e+00
0.000000e+00
5.010466e-02
0.000000e+00
4.918990e-03
0.000000e+00
2.900100e-02
0.000000e+00
4.110691e-02
4.433588e-02
0.000000e+00
2.782688e-02
0.000000e+00
7.325407e-04
2.997400e-02
0.000000e+00
0.000000e+00
6.673505e-03
1.423296e-03
0.000000e+00
1.869713e-03
7.196649e-04
1.049030e+01
5.124073e+00
1.199398e+01
6.772262e+00
8.229403e-01
1.140848e+00
2.730395e-01
9.037884e-02
8.160000e-01
2.066708e+00
2.378551e+01
2.426945e+00
2.193535e+00
1.076436e+00
5.021696e-01
1.968227e-01
2.947100e+01
7.959423e+01
4.954435e+01
1.415054e+01
2.216525e+00
5.009594e+00
1.366652e+00
1.615052e+00
0.000000e+00
0.000000e+00
0.000000e+00
0.000000e+00
0.000000e+00
0.000000e+00
0.000000e+00
0.000000e+00
0.000000e+00
0.000000e+00
0.000000e+00
0.000000e+00
3.028335e-03
0.000000e+00
0.000000e+00
0.000000e+00
1.311500e-01
1.533485e-02
5.391568e-03
4.938436e-02
0.000000e+00
7.245496e-04
1.109431e-03
1.970959e-04
