1.699390e-01
0.000000e+00
0.000000e+00
3.739258e-02
0.000000e+00
0.000000e+00
2.356950e-03
0.000000e+00
0.000000e+00
4.500337e-02
3.746339e-02
0.000000e+00
1.601858e-02
3.780023e-03
0.000000e+00
0.000000e+00
3.409200e-02
0.000000e+00
6.220065e-02
0.000000e+00
3.764426e-03
8.326634e-03
1.014042e-03
0.000000e+00
6.504506e+00
1.646541e+01
1.269674e+01
6.773283e+00
3.727108e+00
9.171432e-01
9.143343e-02
0.000000e+00
1.050000e-01
2.203979e+01
1.882010e+01
6.863780e+00
3.937671e+00
1.934379e+00
1.317126e-03
0.000000e+00
2.333210e+01
3.623700e+01
2.198442e+01
4.241123e+00
0.000000e+00
5.980496e+00
2.251212e-01
0.000000e+00
0.000000e+00
0.000000e+00
0.000000e+00
0.000000e+00
5.506022e+00
0.000000e+00
0.000000e+00
0.000000e+00
0.000000e+00
8.483572e-03
1.192834e-02
9.136335e-03
0.000000e+00
0.000000e+00
2.526206e-04
0.000000e+00
5.894000e-02
0.000000e+00
0.000000e+00
0.000000e+00
1.580281e-04
1.714365e-03
0.000000e+00
0.000000e+00
