3.421100e-02
0.000000e+00
0.000000e+00
1.897966e-02
0.000000e+00
9.691371e-03
0.000000e+00
2.246852e-03
0.000000e+00
1.636930e-02
1.822677e-02
0.000000e+00
1.847237e-02
0.000000e+00
6.106020e-03
0.000000e+00
3.329900e-02
5.504596e-02
1.194828e-01
0.000000e+00
0.000000e+00
7.810013e-05
3.200389e-03
0.000000e+00
9.309367e+00
1.743541e+01
1.192397e+01
2.607653e+00
1.531394e+00
9.244343e-01
4.669077e-01
2.983492e-02
2.640000e-01
2.873534e+01
1.656553e+01
3.072758e+00
2.410764e+00
8.616973e-01
3.542978e-01
1.024839e-03
3.031860e+01
9.614958e+01
1.198484e+02
4.755605e+00
4.228618e+00
1.821652e+00
1.920124e+00
1.780902e-01
0.000000e+00
0.000000e+00
0.000000e+00
0.000000e+00
0.000000e+00
0.000000e+00
0.000000e+00
0.000000e+00
0.000000e+00
0.000000e+00
0.000000e+00
0.000000e+00
0.000000e+00
0.000000e+00
0.000000e+00
0.000000e+00
1.015700e-01
3.543165e-03
5.090290e-02
2.578047e-05
1.906290e-03
1.970718e-03
8.967481e-04
3.149329e-04
