2.224470e-01
0.000000e+00
0.000000e+00
4.881645e-02
0.000000e+00
1.126884e-02
0.000000e+00
0.000000e+00
0.000000e+00
1.213127e-01
2.763622e-02
0.000000e+00
4.520683e-02
0.000000e+00
0.000000e+00
0.000000e+00
0.000000e+00
1.590681e-01
0.000000e+00
0.000000e+00
4.076955e-02
0.000000e+00
0.000000e+00
0.000000e+00
4.684688e+00
1.774757e+01
1.423535e+01
8.026730e+00
4.103604e+00
1.595216e-01
0.000000e+00
0.000000e+00
2.020000e-01
1.699345e+01
2.041273e+01
1.357682e+01
2.236925e+00
6.678528e-03
0.000000e+00
0.000000e+00
2.451330e+01
4.847936e+01
3.369557e+01
8.573961e+01
4.856673e+00
8.979102e-01
0.000000e+00
0.000000e+00
0.000000e+00
0.000000e+00
0.000000e+00
0.000000e+00
0.000000e+00
0.000000e+00
0.000000e+00
0.000000e+00
0.000000e+00
5.338452e-03
1.903202e-02
6.566120e-03
4.659830e-04
0.000000e+00
0.000000e+00
0.000000e+00
5.789000e-02
0.000000e+00
0.000000e+00
0.000000e+00
0.000000e+00
7.663230e-04
0.000000e+00
0.000000e+00
