0.000000e+00
3.050051e-02
0.000000e+00
1.511844e-02
0.000000e+00
1.207726e-03
4.688597e-06
0.000000e+00
1.890000e-03
0.000000e+00
3.365942e-02
0.000000e+00
3.396845e-03
0.000000e+00
0.000000e+00
1.432268e-05
1.937000e-02
0.000000e+00
6.202259e-03
8.269342e-03
2.339442e-03
6.717502e-04
9.753550e-05
1.223197e-04
9.568546e+00
1.434437e+01
9.479394e+00
4.498042e+00
6.866407e-01
1.590772e-01
5.157079e-02
2.985495e-02
4.920000e-01
1.518074e+01
1.159916e+01
1.378975e+00
4.455212e-01
6.167815e-02
6.399276e-02
1.695592e-02
3.116630e+01
8.750282e+01
5.468473e+01
1.632031e+01
2.745640e+00
7.609910e-01
3.081437e-01
1.313180e-01
0.000000e+00
0.000000e+00
0.000000e+00
0.000000e+00
0.000000e+00
0.000000e+00
0.000000e+00
0.000000e+00
0.000000e+00
0.000000e+00
0.000000e+00
0.000000e+00
0.000000e+00
0.000000e+00
0.000000e+00
0.000000e+00
1.372900e-01
2.472530e-02
4.504513e-02
4.522129e-02
5.249709e-03
1.469090e-03
2.802217e-04
2.292128e-04
