2.491530e-01
0.000000e+00
1.706385e-01
0.000000e+00
1.733400e-02
5.596686e-03
0.000000e+00
0.000000e+00
0.000000e+00
3.480371e-01
0.000000e+00
8.356838e-02
0.000000e+00
0.000000e+00
7.625283e-04
0.000000e+00
4.950000e-04
9.917904e-02
4.016145e-02
0.000000e+00
2.130710e-02
0.000000e+00
1.328190e-03
0.000000e+00
3.906360e+00
1.812599e+01
1.097602e+01
8.602159e+00
3.700238e+00
1.238882e+00
3.260188e-01
0.000000e+00
1.810000e-01
2.280542e+01
1.724339e+01
8.785018e+00
3.964905e+00
7.100232e-01
5.163478e-01
0.000000e+00
2.548570e+01
4.922078e+01
2.488970e+01
3.461238e+01
1.236553e+01
2.414971e+00
7.492572e+00
0.000000e+00
0.000000e+00
0.000000e+00
0.000000e+00
0.000000e+00
0.000000e+00
0.000000e+00
0.000000e+00
0.000000e+00
0.000000e+00
0.000000e+00
7.356970e-03
0.000000e+00
0.000000e+00
0.000000e+00
0.000000e+00
0.000000e+00
8.207000e-02
1.353328e-02
0.000000e+00
6.249539e-03
4.871391e-03
3.256831e-03
2.411115e-04
0.000000e+00
