1.975110e-01
0.000000e+00
3.675674e-02
0.000000e+00
2.486822e-02
3.086892e-03
0.000000e+00
2.449136e-04
0.000000e+00
1.363331e-01
0.000000e+00
4.671670e-02
0.000000e+00
0.000000e+00
5.591817e-03
0.000000e+00
0.000000e+00
1.293439e-01
0.000000e+00
4.926553e-02
0.000000e+00
0.000000e+00
8.573672e-03
0.000000e+00
4.603919e+00
1.657372e+01
1.410976e+01
8.974551e+00
2.177359e+00
1.017828e+00
6.879811e-01
1.266159e-01
1.490000e-01
1.910112e+01
1.629214e+01
1.194688e+01
2.631944e+00
1.030107e+00
4.989633e-01
2.132587e-01
2.459470e+01
3.652134e+01
3.584234e+01
8.018648e+01
7.926470e+00
2.070208e+00
1.553534e-01
3.101682e-01
0.000000e+00
0.000000e+00
0.000000e+00
0.000000e+00
0.000000e+00
0.000000e+00
0.000000e+00
0.000000e+00
0.000000e+00
2.726363e-03
8.287832e-03
0.000000e+00
0.000000e+00
1.097283e-03
0.000000e+00
0.000000e+00
6.729000e-02
0.000000e+00
0.000000e+00
2.895591e-03
1.712266e-03
0.000000e+00
1.880859e-03
2.253838e-04
