4.512660e-01
0.000000e+00
2.058454e-01
0.000000e+00
0.000000e+00
3.290682e-03
0.000000e+00
1.807415e-03
0.000000e+00
4.296381e-01
0.000000e+00
1.169216e-01
7.565753e-03
0.000000e+00
1.702391e-03
0.000000e+00
5.029600e-02
1.374011e-02
0.000000e+00
4.716556e-02
0.000000e+00
2.423608e-03
1.873455e-03
0.000000e+00
5.102727e+00
1.682713e+01
6.422697e+00
5.978353e+00
2.021283e+00
9.880119e-01
2.568099e-01
1.937991e-02
2.220000e-01
7.261132e+00
5.810453e+00
5.707745e+00
1.843074e+00
1.152410e+00
7.102794e-02
1.186701e-03
2.717290e+01
1.225946e+02
1.240783e+01
7.627271e+00
6.467048e+00
3.304170e+00
1.521025e+00
1.468520e-01
0.000000e+00
0.000000e+00
0.000000e+00
0.000000e+00
0.000000e+00
0.000000e+00
0.000000e+00
0.000000e+00
4.467000e-02
0.000000e+00
2.518851e-02
0.000000e+00
0.000000e+00
0.000000e+00
0.000000e+00
0.000000e+00
0.000000e+00
1.545040e-02
0.000000e+00
1.481852e-02
8.983052e-04
1.773673e-03
1.522427e-03
2.405308e-04
