2.601260e-01
0.000000e+00
0.000000e+00
0.000000e+00
0.000000e+00
9.630089e-03
0.000000e+00
0.000000e+00
0.000000e+00
1.449594e-01
5.033075e-03
1.978474e-02
1.130770e-02
0.000000e+00
0.000000e+00
0.000000e+00
1.814200e-02
0.000000e+00
6.636032e-02
3.337932e-02
3.298178e-04
2.930965e-03
0.000000e+00
0.000000e+00
4.537326e+00
1.741573e+01
1.380648e+01
7.467160e+00
2.292522e+00
3.068852e-01
0.000000e+00
0.000000e+00
1.140000e-01
2.022030e+01
1.604056e+01
7.317402e+00
1.282642e+00
1.212582e-02
0.000000e+00
0.000000e+00
2.533270e+01
4.440914e+01
3.233826e+01
3.161132e+01
1.040145e+01
1.102707e+00
0.000000e+00
0.000000e+00
0.000000e+00
0.000000e+00
0.000000e+00
0.000000e+00
0.000000e+00
0.000000e+00
0.000000e+00
0.000000e+00
0.000000e+00
0.000000e+00
0.000000e+00
5.633984e-03
0.000000e+00
0.000000e+00
0.000000e+00
0.000000e+00
9.901000e-02
2.151032e-02
2.826481e-03
0.000000e+00
1.019792e-02
2.055273e-03
0.000000e+00
0.000000e+00
