1.326760e-01
0.000000e+00
1.381396e-02
2.130048e-02
0.000000e+00
4.593296e-03
0.000000e+00
9.840606e-04
0.000000e+00
1.137512e-01
0.000000e+00
0.000000e+00
1.900304e-02
0.000000e+00
1.831890e-03
0.000000e+00
1.121100e-02
3.949907e-02
0.000000e+00
0.000000e+00
7.923583e-03
2.538250e-04
8.197440e-04
0.000000e+00
7.040997e+00
1.767445e+01
8.325089e+00
2.679890e+00
1.739940e+00
2.596616e-01
1.750850e-01
7.596398e-02
2.320000e-01
2.451814e+01
9.130331e-01
4.847605e+00
3.993006e-01
3.220914e-01
2.260150e-01
7.753053e-02
2.983700e+01
8.478904e+01
4.532346e+01
1.028424e+01
6.769759e+00
6.776711e-01
4.523458e-01
1.965144e-01
0.000000e+00
0.000000e+00
0.000000e+00
0.000000e+00
0.000000e+00
0.000000e+00
0.000000e+00
0.000000e+00
0.000000e+00
1.044924e-02
0.000000e+00
4.011961e-03
0.000000e+00
0.000000e+00
0.000000e+00
0.000000e+00
8.249000e-02
0.000000e+00
4.244843e-02
0.000000e+00
9.782053e-03
2.699230e-05
2.197872e-04
2.039113e-04
