1.887280e-01
0.000000e+00
2.085602e-01
0.000000e+00
1.236841e-02
0.000000e+00
1.142135e-03
1.305097e-04
0.000000e+00
3.641945e-01
0.000000e+00
6.510603e-02
0.000000e+00
7.947327e-03
0.000000e+00
0.000000e+00
0.000000e+00
1.534708e-01
0.000000e+00
1.026794e-01
0.000000e+00
1.766427e-02
0.000000e+00
2.577724e-04
6.606137e+00
1.949421e+01
4.454375e+00
3.992526e+00
1.899380e+00
1.205703e+00
2.221129e-01
6.825583e-02
4.570000e-01
1.694367e+01
4.504076e+00
5.524657e+00
2.214009e+00
1.494686e+00
2.326892e-01
5.956167e-02
2.967800e+01
8.884099e+01
2.262217e+01
1.087648e+00
5.913259e+00
3.052744e+00
6.540086e-01
1.834843e-01
0.000000e+00
0.000000e+00
0.000000e+00
0.000000e+00
0.000000e+00
0.000000e+00
0.000000e+00
0.000000e+00
0.000000e+00
0.000000e+00
0.000000e+00
0.000000e+00
0.000000e+00
0.000000e+00
0.000000e+00
0.000000e+00
1.053400e-01
1.716081e-02
5.061024e-02
2.490088e-03
6.263500e-04
2.183317e-03
1.035305e-03
2.860945e-04
