1.193800e-01
0.000000e+00
6.844440e-02
0.000000e+00
0.000000e+00
1.235863e-03
1.168626e-03
0.000000e+00
0.000000e+00
1.747318e-01
0.000000e+00
1.957764e-02
1.373525e-03
0.000000e+00
0.000000e+00
0.000000e+00
4.112400e-02
0.000000e+00
4.103797e-02
7.743275e-03
6.065527e-03
4.403632e-03
1.098147e-04
0.000000e+00
7.148128e+00
1.893634e+01
8.783400e+00
5.901826e+00
1.929780e+00
7.199634e-01
5.275988e-02
0.000000e+00
6.680000e-01
9.525656e+00
1.230658e+01
5.313202e+00
1.899139e+00
7.119315e-01
1.056517e-03
0.000000e+00
2.957260e+01
8.329060e+01
3.800829e+01
1.683143e+01
4.840185e+00
1.750444e+00
1.964680e-01
0.000000e+00
0.000000e+00
0.000000e+00
0.000000e+00
0.000000e+00
0.000000e+00
0.000000e+00
0.000000e+00
0.000000e+00
0.000000e+00
0.000000e+00
0.000000e+00
0.000000e+00
0.000000e+00
0.000000e+00
0.000000e+00
0.000000e+00
1.241500e-01
1.905096e-02
3.910216e-02
2.190585e-02
8.671916e-03
2.836700e-03
8.814821e-04
0.000000e+00
