1.569350e-01
0.000000e+00
6.398289e-02
0.000000e+00
1.784111e-02
9.146775e-04
8.476765e-04
0.000000e+00
0.000000e+00
1.237173e-01
0.000000e+00
4.831617e-02
0.000000e+00
0.000000e+00
0.000000e+00
2.471241e-05
2.106900e-02
0.000000e+00
6.162129e-02
0.000000e+00
1.487606e-02
1.571502e-03
7.652180e-04
0.000000e+00
6.691633e+00
1.770677e+01
1.067473e+01
9.504314e+00
4.006084e+00
1.272977e+00
1.359443e-01
9.681800e-02
1.530000e-01
2.427930e+01
1.732042e+01
7.678862e+00
5.154662e+00
1.723917e+00
1.745137e-01
7.621903e-02
2.470740e+01
3.528049e+01
3.099370e+01
2.424624e+01
3.938672e+01
1.198815e+01
6.648125e-01
1.486162e-01
0.000000e+00
0.000000e+00
0.000000e+00
0.000000e+00
0.000000e+00
0.000000e+00
0.000000e+00
0.000000e+00
0.000000e+00
0.000000e+00
0.000000e+00
0.000000e+00
0.000000e+00
0.000000e+00
0.000000e+00
0.000000e+00
8.061000e-02
3.119788e-03
7.298423e-04
1.886386e-03
2.764451e-03
2.068287e-03
3.387691e-04
6.076880e-05
