2.214490e-01
0.000000e+00
9.435226e-02
0.000000e+00
3.754635e-02
0.000000e+00
0.000000e+00
4.593368e-03
0.000000e+00
2.442371e-01
0.000000e+00
7.363438e-02
0.000000e+00
2.016672e-03
4.424141e-03
0.000000e+00
0.000000e+00
1.065713e-01
0.000000e+00
3.676746e-02
0.000000e+00
2.838479e-03
3.800092e-03
0.000000e+00
5.160276e+00
1.835699e+01
1.099286e+01
8.243649e+00
2.806493e+00
1.721602e+00
9.223172e-01
2.131080e-01
1.400000e-01
2.181471e+01
1.432794e+01
1.108874e+01
5.860702e+00
1.849069e+00
1.235719e+00
3.956758e-01
2.402010e+01
3.880942e+01
2.762455e+01
1.759891e+01
9.458117e+00
3.919587e+00
2.242822e+00
7.905900e-01
0.000000e+00
0.000000e+00
0.000000e+00
0.000000e+00
0.000000e+00
0.000000e+00
0.000000e+00
0.000000e+00
0.000000e+00
0.000000e+00
0.000000e+00
0.000000e+00
0.000000e+00
0.000000e+00
0.000000e+00
0.000000e+00
1.011000e-01
1.565489e-02
1.003425e-02
1.444161e-02
8.875987e-03
2.882432e-03
1.629372e-03
1.211627e-03
