3.126400e-02
0.000000e+00
5.944848e-02
0.000000e+00
1.957495e-03
0.000000e+00
0.000000e+00
0.000000e+00
0.000000e+00
7.522901e-02
0.000000e+00
1.659681e-02
0.000000e+00
0.000000e+00
0.000000e+00
0.000000e+00
4.083400e-02
0.000000e+00
4.028245e-02
4.639455e-03
1.876370e-02
0.000000e+00
0.000000e+00
0.000000e+00
1.088922e+01
1.217825e+01
8.179484e+00
3.131955e+00
1.547321e+00
0.000000e+00
0.000000e+00
0.000000e+00
2.770000e-01
2.833744e+01
1.471253e+00
3.992663e+00
1.189551e+00
0.000000e+00
0.000000e+00
0.000000e+00
3.154290e+01
9.173389e+01
3.889390e+01
1.659998e+01
2.103088e+01
0.000000e+00
0.000000e+00
0.000000e+00
0.000000e+00
0.000000e+00
0.000000e+00
0.000000e+00
0.000000e+00
0.000000e+00
0.000000e+00
0.000000e+00
0.000000e+00
0.000000e+00
0.000000e+00
0.000000e+00
0.000000e+00
0.000000e+00
0.000000e+00
0.000000e+00
1.186300e-01
2.095456e-02
6.038257e-02
7.718367e-03
1.048441e-02
0.000000e+00
0.000000e+00
0.000000e+00
