9.993100e-02
0.000000e+00
4.025210e-02
2.413639e-03
1.249730e-02
0.000000e+00
3.046226e-03
0.000000e+00
0.000000e+00
1.700861e-01
0.000000e+00
0.000000e+00
0.000000e+00
1.101473e-02
0.000000e+00
7.477785e-04
0.000000e+00
1.141532e-01
0.000000e+00
0.000000e+00
2.200475e-03
2.332938e-03
0.000000e+00
2.798450e-04
1.026026e+01
1.459021e+01
9.948330e+00
2.377792e+00
8.508322e-01
6.223456e-01
2.141464e-01
6.368611e-02
4.180000e-01
2.494577e+01
6.969500e+00
3.767428e-01
1.128983e+00
5.282271e-01
1.476291e-01
3.999954e-02
3.162100e+01
9.517055e+01
3.912445e+01
9.296224e+00
1.360182e+00
9.977375e-01
7.638629e-01
2.378633e-01
0.000000e+00
0.000000e+00
0.000000e+00
0.000000e+00
0.000000e+00
0.000000e+00
0.000000e+00
0.000000e+00
0.000000e+00
0.000000e+00
0.000000e+00
0.000000e+00
1.903215e-03
0.000000e+00
0.000000e+00
0.000000e+00
1.061200e-01
1.431675e-02
5.234234e-02
1.301666e-02
0.000000e+00
7.727434e-04
1.669255e-04
3.871854e-04
