1.206820e-01
1.277865e-02
0.000000e+00
6.975194e-02
0.000000e+00
1.187955e-02
0.000000e+00
2.568444e-03
0.000000e+00
0.000000e+00
1.308977e-01
0.000000e+00
2.822322e-02
0.000000e+00
6.775626e-03
0.000000e+00
5.113100e-02
0.000000e+00
5.958354e-02
0.000000e+00
1.876939e-02
3.549534e-04
2.631348e-03
0.000000e+00
6.987836e+00
1.696493e+01
1.296709e+01
6.086037e+00
3.402478e+00
1.299708e+00
8.097734e-01
3.362726e-01
1.750000e-01
1.681028e+01
1.543848e+01
7.957286e+00
4.355569e+00
1.502271e+00
1.135827e+00
3.596454e-01
2.463880e+01
3.740988e+01
2.961057e+01
1.520286e+01
8.133974e+00
2.637909e+00
3.694842e+00
8.902505e-01
0.000000e+00
0.000000e+00
0.000000e+00
0.000000e+00
0.000000e+00
0.000000e+00
0.000000e+00
0.000000e+00
0.000000e+00
0.000000e+00
0.000000e+00
0.000000e+00
0.000000e+00
0.000000e+00
0.000000e+00
0.000000e+00
1.047200e-01
1.626639e-02
1.403082e-02
2.206376e-02
6.405276e-03
1.008636e-03
9.415113e-04
3.932495e-04
