1.929640e-01
0.000000e+00
2.084898e-01
0.000000e+00
2.235150e-02
0.000000e+00
1.366124e-03
0.000000e+00
0.000000e+00
4.091187e-01
0.000000e+00
8.665058e-02
0.000000e+00
2.912061e-03
0.000000e+00
0.000000e+00
7.006400e-02
6.181236e-02
0.000000e+00
1.866490e-02
8.787331e-03
4.682111e-04
3.350376e-04
0.000000e+00
6.108404e+00
2.090641e+01
4.141461e+00
6.647556e+00
2.642855e+00
7.465749e-01
5.064432e-02
0.000000e+00
5.600000e-01
1.180961e+01
6.938817e+00
9.276835e+00
1.628545e+00
6.914147e-01
9.730113e-04
0.000000e+00
2.987070e+01
8.049019e+01
3.777783e+01
2.163229e+01
7.403525e+00
1.742934e+00
1.951759e-01
0.000000e+00
0.000000e+00
0.000000e+00
0.000000e+00
0.000000e+00
0.000000e+00
0.000000e+00
0.000000e+00
0.000000e+00
0.000000e+00
0.000000e+00
0.000000e+00
0.000000e+00
0.000000e+00
0.000000e+00
0.000000e+00
0.000000e+00
1.269300e-01
1.888039e-02
3.891340e-02
1.626202e-02
1.989502e-02
2.740718e-03
8.536605e-04
0.000000e+00
