3.520830e-01
0.000000e+00
2.341133e-01
0.000000e+00
3.681851e-02
0.000000e+00
0.000000e+00
1.436384e-03
0.000000e+00
4.824741e-01
0.000000e+00
7.933279e-02
0.000000e+00
1.868902e-02
2.264170e-04
0.000000e+00
0.000000e+00
1.762671e-01
0.000000e+00
3.197020e-02
0.000000e+00
7.479605e-03
1.697725e-05
8.903939e-05
4.251937e+00
1.626260e+01
6.747009e+00
5.482998e+00
2.014530e+00
1.537928e+00
3.351851e-01
3.689002e-02
1.580000e-01
9.388164e+00
7.172163e+00
7.676527e+00
4.066086e+00
9.194283e-01
3.202796e-01
7.237011e-04
2.867390e+01
1.169429e+02
1.872629e+01
1.303770e+01
6.031516e+00
2.170203e+00
1.780774e+00
1.411102e-01
0.000000e+00
0.000000e+00
0.000000e+00
0.000000e+00
0.000000e+00
0.000000e+00
0.000000e+00
0.000000e+00
0.000000e+00
4.555327e-03
3.300290e-03
0.000000e+00
0.000000e+00
0.000000e+00
0.000000e+00
0.000000e+00
1.139000e-02
0.000000e+00
0.000000e+00
4.111332e-03
3.540577e-03
2.971850e-03
9.465400e-04
3.500269e-04
