1.841700e-01
0.000000e+00
1.646969e-01
0.000000e+00
8.360529e-03
4.466761e-03
0.000000e+00
3.709351e-03
0.000000e+00
3.627929e-01
0.000000e+00
4.837864e-02
0.000000e+00
0.000000e+00
5.309999e-03
0.000000e+00
3.543400e-02
1.251243e-02
1.230991e-02
1.079786e-02
3.284340e-03
1.333104e-03
1.358294e-03
2.643043e-05
6.623177e+00
1.995606e+01
6.079448e+00
3.898896e+00
1.739669e+00
8.402792e-01
4.398941e-01
1.220666e-01
4.610000e-01
1.798981e+01
3.602045e+00
5.171704e+00
2.200669e+00
1.197521e+00
5.358467e-01
1.013952e-01
3.023630e+01
8.962238e+01
2.365751e+01
8.081564e+00
4.413882e+00
1.965209e+00
1.028656e+00
4.499630e-01
0.000000e+00
0.000000e+00
0.000000e+00
0.000000e+00
0.000000e+00
0.000000e+00
0.000000e+00
0.000000e+00
0.000000e+00
0.000000e+00
0.000000e+00
0.000000e+00
0.000000e+00
0.000000e+00
0.000000e+00
0.000000e+00
1.171300e-01
1.892246e-02
5.922793e-02
4.464701e-03
6.599901e-03
2.044853e-03
8.189314e-04
8.168176e-04
