1.574830e-01
0.000000e+00
0.000000e+00
2.827418e-02
0.000000e+00
7.915558e-03
0.000000e+00
1.159109e-03
0.000000e+00
7.708021e-02
4.006563e-02
0.000000e+00
6.678693e-03
0.000000e+00
1.031036e-02
0.000000e+00
2.333200e-02
3.026932e-02
1.589223e-02
2.865203e-03
7.737815e-03
1.769939e-03
3.316133e-03
4.163411e-04
6.454083e+00
1.789868e+01
1.274203e+01
6.361260e+00
3.028477e+00
9.271196e-01
5.649820e-01
4.141850e-02
1.390000e-01
1.991761e+01
1.784707e+01
8.043148e+00
3.712447e+00
4.434726e-01
6.546013e-01
1.697881e-03
2.435530e+01
3.483018e+01
2.637106e+01
1.420482e+01
4.208815e+00
0.000000e+00
0.000000e+00
1.857813e-01
0.000000e+00
0.000000e+00
0.000000e+00
0.000000e+00
0.000000e+00
2.218807e+00
1.472783e+00
0.000000e+00
0.000000e+00
0.000000e+00
0.000000e+00
0.000000e+00
0.000000e+00
3.017903e-04
0.000000e+00
0.000000e+00
8.347000e-02
4.472165e-03
3.883196e-03
1.496063e-02
1.934154e-03
0.000000e+00
8.992597e-04
5.908322e-04
