1.504420e-01
0.000000e+00
0.000000e+00
2.674071e-02
0.000000e+00
4.659783e-03
2.198012e-03
0.000000e+00
0.000000e+00
4.428641e-02
4.967529e-02
0.000000e+00
2.141160e-02
0.000000e+00
0.000000e+00
0.000000e+00
1.489200e-02
4.995159e-02
0.000000e+00
1.676885e-02
2.228266e-02
1.745586e-03
0.000000e+00
0.000000e+00
6.674475e+00
1.683157e+01
1.260381e+01
7.350917e+00
3.725223e+00
6.153267e-01
2.493362e-02
0.000000e+00
1.170000e-01
2.609393e+01
1.587858e+01
6.829967e+00
3.728713e+00
1.135791e-01
1.002087e-03
0.000000e+00
2.353810e+01
3.348388e+01
2.934535e+01
1.406073e+01
1.187590e+01
4.070842e+00
1.644671e-01
0.000000e+00
0.000000e+00
0.000000e+00
0.000000e+00
0.000000e+00
0.000000e+00
0.000000e+00
0.000000e+00
0.000000e+00
0.000000e+00
0.000000e+00
0.000000e+00
0.000000e+00
0.000000e+00
0.000000e+00
3.952110e-05
0.000000e+00
9.348000e-02
8.192969e-03
7.054048e-03
5.282634e-03
6.845149e-03
4.502510e-03
0.000000e+00
0.000000e+00
