2.000890e-01
0.000000e+00
4.635525e-02
1.204270e-02
3.296739e-03
0.000000e+00
2.262128e-03
0.000000e+00
0.000000e+00
2.672089e-01
0.000000e+00
0.000000e+00
0.000000e+00
5.185414e-03
0.000000e+00
0.000000e+00
0.000000e+00
1.922676e-01
9.132558e-03
4.776462e-03
3.722106e-03
4.840784e-03
0.000000e+00
0.000000e+00
4.684688e+00
1.698976e+01
8.702691e+00
3.489582e+00
1.162701e+00
4.619839e-01
4.836730e-02
0.000000e+00
1.190000e-01
2.654155e+01
8.532237e+00
1.683864e+00
6.919533e-01
6.101079e-01
1.423412e-03
0.000000e+00
2.720200e+01
4.486532e+01
2.410556e+01
1.479826e+01
3.386195e+00
1.255605e+00
2.957040e-01
0.000000e+00
0.000000e+00
0.000000e+00
0.000000e+00
0.000000e+00
0.000000e+00
0.000000e+00
0.000000e+00
0.000000e+00
0.000000e+00
0.000000e+00
0.000000e+00
0.000000e+00
0.000000e+00
0.000000e+00
0.000000e+00
0.000000e+00
1.121300e-01
2.423773e-02
3.627050e-02
1.552102e-02
8.736291e-03
1.583546e-03
1.219141e-03
0.000000e+00
