5.512500e-02
0.000000e+00
4.545499e-02
0.000000e+00
2.536678e-02
1.639457e-05
1.655180e-04
0.000000e+00
0.000000e+00
4.964926e-02
0.000000e+00
5.633516e-02
0.000000e+00
0.000000e+00
0.000000e+00
0.000000e+00
7.798000e-03
6.555332e-03
7.600225e-03
3.522885e-02
3.116032e-03
0.000000e+00
1.096647e-04
0.000000e+00
1.016919e+01
1.215952e+01
1.175876e+01
5.457534e+00
1.092276e+00
1.444163e-01
4.786115e-02
0.000000e+00
4.780000e-01
1.984369e+01
7.889806e+00
4.129057e+00
3.190428e-01
1.387953e-01
1.276414e-03
0.000000e+00
3.150780e+01
8.420722e+01
5.197660e+01
3.066997e+01
5.242526e+00
8.057616e-01
1.288474e-01
0.000000e+00
0.000000e+00
0.000000e+00
0.000000e+00
0.000000e+00
0.000000e+00
0.000000e+00
0.000000e+00
0.000000e+00
0.000000e+00
0.000000e+00
0.000000e+00
0.000000e+00
0.000000e+00
0.000000e+00
0.000000e+00
0.000000e+00
1.272600e-01
2.254326e-02
3.502395e-02
3.339442e-02
1.121733e-02
1.340370e-03
5.314114e-04
0.000000e+00
