1.317570e-01
0.000000e+00
1.094262e-01
0.000000e+00
0.000000e+00
7.522731e-03
0.000000e+00
6.942571e-04
0.000000e+00
2.681060e-01
0.000000e+00
6.274452e-03
1.129673e-02
0.000000e+00
2.487859e-03
0.000000e+00
4.487900e-02
0.000000e+00
0.000000e+00
1.732030e-02
0.000000e+00
2.116138e-03
2.554623e-03
9.648213e-05
7.513070e+00
2.025724e+01
6.773442e+00
3.657569e+00
2.145600e+00
9.888675e-01
1.903861e-01
8.896304e-03
4.060000e-01
1.541049e+01
5.465898e+00
4.969928e+00
2.141524e+00
8.631075e-01
7.856708e-02
3.930186e-04
3.036370e+01
8.940541e+01
2.370696e+01
6.545554e+00
6.375546e+00
2.237812e+00
5.746329e-01
4.241444e-02
0.000000e+00
0.000000e+00
0.000000e+00
0.000000e+00
0.000000e+00
0.000000e+00
0.000000e+00
0.000000e+00
0.000000e+00
0.000000e+00
0.000000e+00
0.000000e+00
0.000000e+00
0.000000e+00
0.000000e+00
7.203763e-05
1.123500e-01
1.626723e-02
5.598286e-02
2.209301e-03
4.272693e-03
3.149678e-03
1.220878e-03
0.000000e+00
