0.000000e+00
1.609795e-01
0.000000e+00
2.301995e-03
2.634833e-03
2.088638e-03
1.679554e-05
0.000000e+00
7.956400e-02
0.000000e+00
8.781679e-02
0.000000e+00
0.000000e+00
0.000000e+00
0.000000e+00
4.415653e-04
2.492150e-01
0.000000e+00
2.410198e-01
0.000000e+00
1.755456e-02
0.000000e+00
0.000000e+00
1.343210e-04
1.532839e+01
8.664191e+00
1.069602e+01
2.517438e+00
1.281407e+00
1.936705e-01
9.506182e-02
5.517718e-02
2.750000e-01
2.759384e+01
1.179553e+00
4.788117e+00
2.364457e-01
1.441272e-01
1.350599e-01
5.167055e-02
2.989270e+01
8.261523e+01
5.167941e+01
1.371217e+01
5.181500e+00
6.038580e-01
1.909926e-01
1.635345e-01
0.000000e+00
0.000000e+00
0.000000e+00
0.000000e+00
0.000000e+00
0.000000e+00
0.000000e+00
0.000000e+00
0.000000e+00
0.000000e+00
0.000000e+00
0.000000e+00
0.000000e+00
0.000000e+00
0.000000e+00
0.000000e+00
1.235700e-01
1.054941e-02
6.692958e-02
2.614651e-03
1.405670e-02
1.587376e-03
8.900814e-05
1.774482e-04
