1.123290e-01
6.530730e-02
0.000000e+00
6.346998e-02
0.000000e+00
0.000000e+00
2.032051e-03
0.000000e+00
0.000000e+00
0.000000e+00
1.257951e-01
0.000000e+00
2.870695e-02
4.333934e-04
0.000000e+00
6.550639e-04
4.780000e-03
5.546017e-02
0.000000e+00
1.802168e-02
7.447110e-03
7.587465e-03
0.000000e+00
1.937347e-04
1.127379e+01
1.056993e+01
1.681604e+01
5.585274e+00
3.749565e+00
8.932310e-01
1.159334e-01
7.792018e-02
1.630000e-01
2.240333e+01
2.121082e+01
8.852722e+00
4.170899e+00
1.793680e+00
8.713833e-02
1.205306e-01
2.528500e+01
4.000437e+01
3.265300e+01
8.238358e+01
4.244284e+00
5.411756e+00
2.888127e-01
1.730092e-01
0.000000e+00
0.000000e+00
0.000000e+00
0.000000e+00
0.000000e+00
0.000000e+00
0.000000e+00
0.000000e+00
0.000000e+00
0.000000e+00
8.390099e-03
0.000000e+00
0.000000e+00
0.000000e+00
8.239285e-05
0.000000e+00
7.692000e-02
3.251857e-03
0.000000e+00
8.899940e-03
1.038234e-03
2.794166e-03
0.000000e+00
3.747749e-05
