9.669300e-02
0.000000e+00
1.219147e-01
0.000000e+00
2.533638e-02
2.956647e-05
2.317175e-05
0.000000e+00
0.000000e+00
2.189160e-01
0.000000e+00
6.632207e-02
0.000000e+00
0.000000e+00
0.000000e+00
0.000000e+00
5.005300e-02
4.887715e-02
0.000000e+00
3.707544e-02
4.960925e-03
0.000000e+00
8.625220e-05
0.000000e+00
1.159284e+01
1.589674e+01
1.034496e+01
5.249029e+00
1.897723e+00
1.494020e-01
5.383236e-02
0.000000e+00
4.160000e-01
2.383100e+01
5.357138e+00
5.995769e+00
3.365032e-01
1.454817e-01
1.359687e-03
0.000000e+00
3.086070e+01
7.826825e+01
4.968681e+01
3.429725e+01
6.853699e+00
8.340467e-01
1.363812e-01
0.000000e+00
0.000000e+00
0.000000e+00
0.000000e+00
0.000000e+00
0.000000e+00
0.000000e+00
0.000000e+00
0.000000e+00
0.000000e+00
0.000000e+00
0.000000e+00
0.000000e+00
0.000000e+00
0.000000e+00
0.000000e+00
0.000000e+00
1.321900e-01
2.372268e-02
3.356885e-02
2.587060e-02
1.793524e-02
1.393333e-03
5.562885e-04
0.000000e+00
