4.369520e-01
0.000000e+00
2.556767e-01
0.000000e+00
8.605369e-03
0.000000e+00
2.007076e-03
6.637754e-06
0.000000e+00
5.073980e-01
0.000000e+00
8.771316e-02
0.000000e+00
3.799260e-03
0.000000e+00
0.000000e+00
2.207500e-02
1.731831e-03
1.832825e-02
7.744088e-03
4.408223e-03
5.663886e-04
1.536950e-03
1.707823e-05
4.101440e+00
2.009107e+01
1.011671e+01
4.649132e+00
8.730767e-01
5.988842e-01
2.579758e-01
6.015316e-02
1.480000e-01
1.232955e+01
1.410048e+01
2.607718e+00
1.497442e+00
4.851879e-01
2.423254e-01
1.584920e-02
2.889440e+01
1.062068e+02
5.994627e+01
3.070016e+01
2.348726e+00
1.454295e+00
8.518608e-01
8.744344e-01
0.000000e+00
0.000000e+00
0.000000e+00
0.000000e+00
0.000000e+00
0.000000e+00
0.000000e+00
0.000000e+00
1.989000e-02
1.644019e-02
4.223027e-02
0.000000e+00
3.591304e-04
0.000000e+00
3.533034e-04
0.000000e+00
0.000000e+00
0.000000e+00
0.000000e+00
1.044643e-02
0.000000e+00
5.775337e-04
0.000000e+00
1.507008e-04
