1.795980e-01
0.000000e+00
6.879906e-03
0.000000e+00
2.506032e-02
0.000000e+00
0.000000e+00
0.000000e+00
0.000000e+00
1.014206e-01
0.000000e+00
2.337411e-02
0.000000e+00
2.733683e-03
2.510865e-03
0.000000e+00
0.000000e+00
7.087690e-02
4.876099e-02
1.841489e-02
1.471305e-03
2.138718e-03
3.375425e-04
0.000000e+00
6.521371e+00
1.596025e+01
1.383172e+01
7.032052e+00
3.426451e+00
8.486135e-01
1.778737e-01
0.000000e+00
1.310000e-01
2.560703e+01
1.485339e+01
8.192243e+00
3.207129e+00
6.794558e-01
8.921247e-02
0.000000e+00
2.472420e+01
3.748680e+01
2.503320e+01
1.837255e+01
5.545804e+00
0.000000e+00
0.000000e+00
0.000000e+00
0.000000e+00
0.000000e+00
0.000000e+00
0.000000e+00
0.000000e+00
3.250951e+00
4.728814e-02
0.000000e+00
0.000000e+00
8.439998e-03
1.056992e-02
2.012378e-03
3.779264e-03
0.000000e+00
1.084015e-06
0.000000e+00
5.324000e-02
0.000000e+00
0.000000e+00
0.000000e+00
0.000000e+00
1.989529e-03
0.000000e+00
0.000000e+00
