1.064470e-01
1.151451e-02
0.000000e+00
0.000000e+00
2.249405e-02
0.000000e+00
2.319177e-03
0.000000e+00
0.000000e+00
0.000000e+00
1.258412e-02
4.048459e-02
0.000000e+00
7.945851e-03
0.000000e+00
0.000000e+00
1.457890e-01
0.000000e+00
0.000000e+00
7.300736e-02
1.600756e-03
1.630410e-03
1.074456e-04
0.000000e+00
1.500247e+01
8.684123e+00
1.658884e+01
9.211414e+00
3.615574e+00
6.023166e-01
2.898309e-02
0.000000e+00
1.430000e-01
2.498978e+01
1.660521e+01
1.881413e+01
2.706353e+00
2.499283e-01
1.254612e-03
0.000000e+00
2.483050e+01
4.227888e+01
4.176674e+01
2.216535e+02
7.415073e+00
1.932811e+00
1.388877e-01
0.000000e+00
0.000000e+00
0.000000e+00
0.000000e+00
0.000000e+00
0.000000e+00
0.000000e+00
0.000000e+00
0.000000e+00
0.000000e+00
0.000000e+00
1.007578e-02
0.000000e+00
0.000000e+00
0.000000e+00
2.914122e-04
0.000000e+00
8.283000e-02
6.072710e-03
0.000000e+00
1.162943e-03
8.043380e-03
3.269386e-03
0.000000e+00
0.000000e+00
