4.132100e-01
0.000000e+00
0.000000e+00
4.795819e-02
0.000000e+00
2.499050e-02
0.000000e+00
0.000000e+00
0.000000e+00
2.979123e-01
1.969194e-04
0.000000e+00
4.217154e-02
0.000000e+00
6.154024e-03
7.479514e-04
2.945900e-02
1.938853e-02
3.650806e-02
0.000000e+00
1.468435e-02
0.000000e+00
3.533354e-03
2.504730e-03
5.995983e+00
1.728128e+01
9.475088e+00
4.587444e+00
3.686810e+00
1.415773e+00
7.629555e-01
2.419408e-01
9.000000e-02
6.126952e+00
8.221298e+00
1.167690e+01
4.306438e+00
1.946783e+00
6.935326e-01
1.682683e-01
2.467730e+01
1.586117e+02
1.312461e+01
1.458953e+01
4.521245e+00
2.912190e+00
0.000000e+00
0.000000e+00
0.000000e+00
0.000000e+00
0.000000e+00
0.000000e+00
0.000000e+00
0.000000e+00
2.074242e+00
1.005678e+00
3.194000e-02
0.000000e+00
1.313449e-02
0.000000e+00
0.000000e+00
0.000000e+00
0.000000e+00
0.000000e+00
0.000000e+00
2.004485e-02
0.000000e+00
1.720894e-03
4.335493e-03
9.063861e-04
5.270342e-04
1.525849e-04
