5.621600e-02
8.081624e-02
0.000000e+00
1.794016e-02
8.385973e-04
0.000000e+00
3.717866e-03
0.000000e+00
0.000000e+00
0.000000e+00
6.062047e-02
0.000000e+00
0.000000e+00
7.500156e-03
0.000000e+00
1.273078e-03
3.673900e-02
1.643129e-02
0.000000e+00
0.000000e+00
4.041129e-03
0.000000e+00
1.408302e-03
1.218748e-03
8.539774e+00
1.399797e+01
9.591521e+00
1.833780e+00
1.553480e+00
1.045607e+00
4.270848e-01
8.928270e-02
2.260000e-01
2.347866e+01
1.010317e+00
3.765819e+00
2.121554e+00
9.946810e-01
3.641313e-01
3.265527e-02
2.829130e+01
7.839778e+01
6.191816e+01
3.779077e+00
3.881706e+00
2.799170e+00
1.136197e+00
3.125181e-01
0.000000e+00
0.000000e+00
0.000000e+00
0.000000e+00
0.000000e+00
0.000000e+00
0.000000e+00
0.000000e+00
0.000000e+00
1.379889e-02
0.000000e+00
1.751441e-03
0.000000e+00
0.000000e+00
0.000000e+00
0.000000e+00
1.012200e-01
0.000000e+00
5.766205e-02
0.000000e+00
1.536753e-03
1.619252e-03
1.367073e-03
5.289886e-04
