2.069190e-01
0.000000e+00
0.000000e+00
1.959689e-02
1.049120e-02
0.000000e+00
0.000000e+00
2.205934e-03
0.000000e+00
1.431303e-01
5.627211e-02
0.000000e+00
0.000000e+00
2.340321e-03
7.047526e-05
0.000000e+00
0.000000e+00
1.472118e-01
0.000000e+00
9.027008e-02
0.000000e+00
2.944573e-02
0.000000e+00
1.520134e-03
4.793841e+00
1.893681e+01
1.229816e+01
6.903194e+00
2.179011e+00
1.334849e+00
6.267998e-01
8.702586e-02
1.500000e-01
1.815882e+01
1.545395e+01
5.938807e+00
6.489205e+00
6.310199e-01
9.513693e-01
3.571394e-03
2.455270e+01
3.594767e+01
3.450358e+01
1.453243e+01
1.321167e+01
1.188066e+00
1.659133e+00
3.625101e-01
0.000000e+00
0.000000e+00
0.000000e+00
0.000000e+00
0.000000e+00
0.000000e+00
0.000000e+00
0.000000e+00
0.000000e+00
0.000000e+00
0.000000e+00
0.000000e+00
0.000000e+00
0.000000e+00
1.364648e-04
0.000000e+00
1.015400e-01
1.263797e-02
1.407266e-02
1.661477e-02
1.419913e-03
1.775169e-03
0.000000e+00
1.310643e-03
