2.087940e-01
0.000000e+00
1.184142e-01
8.488105e-03
0.000000e+00
6.353542e-03
6.595694e-04
0.000000e+00
0.000000e+00
3.719413e-01
0.000000e+00
0.000000e+00
1.382151e-02
0.000000e+00
0.000000e+00
1.751906e-03
4.693600e-02
0.000000e+00
8.209223e-02
0.000000e+00
4.445007e-02
0.000000e+00
3.909401e-03
0.000000e+00
5.837785e+00
2.121647e+01
6.966646e+00
2.880236e+00
2.143148e+00
5.231048e-01
4.159185e-01
2.330996e-01
3.690000e-01
1.718085e+01
3.843208e+00
5.527305e+00
1.505484e+00
1.914168e+00
3.460731e-01
2.078888e-01
2.973320e+01
9.003224e+01
2.419887e+01
6.714752e+00
2.133656e+00
2.218196e+00
7.755639e-01
1.227958e+00
0.000000e+00
0.000000e+00
0.000000e+00
0.000000e+00
0.000000e+00
0.000000e+00
0.000000e+00
0.000000e+00
0.000000e+00
0.000000e+00
0.000000e+00
0.000000e+00
0.000000e+00
0.000000e+00
0.000000e+00
0.000000e+00
9.962000e-02
1.030559e-02
4.899593e-02
1.682884e-04
4.781326e-03
4.461155e-04
3.887866e-04
5.551711e-04
