4.049000e-02
0.000000e+00
8.466371e-02
0.000000e+00
3.220438e-02
0.000000e+00
0.000000e+00
0.000000e+00
0.000000e+00
1.266519e-02
0.000000e+00
8.640221e-02
0.000000e+00
0.000000e+00
0.000000e+00
0.000000e+00
5.342900e-02
0.000000e+00
1.020837e-02
4.260201e-02
4.081659e-03
0.000000e+00
0.000000e+00
0.000000e+00
1.044402e+01
1.071915e+01
9.711899e+00
5.695683e+00
9.739585e-01
0.000000e+00
0.000000e+00
0.000000e+00
4.510000e-01
1.632348e+01
7.159561e+00
4.958038e+00
3.226925e-02
0.000000e+00
0.000000e+00
0.000000e+00
3.082730e+01
8.363781e+01
5.147709e+01
3.122347e+01
4.087566e+00
0.000000e+00
0.000000e+00
0.000000e+00
0.000000e+00
0.000000e+00
0.000000e+00
0.000000e+00
0.000000e+00
0.000000e+00
0.000000e+00
0.000000e+00
0.000000e+00
0.000000e+00
0.000000e+00
0.000000e+00
0.000000e+00
0.000000e+00
0.000000e+00
0.000000e+00
1.369500e-01
2.461894e-02
3.647046e-02
3.407965e-02
1.230375e-02
0.000000e+00
0.000000e+00
0.000000e+00
