4.501200e-01
0.000000e+00
1.947294e-01
0.000000e+00
4.664364e-03
1.048119e-03
0.000000e+00
6.230995e-04
0.000000e+00
4.115211e-01
0.000000e+00
1.142640e-01
0.000000e+00
0.000000e+00
6.072878e-04
0.000000e+00
2.460200e-02
2.480140e-02
0.000000e+00
3.398465e-02
0.000000e+00
6.808535e-03
2.536716e-04
0.000000e+00
5.379938e+00
1.603803e+01
6.468976e+00
6.811313e+00
1.933625e+00
9.878469e-01
1.585520e-01
3.537405e-02
2.180000e-01
7.881505e+00
4.901644e+00
6.311035e+00
4.757595e+00
1.075528e+00
1.846803e-02
5.965082e-02
2.684580e+01
1.241179e+02
1.383532e+01
4.101852e+00
1.434652e+01
2.059910e+00
1.481677e+00
2.629026e-01
0.000000e+00
0.000000e+00
0.000000e+00
0.000000e+00
0.000000e+00
0.000000e+00
0.000000e+00
0.000000e+00
5.881000e-02
0.000000e+00
2.927617e-02
0.000000e+00
1.413261e-04
0.000000e+00
0.000000e+00
6.249902e-05
0.000000e+00
6.186846e-03
0.000000e+00
1.122202e-02
0.000000e+00
5.426286e-04
5.843678e-04
0.000000e+00
