1.680610e-01
0.000000e+00
1.523987e-01
0.000000e+00
1.215215e-02
0.000000e+00
1.380006e-03
0.000000e+00
0.000000e+00
2.991934e-01
0.000000e+00
2.970670e-02
0.000000e+00
9.186020e-03
0.000000e+00
5.229742e-04
0.000000e+00
9.591002e-02
0.000000e+00
0.000000e+00
4.778372e-03
4.819264e-03
0.000000e+00
3.039161e-04
8.359221e+00
1.629023e+01
7.842408e+00
2.721011e+00
8.007099e-01
5.161055e-01
1.263345e-01
6.438561e-02
2.990000e-01
2.010214e+01
4.086807e+00
6.121678e-01
2.193033e+00
1.431800e-01
1.060291e-01
4.683509e-02
3.095010e+01
9.169884e+01
3.685674e+01
1.927312e+01
7.692000e+00
4.994438e+00
6.198649e-01
3.148603e-01
0.000000e+00
0.000000e+00
0.000000e+00
0.000000e+00
0.000000e+00
0.000000e+00
0.000000e+00
0.000000e+00
0.000000e+00
0.000000e+00
0.000000e+00
0.000000e+00
2.095578e-03
0.000000e+00
0.000000e+00
0.000000e+00
1.115900e-01
1.799423e-02
4.688019e-02
1.733211e-02
0.000000e+00
1.589830e-03
6.230618e-05
4.441080e-04
