9.392200e-02
0.000000e+00
8.992785e-02
0.000000e+00
4.707558e-04
0.000000e+00
2.183862e-04
0.000000e+00
0.000000e+00
2.042409e-01
0.000000e+00
8.078087e-03
0.000000e+00
1.481418e-04
0.000000e+00
4.168710e-04
0.000000e+00
6.800637e-02
0.000000e+00
4.329457e-03
4.442314e-03
1.378835e-03
2.189256e-05
7.408612e-05
9.075936e+00
1.589337e+01
7.046498e+00
2.247736e+00
8.559464e-01
2.600646e-01
1.293358e-01
5.941901e-02
3.190000e-01
2.446112e+01
4.355245e+00
1.050405e+00
5.805755e-01
5.834965e-01
3.468406e-01
1.211618e-01
3.153400e+01
9.271514e+01
4.007411e+01
1.090500e+01
3.075620e+00
2.714455e+00
6.436094e-01
7.171582e-01
0.000000e+00
0.000000e+00
0.000000e+00
0.000000e+00
0.000000e+00
0.000000e+00
0.000000e+00
0.000000e+00
0.000000e+00
0.000000e+00
0.000000e+00
0.000000e+00
0.000000e+00
0.000000e+00
1.763763e-04
0.000000e+00
1.211500e-01
2.152695e-02
6.251071e-02
1.745739e-02
3.952822e-03
1.107743e-03
0.000000e+00
1.101994e-04
