2.485890e-01
0.000000e+00
3.095481e-02
1.574728e-03
0.000000e+00
0.000000e+00
1.355184e-03
0.000000e+00
0.000000e+00
2.027103e-01
0.000000e+00
0.000000e+00
1.104700e-02
2.845673e-04
0.000000e+00
2.072821e-04
3.876200e-02
0.000000e+00
6.261640e-02
0.000000e+00
0.000000e+00
9.867690e-03
2.551930e-04
0.000000e+00
4.904677e+00
1.858824e+01
1.306762e+01
5.145518e+00
4.082014e+00
1.183974e+00
1.261392e-01
7.461339e-02
1.520000e-01
1.989787e+01
2.052208e+01
5.848302e+00
5.443758e+00
1.811528e+00
8.341422e-02
1.170891e-01
2.518600e+01
4.325001e+01
2.222351e+01
3.295546e+01
7.581127e+00
6.763560e+00
3.202732e-01
1.692924e-01
0.000000e+00
0.000000e+00
0.000000e+00
0.000000e+00
0.000000e+00
0.000000e+00
0.000000e+00
0.000000e+00
0.000000e+00
0.000000e+00
3.526599e-03
0.000000e+00
0.000000e+00
0.000000e+00
0.000000e+00
0.000000e+00
9.927000e-02
1.713687e-02
0.000000e+00
1.492947e-02
1.751053e-03
6.062499e-03
4.549199e-06
3.050699e-05
