1.617460e-01
0.000000e+00
1.751731e-01
0.000000e+00
2.886254e-02
0.000000e+00
3.193117e-03
0.000000e+00
0.000000e+00
3.155872e-01
0.000000e+00
6.091393e-02
0.000000e+00
8.054181e-03
0.000000e+00
2.366817e-03
2.164500e-02
0.000000e+00
1.062104e-02
3.454372e-03
2.651747e-03
0.000000e+00
1.285774e-03
2.464104e-04
9.033918e+00
1.547895e+01
6.544775e+00
3.149812e+00
9.921227e-01
3.911455e-01
2.189976e-01
1.645449e-01
3.110000e-01
2.747896e+01
1.703736e+00
2.857258e+00
8.678499e-01
3.368128e-01
3.602497e-01
1.617886e-01
3.102550e+01
8.956705e+01
3.700985e+01
1.515879e+01
3.086151e+00
1.367764e+00
5.819884e-01
1.015574e+00
0.000000e+00
0.000000e+00
0.000000e+00
0.000000e+00
0.000000e+00
0.000000e+00
0.000000e+00
0.000000e+00
0.000000e+00
0.000000e+00
0.000000e+00
0.000000e+00
0.000000e+00
0.000000e+00
3.535420e-04
0.000000e+00
1.140600e-01
1.802673e-02
5.197666e-02
9.329996e-03
5.749570e-03
4.770713e-04
0.000000e+00
1.796567e-04
