1.863910e-01
0.000000e+00
5.555824e-03
3.278378e-03
0.000000e+00
1.466784e-02
0.000000e+00
5.046242e-05
0.000000e+00
1.085426e-01
0.000000e+00
0.000000e+00
2.709135e-02
0.000000e+00
7.868246e-05
0.000000e+00
2.267000e-03
0.000000e+00
1.295194e-02
2.099307e-03
1.169626e-02
7.305871e-04
3.278941e-04
2.464020e-04
5.484545e+00
1.791262e+01
8.904727e+00
8.175613e+00
4.039681e+00
7.814533e-01
2.857852e-01
7.193827e-02
1.500000e-01
3.001759e+01
1.444570e+01
8.645422e+00
3.816712e+00
6.758766e-01
2.307512e-01
5.286871e-02
2.511770e+01
3.401028e+01
3.184209e+01
1.524714e+01
1.595766e+01
3.533445e+00
9.423411e-01
2.434079e-01
0.000000e+00
0.000000e+00
0.000000e+00
0.000000e+00
0.000000e+00
0.000000e+00
0.000000e+00
0.000000e+00
0.000000e+00
0.000000e+00
0.000000e+00
0.000000e+00
0.000000e+00
0.000000e+00
0.000000e+00
0.000000e+00
1.062300e-01
1.567628e-02
1.446007e-02
1.077168e-02
8.945994e-03
4.453658e-03
1.754949e-03
5.229609e-04
