1.350510e-01
0.000000e+00
1.748930e-01
0.000000e+00
1.084216e-02
0.000000e+00
0.000000e+00
2.389030e-04
0.000000e+00
3.303786e-01
0.000000e+00
2.745028e-02
0.000000e+00
7.186662e-03
5.365283e-05
0.000000e+00
6.035700e-02
0.000000e+00
2.303628e-02
1.156031e-02
0.000000e+00
7.033007e-03
0.000000e+00
1.752777e-04
9.481625e+00
1.759152e+01
6.504438e+00
2.457859e+00
5.336249e-01
4.720291e-01
1.446801e-01
8.881496e-02
3.480000e-01
2.021586e+01
4.969503e+00
5.483095e-01
3.950273e-01
3.652416e-01
1.933303e-01
8.900693e-02
3.139150e+01
9.329973e+01
3.486586e+01
1.195978e+01
6.622024e-01
0.000000e+00
3.347113e-01
1.897259e-01
0.000000e+00
0.000000e+00
0.000000e+00
0.000000e+00
0.000000e+00
1.234560e-02
0.000000e+00
0.000000e+00
0.000000e+00
0.000000e+00
0.000000e+00
0.000000e+00
1.587569e-03
0.000000e+00
0.000000e+00
0.000000e+00
1.122200e-01
2.036308e-02
5.363895e-02
1.818283e-02
0.000000e+00
1.099583e-03
7.283574e-05
6.788091e-05
