6.576900e-02
1.462926e-01
3.454508e-02
0.000000e+00
1.987859e-02
0.000000e+00
4.557042e-03
0.000000e+00
0.000000e+00
0.000000e+00
0.000000e+00
1.038466e-01
0.000000e+00
1.135419e-02
0.000000e+00
1.362620e-03
1.196380e-01
0.000000e+00
6.155916e-02
3.224126e-02
0.000000e+00
3.537879e-04
1.554639e-03
3.037826e-05
7.094428e+00
1.714250e+01
1.008056e+01
8.433387e+00
3.421351e-01
8.453514e-01
2.928603e-01
2.582011e-01
1.129000e+00
1.803992e+00
1.824284e+01
5.212171e+00
1.120280e+00
1.124662e+00
4.715157e-01
1.817769e-01
2.753410e+01
6.509326e+01
0.000000e+00
0.000000e+00
2.169037e+00
1.678263e+00
1.817773e+00
3.446807e-01
0.000000e+00
0.000000e+00
1.134134e+01
2.901328e+01
0.000000e+00
0.000000e+00
0.000000e+00
0.000000e+00
0.000000e+00
5.837484e-02
1.814736e-02
7.127812e-03
8.455357e-04
2.992351e-04
0.000000e+00
0.000000e+00
1.053000e-02
0.000000e+00
0.000000e+00
0.000000e+00
0.000000e+00
0.000000e+00
5.023496e-04
9.289165e-06
