2.069300e-02
6.655799e-02
0.000000e+00
3.001806e-02
0.000000e+00
1.300290e-02
0.000000e+00
2.189300e-03
0.000000e+00
0.000000e+00
4.004003e-02
0.000000e+00
2.197235e-02
0.000000e+00
8.377362e-03
0.000000e+00
2.240000e-02
0.000000e+00
2.156847e-04
4.424298e-03
0.000000e+00
1.074989e-03
7.963961e-04
0.000000e+00
9.416782e+00
1.426267e+01
8.776519e+00
2.051436e+00
1.916274e+00
8.161930e-01
5.514882e-01
1.109010e-01
2.600000e-01
2.419622e+01
1.247362e+00
3.807327e+00
1.832914e+00
1.028966e+00
4.245898e-01
2.228035e-01
2.860250e+01
8.016252e+01
6.123339e+01
3.938308e+00
4.835566e+00
1.986283e+00
2.123372e+00
4.411195e-01
0.000000e+00
0.000000e+00
0.000000e+00
0.000000e+00
0.000000e+00
0.000000e+00
0.000000e+00
0.000000e+00
0.000000e+00
2.302902e-02
0.000000e+00
3.495995e-03
0.000000e+00
0.000000e+00
0.000000e+00
0.000000e+00
8.487000e-02
0.000000e+00
4.368778e-02
0.000000e+00
8.377300e-04
4.502710e-04
9.204021e-04
4.176788e-04
