3.493630e-01
0.000000e+00
1.795712e-01
0.000000e+00
1.823691e-02
0.000000e+00
0.000000e+00
2.449821e-03
0.000000e+00
4.591688e-01
0.000000e+00
6.297199e-02
0.000000e+00
9.647626e-04
4.319027e-03
0.000000e+00
1.411900e-02
7.465807e-02
7.238008e-03
1.705061e-02
0.000000e+00
3.184242e-03
2.341658e-03
2.020825e-04
4.862916e+00
1.692737e+01
7.602637e+00
5.641085e+00
2.401654e+00
1.428072e+00
6.665434e-01
4.956528e-02
2.390000e-01
1.076785e+01
6.282090e+00
8.426128e+00
2.786320e+00
1.823175e+00
3.527500e-01
1.955806e-03
2.999400e+01
1.247092e+02
2.250476e+01
1.249521e+01
7.687929e+00
4.107108e+00
3.190317e+00
2.228624e-01
0.000000e+00
0.000000e+00
0.000000e+00
0.000000e+00
0.000000e+00
0.000000e+00
0.000000e+00
0.000000e+00
0.000000e+00
0.000000e+00
0.000000e+00
0.000000e+00
0.000000e+00
0.000000e+00
0.000000e+00
0.000000e+00
4.551000e-02
1.291254e-02
1.480717e-02
5.450151e-03
6.451105e-03
1.538536e-03
2.727282e-03
2.867512e-04
