2.386040e-01
0.000000e+00
1.144975e-01
0.000000e+00
2.889073e-02
4.357427e-03
0.000000e+00
2.657019e-03
0.000000e+00
2.800215e-01
0.000000e+00
8.372983e-02
0.000000e+00
0.000000e+00
3.476393e-03
0.000000e+00
3.591000e-03
6.291812e-02
0.000000e+00
2.250193e-02
4.237801e-03
5.607056e-04
1.002132e-03
0.000000e+00
4.946677e+00
1.932228e+01
1.192157e+01
7.691057e+00
3.071200e+00
7.550420e-01
3.423357e-01
1.060724e-01
1.510000e-01
2.402990e+01
1.830499e+01
5.896169e+00
3.626948e+00
9.168330e-01
3.571224e-01
1.151452e-01
2.555710e+01
4.461914e+01
2.513533e+01
2.672025e+01
8.149174e+00
1.857359e+00
9.405498e-01
2.563095e-01
0.000000e+00
0.000000e+00
0.000000e+00
0.000000e+00
0.000000e+00
0.000000e+00
0.000000e+00
0.000000e+00
0.000000e+00
0.000000e+00
0.000000e+00
0.000000e+00
0.000000e+00
0.000000e+00
0.000000e+00
0.000000e+00
1.082300e-01
2.298947e-02
7.463528e-03
1.809298e-02
9.193366e-03
3.587429e-03
1.156900e-03
3.745297e-04
