2.141120e-01
0.000000e+00
0.000000e+00
0.000000e+00
0.000000e+00
0.000000e+00
0.000000e+00
0.000000e+00
0.000000e+00
9.096006e-02
3.805561e-03
1.122166e-02
7.997785e-04
1.004140e-03
0.000000e+00
0.000000e+00
0.000000e+00
7.525822e-02
0.000000e+00
6.992643e-02
0.000000e+00
3.247260e-03
0.000000e+00
0.000000e+00
4.264642e+00
1.411114e+01
1.533931e+01
8.927822e+00
3.657025e+00
4.063400e-01
0.000000e+00
0.000000e+00
1.570000e-01
1.866518e+01
1.816052e+01
1.161274e+01
2.952358e+00
8.225427e-02
0.000000e+00
0.000000e+00
2.522170e+01
4.776945e+01
3.510550e+01
8.826205e+01
1.205148e+01
1.774760e+00
0.000000e+00
0.000000e+00
0.000000e+00
0.000000e+00
0.000000e+00
0.000000e+00
0.000000e+00
0.000000e+00
0.000000e+00
0.000000e+00
0.000000e+00
6.442333e-03
1.991241e-02
6.659624e-03
2.253797e-03
0.000000e+00
0.000000e+00
0.000000e+00
5.433000e-02
0.000000e+00
0.000000e+00
0.000000e+00
0.000000e+00
2.666232e-03
0.000000e+00
0.000000e+00
