7.283400e-02
0.000000e+00
5.461461e-02
0.000000e+00
9.916851e-03
0.000000e+00
4.151969e-03
0.000000e+00
0.000000e+00
9.820724e-02
0.000000e+00
2.721473e-02
0.000000e+00
9.622424e-03
0.000000e+00
0.000000e+00
5.845100e-02
0.000000e+00
3.315065e-02
1.946303e-02
0.000000e+00
6.349385e-03
1.232200e-04
0.000000e+00
1.001112e+01
1.510123e+01
9.612597e+00
3.666919e+00
2.091465e+00
1.021668e+00
7.037854e-02
0.000000e+00
4.560000e-01
1.576603e+01
5.554583e+00
4.589551e+00
2.358755e+00
8.613137e-01
2.169006e-03
0.000000e+00
3.011430e+01
8.944366e+01
2.302685e+01
9.128820e+00
5.669896e+00
4.653485e+00
3.645241e-01
0.000000e+00
0.000000e+00
0.000000e+00
0.000000e+00
0.000000e+00
0.000000e+00
0.000000e+00
0.000000e+00
0.000000e+00
0.000000e+00
0.000000e+00
0.000000e+00
0.000000e+00
0.000000e+00
0.000000e+00
0.000000e+00
0.000000e+00
1.150400e-01
1.932011e-02
5.879408e-02
5.074457e-03
3.573980e-03
4.495105e-03
6.692337e-04
0.000000e+00
