2.234400e-02
0.000000e+00
8.712806e-02
0.000000e+00
1.838449e-03
0.000000e+00
0.000000e+00
0.000000e+00
0.000000e+00
5.932480e-02
0.000000e+00
5.250548e-02
0.000000e+00
2.774810e-04
0.000000e+00
0.000000e+00
1.046560e-01
0.000000e+00
3.976587e-02
4.334841e-02
4.737735e-03
1.256336e-04
0.000000e+00
0.000000e+00
1.012386e+01
1.327023e+01
8.083517e+00
5.050732e+00
5.516431e-01
1.715082e-01
0.000000e+00
0.000000e+00
4.510000e-01
1.333325e+01
1.112883e+01
1.803676e+00
5.198383e-01
4.350662e-03
0.000000e+00
0.000000e+00
3.033560e+01
7.954186e+01
3.091953e+01
0.000000e+00
2.938439e+00
4.679285e-01
0.000000e+00
0.000000e+00
0.000000e+00
0.000000e+00
0.000000e+00
9.053851e+00
0.000000e+00
0.000000e+00
0.000000e+00
0.000000e+00
0.000000e+00
0.000000e+00
0.000000e+00
0.000000e+00
0.000000e+00
0.000000e+00
0.000000e+00
0.000000e+00
9.933000e-02
1.421849e-02
2.219478e-02
3.362246e-02
3.761256e-03
1.881807e-03
0.000000e+00
0.000000e+00
