4.205500e-02
1.685383e-01
0.000000e+00
2.391073e-02
1.746806e-02
2.474586e-03
0.000000e+00
2.039729e-03
0.000000e+00
0.000000e+00
1.349832e-01
0.000000e+00
0.000000e+00
0.000000e+00
8.184400e-03
0.000000e+00
1.178550e-01
0.000000e+00
6.569783e-02
2.434147e-02
0.000000e+00
4.601857e-03
1.955706e-04
8.404902e-04
9.525019e+00
1.202827e+01
1.329233e+01
5.438919e+00
2.182310e+00
9.220315e-01
3.887377e-01
1.008731e-01
9.200000e-02
2.364497e+01
1.238938e+01
7.246774e+00
3.768461e+00
2.626888e-01
3.311293e-01
8.528685e-04
2.332600e+01
2.641600e+01
0.000000e+00
1.361625e+00
5.698338e+00
9.684822e-01
1.804481e+00
2.335606e-01
0.000000e+00
0.000000e+00
5.315714e+00
0.000000e+00
0.000000e+00
0.000000e+00
0.000000e+00
0.000000e+00
0.000000e+00
1.492205e-02
6.700747e-03
0.000000e+00
0.000000e+00
1.969490e-03
0.000000e+00
0.000000e+00
7.229000e-02
0.000000e+00
0.000000e+00
1.548034e-03
2.129021e-03
0.000000e+00
1.289849e-03
6.329491e-05
