2.484240e-01
0.000000e+00
1.990338e-01
0.000000e+00
1.192307e-02
1.169812e-03
0.000000e+00
0.000000e+00
0.000000e+00
4.609903e-01
0.000000e+00
4.312535e-02
0.000000e+00
0.000000e+00
1.357189e-03
0.000000e+00
2.733600e-02
1.420389e-03
0.000000e+00
2.974115e-02
0.000000e+00
3.583633e-03
2.715413e-03
0.000000e+00
5.131448e+00
2.102820e+01
3.940882e+00
4.015171e+00
1.664154e+00
8.243357e-01
1.918730e-01
0.000000e+00
4.300000e-01
1.471398e+01
4.547417e+00
5.765951e+00
1.681398e+00
1.023448e+00
5.582798e-02
0.000000e+00
2.974660e+01
8.942106e+01
2.318254e+01
7.229652e+00
3.600487e+00
7.294761e-01
0.000000e+00
0.000000e+00
0.000000e+00
0.000000e+00
0.000000e+00
0.000000e+00
0.000000e+00
0.000000e+00
1.188654e+00
0.000000e+00
0.000000e+00
0.000000e+00
0.000000e+00
0.000000e+00
0.000000e+00
7.539599e-04
0.000000e+00
0.000000e+00
9.520000e-02
8.414466e-03
4.523379e-02
1.074272e-04
3.155713e-03
0.000000e+00
8.995228e-04
0.000000e+00
