9.292100e-02
0.000000e+00
0.000000e+00
0.000000e+00
0.000000e+00
2.713994e-03
0.000000e+00
1.190515e-02
1.358598e-02
7.171579e-03
3.142452e-03
0.000000e+00
4.712900e-02
2.988136e-02
0.000000e+00
3.229126e-02
1.945634e-02
1.058820e-03
1.051349e+01
1.669036e+01
1.229616e+01
8.045045e+00
3.415236e+00
2.476941e-01
9.794000e+00
1.027906e+02
5.540322e+01
2.005447e+01
9.662985e+00
1.938797e-01
2.298720e+01
3.131487e+01
2.048492e+01
9.244295e+00
0.000000e+00
6.367124e-01
0.000000e+00
0.000000e+00
0.000000e+00
0.000000e+00
3.047186e+00
0.000000e+00
0.000000e+00
0.000000e+00
0.000000e+00
0.000000e+00
0.000000e+00
0.000000e+00
9.624000e-02
2.971297e-02
2.279271e-02
1.659314e-02
1.518080e-02
2.431821e-03
