1.088710e-01
3.653774e-03
0.000000e+00
5.949336e-02
0.000000e+00
4.618001e-03
0.000000e+00
0.000000e+00
1.088947e-01
0.000000e+00
1.599414e-02
0.000000e+00
6.546300e-02
0.000000e+00
1.148483e-01
0.000000e+00
5.622911e-02
0.000000e+00
8.519585e+00
1.699346e+01
1.450248e+01
4.796811e+00
3.686450e+00
6.747024e-01
1.465400e+01
1.037842e+02
1.968947e+01
7.824939e+01
5.937069e+00
2.670526e+01
2.374080e+01
3.070568e+01
2.433517e+01
1.414822e+01
5.801662e+00
3.525347e-01
0.000000e+00
0.000000e+00
0.000000e+00
0.000000e+00
0.000000e+00
0.000000e+00
0.000000e+00
0.000000e+00
0.000000e+00
0.000000e+00
0.000000e+00
1.244511e-04
9.373000e-02
3.016874e-02
2.339102e-02
2.485408e-02
9.524267e-03
0.000000e+00
