1.668080e-01
0.000000e+00
0.000000e+00
3.185568e-02
0.000000e+00
2.805369e-02
0.000000e+00
3.893408e-02
5.432227e-02
0.000000e+00
3.042336e-02
0.000000e+00
2.320100e-02
4.332274e-02
1.892922e-02
0.000000e+00
3.550627e-02
0.000000e+00
5.590499e+00
1.644030e+01
1.347741e+01
6.006094e+00
3.494660e+00
3.825721e-01
3.674000e+00
1.967570e+01
4.873734e+01
7.582446e+01
2.834917e+00
1.768590e+01
2.400770e+01
4.000325e+01
2.155756e+01
2.856128e+01
5.116396e+00
1.120569e+00
0.000000e+00
0.000000e+00
0.000000e+00
0.000000e+00
0.000000e+00
0.000000e+00
0.000000e+00
0.000000e+00
0.000000e+00
0.000000e+00
0.000000e+00
0.000000e+00
9.298000e-02
3.277155e-02
1.273180e-02
1.917933e-02
7.052324e-03
5.808424e-04
