2.308400e-01
0.000000e+00
1.123131e-01
0.000000e+00
2.165911e-02
6.995580e-04
0.000000e+00
2.062510e-01
0.000000e+00
6.453989e-02
0.000000e+00
0.000000e+00
0.000000e+00
2.527405e-02
1.565383e-02
0.000000e+00
1.594502e-02
5.723624e-03
4.793841e+00
1.952648e+01
9.159482e+00
9.514300e+00
3.834051e+00
9.260441e-01
7.925000e+00
9.132291e+01
4.233237e+01
4.669555e+01
3.394159e+01
1.424581e+00
2.490840e+01
3.376821e+01
2.606599e+01
1.669811e+01
3.235929e+01
2.261540e+00
0.000000e+00
0.000000e+00
0.000000e+00
0.000000e+00
0.000000e+00
0.000000e+00
0.000000e+00
0.000000e+00
0.000000e+00
0.000000e+00
0.000000e+00
0.000000e+00
8.334000e-02
2.544693e-02
1.184957e-02
1.131749e-02
6.902739e-03
3.373352e-03
