2.145610e-01
0.000000e+00
3.287924e-02
0.000000e+00
1.042233e-02
0.000000e+00
0.000000e+00
1.161361e-01
0.000000e+00
5.470892e-02
0.000000e+00
6.295336e-03
1.123590e-01
1.230623e-02
1.364420e-04
5.413070e-02
5.384010e-03
0.000000e+00
6.812564e+00
1.542802e+01
1.239365e+01
9.305799e+00
2.906595e+00
1.934579e+00
3.554800e+01
9.199324e+01
2.702805e+02
2.979305e+01
2.148651e+01
7.174505e+00
2.260940e+01
5.307041e+01
1.043373e+01
2.355743e+01
9.185366e+00
3.186765e+00
0.000000e+00
0.000000e+00
0.000000e+00
0.000000e+00
0.000000e+00
0.000000e+00
0.000000e+00
0.000000e+00
0.000000e+00
0.000000e+00
0.000000e+00
0.000000e+00
5.430000e-03
7.409314e-04
2.289652e-03
1.754389e-02
8.906509e-03
4.660875e-03
