4.013010e-01
0.000000e+00
3.698713e-02
1.776311e-02
0.000000e+00
8.072655e-03
0.000000e+00
3.365556e-01
0.000000e+00
0.000000e+00
2.931536e-02
0.000000e+00
1.781200e-02
7.751960e-02
0.000000e+00
1.183006e-02
2.315494e-02
2.575426e-03
5.439549e+00
1.851872e+01
8.159727e+00
5.419100e+00
3.533165e+00
7.632555e-01
1.335000e+00
1.531467e+01
6.207322e+01
2.266392e+01
1.113327e+00
1.286613e+00
2.548420e+01
1.445281e+02
1.338474e+01
1.134561e+01
2.464350e+00
3.790000e+00
0.000000e+00
0.000000e+00
0.000000e+00
0.000000e+00
0.000000e+00
0.000000e+00
1.077000e-02
0.000000e+00
0.000000e+00
0.000000e+00
0.000000e+00
0.000000e+00
0.000000e+00
5.160904e-02
5.999034e-03
8.464425e-03
1.346850e-02
6.042783e-03
