3.682240e-01
0.000000e+00
1.746650e-01
0.000000e+00
1.589467e-02
0.000000e+00
0.000000e+00
3.521915e-01
0.000000e+00
1.159474e-01
0.000000e+00
1.513244e-02
0.000000e+00
6.158072e-02
0.000000e+00
3.621691e-02
0.000000e+00
4.693122e-03
8.519585e+00
1.629994e+01
7.238236e+00
6.557682e+00
1.625237e+00
1.199673e+00
2.296000e+00
1.423912e+01
5.310717e+01
6.463971e+00
1.509124e+01
1.562431e+00
2.522610e+01
8.880461e+01
4.200638e+00
0.000000e+00
4.016072e+00
3.767485e+00
0.000000e+00
0.000000e+00
0.000000e+00
4.825480e+00
0.000000e+00
0.000000e+00
3.542000e-02
0.000000e+00
6.637809e-03
0.000000e+00
0.000000e+00
0.000000e+00
0.000000e+00
4.137177e-02
0.000000e+00
2.388431e-02
3.772152e-03
3.179381e-03
