0.000000e+00
2.581411e-01
0.000000e+00
3.201143e-02
1.428674e-02
0.000000e+00
3.787600e-02
0.000000e+00
1.738942e-01
0.000000e+00
0.000000e+00
5.850777e-03
6.606300e-02
0.000000e+00
1.165423e-01
1.762700e-02
0.000000e+00
3.392841e-03
1.019191e+01
5.399719e+00
1.317295e+01
6.845355e+00
3.852011e-01
4.402015e-01
1.269000e+01
1.557320e+00
3.826360e+01
1.000657e+01
6.320297e-02
9.114561e-01
2.946650e+01
7.436468e+01
5.068337e+01
1.679414e+01
3.566478e+00
2.029479e+00
0.000000e+00
0.000000e+00
0.000000e+00
0.000000e+00
0.000000e+00
0.000000e+00
0.000000e+00
0.000000e+00
0.000000e+00
0.000000e+00
0.000000e+00
0.000000e+00
1.377000e-01
4.052151e-02
3.537069e-02
6.131519e-02
5.423661e-03
2.073116e-03
