3.532100e-02
3.679423e-01
0.000000e+00
1.397532e-01
0.000000e+00
3.082523e-03
0.000000e+00
0.000000e+00
3.326197e-01
0.000000e+00
5.713504e-02
0.000000e+00
4.230400e-02
1.567095e-02
2.087556e-02
6.129374e-03
9.761487e-03
0.000000e+00
8.641195e+00
7.229979e+00
1.545634e+01
2.549257e+00
3.776302e+00
9.654699e-01
7.732000e+00
1.428980e+02
1.615373e+01
1.396355e+02
1.729116e+01
1.299472e+01
2.333620e+01
1.971855e+01
1.728309e+01
5.675730e+00
0.000000e+00
0.000000e+00
0.000000e+00
0.000000e+00
0.000000e+00
0.000000e+00
2.240047e-01
2.701253e+00
0.000000e+00
2.146246e-02
0.000000e+00
4.750793e-03
0.000000e+00
0.000000e+00
4.377000e-02
0.000000e+00
5.394984e-03
0.000000e+00
6.258579e-03
1.314781e-03
