0.000000e+00
6.725612e-02
0.000000e+00
2.107739e-03
4.620338e-03
0.000000e+00
7.631000e-03
0.000000e+00
3.354626e-02
0.000000e+00
0.000000e+00
0.000000e+00
1.533720e-01
0.000000e+00
6.766292e-03
4.328913e-02
7.551890e-03
0.000000e+00
1.199371e+01
1.185797e+01
1.062282e+01
5.079954e+00
6.281510e-01
0.000000e+00
4.372000e+00
1.344621e+01
1.143065e+01
2.906011e+00
1.418720e-01
0.000000e+00
3.027250e+01
8.008589e+01
5.279040e+01
1.652286e+01
1.693929e+00
0.000000e+00
0.000000e+00
0.000000e+00
0.000000e+00
0.000000e+00
0.000000e+00
0.000000e+00
0.000000e+00
0.000000e+00
0.000000e+00
0.000000e+00
0.000000e+00
0.000000e+00
1.377600e-01
4.483304e-02
5.500847e-02
4.706720e-02
7.240597e-03
0.000000e+00
