1.862900e-01
0.000000e+00
9.589721e-02
0.000000e+00
2.118609e-02
0.000000e+00
0.000000e+00
1.764500e-01
0.000000e+00
7.679778e-02
0.000000e+00
0.000000e+00
5.984100e-02
3.627114e-02
0.000000e+00
5.405078e-02
1.033554e-02
0.000000e+00
4.671161e+00
1.579108e+01
1.245107e+01
6.286337e+00
1.439084e+00
0.000000e+00
6.650000e-01
2.693808e+01
8.965877e+01
1.993544e+00
1.172699e+00
0.000000e+00
2.526380e+01
3.436791e+01
1.458282e+01
2.078065e+01
3.797902e+00
0.000000e+00
0.000000e+00
0.000000e+00
0.000000e+00
0.000000e+00
0.000000e+00
0.000000e+00
0.000000e+00
0.000000e+00
0.000000e+00
0.000000e+00
0.000000e+00
0.000000e+00
9.086000e-02
3.388017e-02
5.924281e-03
2.818223e-02
8.547006e-03
0.000000e+00
