1.610290e-01
0.000000e+00
1.766551e-01
0.000000e+00
4.553399e-02
0.000000e+00
0.000000e+00
3.098154e-01
0.000000e+00
9.142536e-02
0.000000e+00
2.270613e-02
6.961700e-02
2.244829e-02
0.000000e+00
4.207177e-02
0.000000e+00
7.446935e-03
9.503306e+00
1.809908e+01
6.196803e+00
4.559075e+00
7.044942e-01
1.206977e+00
8.001000e+00
1.319210e+01
3.274945e+01
1.266482e+01
9.492263e+00
2.354838e+00
2.904200e+01
8.418048e+01
2.127529e+01
7.663442e+00
3.684621e+00
3.465835e+00
0.000000e+00
0.000000e+00
0.000000e+00
0.000000e+00
0.000000e+00
0.000000e+00
0.000000e+00
0.000000e+00
0.000000e+00
0.000000e+00
0.000000e+00
0.000000e+00
1.188400e-01
4.015870e-02
6.768498e-02
1.015518e-02
9.921659e-03
2.675836e-03
