0.000000e+00
1.237402e-01
0.000000e+00
0.000000e+00
1.120903e-02
1.047320e-04
1.850200e-02
0.000000e+00
8.632485e-02
8.839252e-03
0.000000e+00
0.000000e+00
1.306510e-01
0.000000e+00
1.166603e-01
0.000000e+00
6.862052e-03
2.316623e-03
1.096065e+01
7.314512e+00
1.365336e+01
3.422883e+00
1.285567e+00
2.279679e-01
5.506000e+00
1.632355e+01
1.457091e+01
3.016211e+00
5.476665e-01
3.913913e-01
3.002390e+01
7.856244e+01
4.806699e+01
1.313883e+01
4.719050e+00
1.193962e+00
0.000000e+00
0.000000e+00
0.000000e+00
0.000000e+00
0.000000e+00
0.000000e+00
0.000000e+00
0.000000e+00
0.000000e+00
0.000000e+00
0.000000e+00
0.000000e+00
1.274200e-01
3.121399e-02
6.848417e-02
8.718649e-03
1.402759e-02
1.894748e-03
