6.511900e-02
0.000000e+00
8.410044e-02
0.000000e+00
3.855447e-03
1.066023e-03
0.000000e+00
1.236155e-01
0.000000e+00
2.760824e-02
0.000000e+00
0.000000e+00
7.597200e-02
0.000000e+00
1.344884e-02
0.000000e+00
1.269052e-02
5.669643e-04
1.199371e+01
1.462555e+01
8.106647e+00
3.549504e+00
1.665679e+00
2.140573e-01
1.415000e+00
6.376037e+01
4.085317e+00
2.048657e+01
4.334972e-01
1.019981e+00
3.109510e+01
8.234973e+01
3.211767e+01
1.091020e+01
0.000000e+00
2.497294e-01
0.000000e+00
0.000000e+00
0.000000e+00
0.000000e+00
1.941065e+00
0.000000e+00
0.000000e+00
0.000000e+00
0.000000e+00
0.000000e+00
0.000000e+00
0.000000e+00
1.290000e-01
4.603873e-02
7.264433e-02
6.144775e-03
1.547125e-02
7.457531e-04
