0.000000e+00
1.005106e-01
0.000000e+00
0.000000e+00
4.899147e-03
2.448822e-03
1.606100e-02
0.000000e+00
6.427010e-02
7.361642e-03
0.000000e+00
0.000000e+00
2.334240e-01
0.000000e+00
1.964476e-01
0.000000e+00
1.357712e-02
1.564702e-04
1.110445e+01
7.509523e+00
1.245272e+01
2.717134e+00
1.224253e+00
2.085005e-01
2.767000e+00
2.721321e+01
1.033770e+01
9.937934e+00
1.694445e+00
1.509660e+00
2.997820e+01
7.866790e+01
4.702156e+01
1.283004e+01
4.872111e+00
5.245035e-01
0.000000e+00
0.000000e+00
0.000000e+00
0.000000e+00
0.000000e+00
0.000000e+00
0.000000e+00
0.000000e+00
0.000000e+00
0.000000e+00
0.000000e+00
0.000000e+00
1.257100e-01
3.056869e-02
6.776030e-02
8.486440e-03
1.403312e-02
1.752590e-03
