1.103620e-01
0.000000e+00
0.000000e+00
1.383103e-02
0.000000e+00
2.168535e-03
0.000000e+00
4.191304e-02
5.375956e-02
0.000000e+00
2.565458e-03
0.000000e+00
4.176400e-02
0.000000e+00
1.564737e-02
7.863605e-03
2.359810e-03
5.060400e-04
8.681988e+00
1.802629e+01
1.330821e+01
6.730197e+00
2.794347e+00
7.818255e-01
5.750000e+00
7.010385e+01
7.190101e+01
1.108063e+01
1.114899e+01
8.623849e-01
2.424940e+01
3.235580e+01
2.427823e+01
1.362783e+01
7.970790e+00
2.926640e+00
0.000000e+00
0.000000e+00
0.000000e+00
0.000000e+00
0.000000e+00
0.000000e+00
0.000000e+00
0.000000e+00
0.000000e+00
0.000000e+00
0.000000e+00
0.000000e+00
1.110400e-01
3.957227e-02
3.058222e-02
3.149736e-02
1.029378e-02
4.996722e-03
