1.335860e-01
0.000000e+00
1.485333e-01
0.000000e+00
3.663635e-02
0.000000e+00
0.000000e+00
2.447851e-01
0.000000e+00
7.045412e-02
0.000000e+00
1.960925e-02
4.370500e-02
9.921710e-03
0.000000e+00
6.560993e-02
0.000000e+00
2.225916e-02
1.062996e+01
1.829455e+01
7.060714e+00
4.304773e+00
1.120037e+00
1.439526e+00
9.082000e+00
2.283027e+00
4.481324e+01
4.087942e+00
2.342774e+01
2.517457e+00
2.915590e+01
8.551014e+01
2.015156e+01
7.239776e+00
3.941710e+00
1.697798e+00
0.000000e+00
0.000000e+00
0.000000e+00
0.000000e+00
0.000000e+00
0.000000e+00
0.000000e+00
0.000000e+00
0.000000e+00
0.000000e+00
0.000000e+00
0.000000e+00
1.043200e-01
3.158780e-02
5.358342e-02
7.681288e-03
5.616008e-03
2.994868e-03
