4.446500e-02
0.000000e+00
0.000000e+00
0.000000e+00
1.632326e-02
0.000000e+00
0.000000e+00
4.889057e-02
2.389429e-04
1.665857e-02
0.000000e+00
3.748457e-03
6.530900e-02
5.101667e-02
1.180459e-01
0.000000e+00
6.088774e-03
8.067470e-04
1.169221e+01
9.620086e+00
1.299396e+01
2.901844e+00
5.870539e-01
4.582053e-01
6.360000e-01
6.478016e+01
3.953867e+01
8.142230e+00
1.306024e+00
3.244773e+00
2.938880e+01
9.283687e+01
1.215191e+02
1.041437e+01
4.218738e+00
1.833343e+00
0.000000e+00
0.000000e+00
0.000000e+00
0.000000e+00
0.000000e+00
0.000000e+00
0.000000e+00
0.000000e+00
0.000000e+00
0.000000e+00
0.000000e+00
0.000000e+00
1.005100e-01
2.386319e-02
5.521945e-02
4.070870e-03
6.533409e-03
1.038389e-03
