1.311100e-02
0.000000e+00
6.563559e-03
0.000000e+00
7.012860e-03
0.000000e+00
0.000000e+00
1.469960e-02
0.000000e+00
9.797985e-03
0.000000e+00
1.490400e-03
1.720400e-02
2.049536e-02
0.000000e+00
8.039455e-03
0.000000e+00
8.546756e-04
1.394017e+01
1.094575e+01
1.138436e+01
2.823143e+00
6.256886e-01
2.294273e-01
1.660000e+00
3.900012e+01
4.267989e+00
1.328926e+00
1.215270e+00
1.508291e-01
3.020650e+01
8.859287e+01
3.763993e+01
1.015808e+01
2.481716e+00
1.190380e+00
0.000000e+00
0.000000e+00
0.000000e+00
0.000000e+00
0.000000e+00
0.000000e+00
0.000000e+00
0.000000e+00
0.000000e+00
0.000000e+00
0.000000e+00
0.000000e+00
1.235800e-01
4.065488e-02
6.954750e-02
1.995256e-02
4.835088e-03
1.611809e-03
