1.575190e-01
0.000000e+00
0.000000e+00
6.410045e-02
0.000000e+00
1.431704e-02
0.000000e+00
8.133535e-02
8.457042e-02
0.000000e+00
4.246021e-02
0.000000e+00
1.895700e-02
1.539757e-02
4.366721e-02
0.000000e+00
1.665464e-02
0.000000e+00
5.980036e+00
1.963325e+01
1.329312e+01
6.261038e+00
3.460995e+00
4.815159e-01
6.496000e+00
7.920614e+01
3.185056e+01
4.737654e+01
1.170467e+01
4.340526e+00
2.399170e+01
3.149515e+01
2.884999e+01
1.333240e+01
9.361540e+00
1.611683e+00
0.000000e+00
0.000000e+00
0.000000e+00
0.000000e+00
0.000000e+00
0.000000e+00
0.000000e+00
0.000000e+00
0.000000e+00
0.000000e+00
0.000000e+00
0.000000e+00
1.092800e-01
3.765016e-02
3.081745e-02
2.742548e-02
9.253615e-03
3.623170e-03
