0.000000e+00
1.698811e-01
0.000000e+00
4.724728e-02
0.000000e+00
1.909769e-03
1.287500e-02
0.000000e+00
1.565376e-01
0.000000e+00
6.780830e-03
0.000000e+00
2.266770e-01
0.000000e+00
2.160632e-01
0.000000e+00
1.124318e-02
0.000000e+00
8.044554e+00
1.199631e+01
1.257435e+01
4.092474e+00
1.720631e+00
3.748270e-01
2.859000e+00
1.921525e+00
2.759334e+01
1.676493e+00
2.978384e+00
1.215916e-01
2.852040e+01
7.194044e+01
5.737385e+01
1.750835e+01
7.039472e+00
1.472174e+00
0.000000e+00
0.000000e+00
0.000000e+00
0.000000e+00
0.000000e+00
0.000000e+00
0.000000e+00
0.000000e+00
0.000000e+00
0.000000e+00
0.000000e+00
0.000000e+00
1.310800e-01
3.044585e-02
5.381910e-02
3.198777e-02
9.803105e-03
4.236026e-03
