1.469410e-01
0.000000e+00
4.241310e-02
0.000000e+00
1.295806e-03
6.508471e-03
0.000000e+00
1.469573e-01
0.000000e+00
3.365807e-02
0.000000e+00
0.000000e+00
2.025300e-02
5.623100e-02
0.000000e+00
3.392458e-02
0.000000e+00
4.809158e-03
6.812564e+00
1.850031e+01
1.021528e+01
7.909579e+00
3.579031e+00
1.278923e+00
1.770000e+00
5.266283e+01
8.666163e+01
2.164555e+01
2.033597e+01
6.965454e+00
2.319460e+01
3.143870e+01
2.459099e+01
1.521280e+01
7.667271e+00
3.236072e+00
0.000000e+00
0.000000e+00
0.000000e+00
0.000000e+00
0.000000e+00
0.000000e+00
0.000000e+00
0.000000e+00
0.000000e+00
0.000000e+00
0.000000e+00
0.000000e+00
1.072800e-01
3.881745e-02
2.882867e-02
2.583645e-02
1.421880e-02
5.493946e-03
