2.416830e-01
0.000000e+00
0.000000e+00
6.198903e-02
0.000000e+00
4.997266e-03
0.000000e+00
2.393716e-01
7.306447e-02
0.000000e+00
1.532185e-02
0.000000e+00
2.463900e-02
3.993206e-02
4.394430e-02
0.000000e+00
1.105713e-02
0.000000e+00
1.258600e+01
1.818033e+01
1.052742e+01
3.163920e+00
2.554059e+00
1.208201e+00
1.025000e+00
3.115471e+01
4.109430e+01
3.808658e+01
9.865801e+00
5.291589e+00
2.563530e+01
1.766525e+02
2.867622e+01
8.555522e+00
5.184491e+00
2.644913e+00
0.000000e+00
0.000000e+00
0.000000e+00
0.000000e+00
0.000000e+00
0.000000e+00
0.000000e+00
0.000000e+00
0.000000e+00
0.000000e+00
0.000000e+00
0.000000e+00
2.405000e-02
7.542587e-02
7.792462e-03
1.988780e-02
6.297325e-03
5.443230e-03
