1.331390e-01
0.000000e+00
7.162986e-02
0.000000e+00
5.968474e-03
0.000000e+00
0.000000e+00
2.064847e-01
0.000000e+00
1.772120e-02
0.000000e+00
9.699389e-03
0.000000e+00
1.047239e-01
0.000000e+00
6.962963e-02
0.000000e+00
7.483077e-03
5.667010e+00
1.999968e+01
9.135461e+00
4.211610e+00
2.028745e+00
1.115588e+00
4.594000e+00
1.162579e+01
2.232112e+01
6.056729e+00
4.315450e+00
8.874107e-01
2.929730e+01
8.006313e+01
4.714305e+01
2.139573e+01
9.624696e+00
4.104913e+00
0.000000e+00
0.000000e+00
0.000000e+00
0.000000e+00
0.000000e+00
0.000000e+00
0.000000e+00
0.000000e+00
0.000000e+00
0.000000e+00
0.000000e+00
0.000000e+00
1.317700e-01
2.990763e-02
7.031471e-02
4.706184e-03
8.934216e-03
2.698507e-03
