2.684980e-01
0.000000e+00
2.019508e-01
0.000000e+00
6.324239e-02
0.000000e+00
0.000000e+00
3.977365e-01
0.000000e+00
1.009308e-01
0.000000e+00
1.493068e-02
0.000000e+00
2.290141e-01
0.000000e+00
5.777715e-02
0.000000e+00
1.487030e-02
4.239257e+00
2.133190e+01
6.172933e+00
7.426776e+00
1.041128e+00
6.353706e-01
4.508000e+00
1.226567e+01
8.664920e+01
7.343117e+00
5.141414e+01
2.470115e+00
2.467980e+01
3.966910e+01
1.428803e+01
2.778235e-01
0.000000e+00
0.000000e+00
0.000000e+00
0.000000e+00
0.000000e+00
0.000000e+00
3.732737e+00
3.967201e+00
0.000000e+00
0.000000e+00
0.000000e+00
0.000000e+00
5.469088e-03
0.000000e+00
6.578000e-02
1.941931e-02
6.082461e-03
1.261726e-02
0.000000e+00
3.328680e-03
