9.622400e-02
0.000000e+00
0.000000e+00
0.000000e+00
1.705457e-02
1.304941e-02
0.000000e+00
1.296104e-02
3.229852e-02
1.928038e-02
0.000000e+00
0.000000e+00
5.336000e-02
0.000000e+00
6.429317e-02
5.041299e-03
1.711148e-02
0.000000e+00
9.352234e+00
1.705430e+01
1.238174e+01
8.798734e+00
2.244021e+00
6.721200e-01
8.223000e+00
7.715016e+01
2.041019e+01
8.484186e+01
2.441495e+00
8.621719e+00
2.395330e+01
2.999753e+01
2.705477e+01
1.458238e+01
1.937903e+01
1.033874e+00
0.000000e+00
0.000000e+00
0.000000e+00
0.000000e+00
0.000000e+00
0.000000e+00
0.000000e+00
0.000000e+00
0.000000e+00
0.000000e+00
0.000000e+00
6.838433e-04
8.882000e-02
2.722487e-02
2.308087e-02
2.078484e-02
7.588142e-03
0.000000e+00
