6.637300e-02
0.000000e+00
0.000000e+00
4.379716e-03
2.909861e-03
7.851960e-04
0.000000e+00
5.335240e-02
2.219913e-02
0.000000e+00
0.000000e+00
0.000000e+00
8.004300e-02
0.000000e+00
1.074667e-01
1.221036e-02
0.000000e+00
2.332657e-03
9.568546e+00
1.783894e+01
9.697434e+00
4.751860e+00
1.613304e+00
5.564366e-01
8.175000e+00
8.438898e+00
2.358906e+01
9.187660e+00
9.478168e-01
3.356989e-01
2.943600e+01
7.898210e+01
3.438133e+01
1.574175e+01
6.892178e+00
2.320016e+00
0.000000e+00
0.000000e+00
0.000000e+00
0.000000e+00
0.000000e+00
0.000000e+00
0.000000e+00
0.000000e+00
0.000000e+00
0.000000e+00
0.000000e+00
0.000000e+00
1.315500e-01
4.203475e-02
5.418969e-02
3.482428e-02
1.160335e-02
4.737733e-03
