1.833580e-01
0.000000e+00
0.000000e+00
2.005405e-02
0.000000e+00
3.760849e-03
0.000000e+00
1.589028e-01
4.652583e-02
0.000000e+00
5.554874e-03
0.000000e+00
3.174100e-02
8.145590e-02
0.000000e+00
2.476890e-02
0.000000e+00
5.633245e-03
5.806484e+00
2.109874e+01
1.150422e+01
5.359765e+00
1.334197e+00
6.553856e-01
1.093000e+00
2.009355e+01
1.174495e+02
4.269169e+01
4.955145e+00
5.379092e-02
2.500050e+01
3.246097e+01
2.153258e+01
1.646522e+01
6.695528e+00
2.624820e+00
0.000000e+00
0.000000e+00
0.000000e+00
0.000000e+00
0.000000e+00
0.000000e+00
0.000000e+00
0.000000e+00
0.000000e+00
0.000000e+00
0.000000e+00
0.000000e+00
1.084900e-01
4.244885e-02
3.393521e-02
3.061537e-02
6.663124e-03
4.834766e-03
