1.526200e-02
6.879276e-02
0.000000e+00
4.079367e-02
0.000000e+00
1.786670e-02
0.000000e+00
0.000000e+00
8.983849e-02
0.000000e+00
3.528240e-02
0.000000e+00
3.755700e-02
0.000000e+00
7.403381e-02
0.000000e+00
3.023518e-02
0.000000e+00
1.621017e+01
1.374487e+01
1.342263e+01
7.085568e+00
4.922711e+00
9.301805e-01
2.733000e+00
1.531325e+02
2.123392e+01
6.889240e+01
9.094873e+00
1.444889e+01
2.238400e+01
4.203838e+01
2.438153e+01
2.591403e+01
5.905778e+01
2.812893e+00
0.000000e+00
0.000000e+00
0.000000e+00
0.000000e+00
0.000000e+00
0.000000e+00
0.000000e+00
0.000000e+00
0.000000e+00
0.000000e+00
0.000000e+00
0.000000e+00
1.037900e-01
3.502964e-02
2.357604e-02
2.094576e-02
1.108235e-02
5.581454e-03
