1.189520e-01
2.835312e-02
0.000000e+00
0.000000e+00
0.000000e+00
5.298167e-03
0.000000e+00
0.000000e+00
6.501842e-02
2.216031e-03
1.754534e-03
0.000000e+00
0.000000e+00
1.377320e-01
0.000000e+00
7.423399e-02
1.433982e-03
0.000000e+00
5.365103e+00
1.055787e+01
1.733497e+01
1.054643e+01
2.815725e+00
4.513491e-01
3.280000e+00
2.201033e+01
1.263779e+02
2.364271e+01
5.778575e+00
3.695151e-01
2.410080e+01
3.945951e+01
4.086040e+01
1.384989e+02
1.085785e+01
3.463147e+00
0.000000e+00
0.000000e+00
0.000000e+00
0.000000e+00
0.000000e+00
0.000000e+00
0.000000e+00
0.000000e+00
0.000000e+00
0.000000e+00
0.000000e+00
0.000000e+00
7.580000e-02
2.458562e-02
4.425062e-03
8.828314e-03
7.866654e-03
5.400046e-04
