8.851000e-02
0.000000e+00
0.000000e+00
4.143050e-03
0.000000e+00
0.000000e+00
0.000000e+00
7.693879e-03
3.276604e-02
0.000000e+00
1.130139e-03
2.202822e-03
1.568000e-03
6.493870e-02
0.000000e+00
4.205047e-02
0.000000e+00
5.447783e-03
1.476837e+01
1.327313e+01
1.558035e+01
8.273117e+00
3.441660e+00
7.749276e-01
5.977000e+00
4.161846e+01
1.088012e+02
1.072540e+01
2.545922e+01
1.398845e+00
2.385040e+01
3.407027e+01
3.039538e+01
7.308932e+01
4.872084e+00
3.907799e+00
0.000000e+00
0.000000e+00
0.000000e+00
0.000000e+00
0.000000e+00
0.000000e+00
0.000000e+00
0.000000e+00
0.000000e+00
0.000000e+00
0.000000e+00
0.000000e+00
7.901000e-02
2.417948e-02
9.574128e-03
1.675511e-02
5.533711e-03
3.159028e-03
