1.743380e-01
0.000000e+00
1.501742e-01
0.000000e+00
0.000000e+00
0.000000e+00
0.000000e+00
3.181102e-01
0.000000e+00
1.374472e-02
2.634734e-03
6.394856e-04
2.491000e-02
6.073675e-03
0.000000e+00
2.520207e-03
8.159749e-03
6.734400e-03
8.459210e+00
1.893817e+01
6.400591e+00
3.207825e+00
2.150501e+00
4.511124e-01
4.440000e-01
9.889331e+01
2.036458e+01
2.677176e+01
1.728888e+01
4.425706e-01
3.042340e+01
8.334151e+01
3.185240e+01
1.187280e+01
4.431748e+00
4.096656e+00
0.000000e+00
0.000000e+00
0.000000e+00
0.000000e+00
0.000000e+00
0.000000e+00
0.000000e+00
0.000000e+00
0.000000e+00
1.891587e-05
0.000000e+00
0.000000e+00
8.867000e-02
2.540874e-02
4.279353e-02
0.000000e+00
6.053827e-03
6.229952e-04
