2.208750e-01
0.000000e+00
1.710828e-01
0.000000e+00
0.000000e+00
1.191700e-02
0.000000e+00
2.867844e-01
0.000000e+00
6.178303e-02
1.693047e-03
0.000000e+00
0.000000e+00
8.770232e-02
0.000000e+00
0.000000e+00
3.181822e-02
0.000000e+00
4.537326e+00
1.894801e+01
5.081320e+00
9.721379e+00
4.710321e+00
3.985239e-01
4.542000e+00
2.334008e+01
7.938649e+01
4.680054e+01
8.081597e+00
5.010400e+00
2.314250e+01
3.035462e+01
2.895589e+01
0.000000e+00
7.200285e+01
2.447913e+00
0.000000e+00
0.000000e+00
0.000000e+00
2.847970e+00
0.000000e+00
0.000000e+00
0.000000e+00
0.000000e+00
0.000000e+00
0.000000e+00
0.000000e+00
0.000000e+00
8.523000e-02
2.613992e-02
1.588271e-02
1.229816e-02
7.134483e-03
2.921794e-03
