0.000000e+00
5.392376e-02
0.000000e+00
0.000000e+00
0.000000e+00
0.000000e+00
1.633200e-02
0.000000e+00
7.580875e-03
9.592624e-03
3.888588e-04
5.058545e-04
4.540900e-02
0.000000e+00
1.175553e-02
7.483769e-03
1.555658e-03
1.877605e-03
1.344202e+01
1.202063e+01
1.070187e+01
6.160937e+00
2.848078e+00
1.369230e+00
6.949000e+00
8.430668e+00
2.934490e+01
1.885013e+01
7.425292e+00
3.181446e+00
2.884810e+01
8.036409e+01
3.672074e+01
1.639571e+01
9.946291e+00
4.577590e+00
0.000000e+00
0.000000e+00
0.000000e+00
0.000000e+00
0.000000e+00
0.000000e+00
0.000000e+00
0.000000e+00
0.000000e+00
0.000000e+00
0.000000e+00
0.000000e+00
1.350300e-01
4.379660e-02
5.466506e-02
3.060421e-02
1.247214e-02
7.806733e-03
