1.693250e-01
0.000000e+00
5.165831e-02
1.191401e-02
0.000000e+00
3.132694e-03
0.000000e+00
2.280026e-01
0.000000e+00
0.000000e+00
7.232036e-03
0.000000e+00
1.024600e-02
2.720259e-02
6.122988e-02
0.000000e+00
3.520622e-02
0.000000e+00
7.568860e+00
1.955537e+01
9.605583e+00
2.862764e+00
2.222961e+00
7.619531e-01
9.296000e+00
2.506627e+01
2.076004e+01
2.551979e+01
1.260128e+01
6.036677e+00
2.886410e+01
8.676535e+01
2.165237e+01
6.329451e+00
0.000000e+00
7.795819e-01
0.000000e+00
0.000000e+00
0.000000e+00
0.000000e+00
1.914255e-01
0.000000e+00
0.000000e+00
0.000000e+00
0.000000e+00
0.000000e+00
0.000000e+00
0.000000e+00
9.171000e-02
2.637892e-02
5.005207e-02
5.320392e-03
3.524701e-03
2.878740e-03
