2.460730e-01
0.000000e+00
1.989102e-01
0.000000e+00
3.572583e-02
9.362172e-04
0.000000e+00
3.414027e-01
0.000000e+00
7.858021e-02
0.000000e+00
0.000000e+00
1.263100e-02
1.234350e-01
0.000000e+00
5.473372e-02
0.000000e+00
2.886388e-03
4.563885e+00
2.055985e+01
6.142290e+00
7.722522e+00
1.890124e+00
1.010953e+00
4.924000e+00
1.627447e+01
1.197191e+02
7.915904e+00
1.755595e+01
3.290387e+00
2.362140e+01
3.214178e+01
1.761029e+01
3.494587e+00
3.037408e+00
0.000000e+00
0.000000e+00
0.000000e+00
0.000000e+00
0.000000e+00
0.000000e+00
4.054409e+00
0.000000e+00
0.000000e+00
0.000000e+00
0.000000e+00
6.346209e-04
0.000000e+00
5.830000e-02
1.393429e-02
3.472750e-03
1.369831e-02
0.000000e+00
9.078577e-04
