1.367180e-01
0.000000e+00
1.069851e-01
0.000000e+00
3.772483e-02
0.000000e+00
0.000000e+00
1.406854e-01
0.000000e+00
8.729423e-02
0.000000e+00
4.681200e-03
2.056300e-02
2.534685e-02
2.373949e-02
3.173805e-02
0.000000e+00
2.867985e-03
1.181721e+01
1.466984e+01
1.179590e+01
8.368223e+00
2.798607e+00
1.134938e+00
2.098000e+00
1.463476e+01
1.294563e+02
1.120956e+01
1.406717e+01
1.596300e+00
2.437770e+01
4.170655e+01
1.933180e+01
2.604568e+01
7.536279e+00
0.000000e+00
0.000000e+00
0.000000e+00
0.000000e+00
0.000000e+00
0.000000e+00
1.402187e+00
0.000000e+00
0.000000e+00
0.000000e+00
0.000000e+00
0.000000e+00
0.000000e+00
8.299000e-02
2.930506e-02
1.069285e-02
2.120607e-02
6.072605e-03
6.616660e-03
