5.483300e-02
5.291580e-02
0.000000e+00
0.000000e+00
5.999039e-03
6.781917e-04
0.000000e+00
0.000000e+00
2.273220e-02
1.725521e-02
0.000000e+00
0.000000e+00
1.301100e-01
0.000000e+00
6.994657e-02
3.518389e-02
0.000000e+00
3.992251e-03
7.662456e+00
1.255913e+01
9.905085e+00
5.508556e+00
1.731566e+00
4.109286e-01
1.198000e+00
8.270645e+00
3.384709e+01
1.604815e+01
4.910493e-01
9.397189e-01
2.953450e+01
8.254856e+01
4.427601e+01
2.185084e+01
6.799240e+00
2.155793e+00
0.000000e+00
0.000000e+00
0.000000e+00
0.000000e+00
0.000000e+00
0.000000e+00
0.000000e+00
0.000000e+00
0.000000e+00
0.000000e+00
0.000000e+00
0.000000e+00
1.160400e-01
3.183946e-02
4.995490e-02
3.067189e-02
8.819113e-03
3.898550e-03
