2.112760e-01
0.000000e+00
6.170842e-02
0.000000e+00
0.000000e+00
0.000000e+00
0.000000e+00
1.840862e-01
0.000000e+00
1.379064e-02
5.118284e-03
0.000000e+00
0.000000e+00
7.870756e-02
2.891789e-02
1.008488e-02
1.685390e-02
0.000000e+00
4.644187e+00
1.815596e+01
8.906114e+00
6.144920e+00
2.499476e+00
0.000000e+00
4.627000e+00
2.125117e+01
4.147450e+01
2.919576e+01
2.373678e+00
0.000000e+00
2.709570e+01
6.653374e+01
4.247947e+01
1.834807e+01
2.614829e+01
0.000000e+00
0.000000e+00
0.000000e+00
0.000000e+00
0.000000e+00
0.000000e+00
0.000000e+00
0.000000e+00
1.478961e-02
0.000000e+00
7.064503e-04
0.000000e+00
0.000000e+00
5.459000e-02
0.000000e+00
1.500136e-02
0.000000e+00
2.734099e-03
0.000000e+00
