1.670430e-01
0.000000e+00
1.052098e-02
0.000000e+00
3.034868e-02
0.000000e+00
0.000000e+00
1.570632e-01
0.000000e+00
3.033150e-02
0.000000e+00
6.913897e-03
3.076300e-02
1.709787e-02
1.352712e-02
1.381091e-02
0.000000e+00
4.297572e-03
8.200882e+00
1.863541e+01
1.303601e+01
7.431116e+00
3.395314e+00
1.538982e+00
3.196000e+00
1.287104e+01
1.406196e+02
6.324315e+00
2.892656e+01
1.474551e+00
2.381690e+01
3.504080e+01
2.339420e+01
1.813533e+01
6.934896e+00
6.465115e+00
0.000000e+00
0.000000e+00
0.000000e+00
0.000000e+00
0.000000e+00
0.000000e+00
0.000000e+00
0.000000e+00
0.000000e+00
0.000000e+00
0.000000e+00
0.000000e+00
1.161300e-01
4.483263e-02
2.982388e-02
2.731983e-02
1.309665e-02
5.078149e-03
