2.761500e-01
2.214673e-02
0.000000e+00
2.317182e-02
0.000000e+00
4.949616e-03
0.000000e+00
0.000000e+00
1.270686e-01
0.000000e+00
5.893258e-03
0.000000e+00
5.596600e-02
6.113625e-02
0.000000e+00
8.808898e-02
2.363409e-03
4.270570e-04
5.306038e+00
1.250531e+01
1.773368e+01
8.125530e+00
1.089405e+00
6.451734e-02
1.590000e-01
3.685505e+01
3.171020e+02
7.724771e+00
1.303748e+00
1.856687e-02
2.538430e+01
6.500869e+01
3.289388e+01
6.039860e+01
5.207868e+00
4.312597e-01
0.000000e+00
0.000000e+00
0.000000e+00
0.000000e+00
0.000000e+00
0.000000e+00
2.850000e-03
0.000000e+00
0.000000e+00
0.000000e+00
0.000000e+00
0.000000e+00
0.000000e+00
1.330988e-03
6.342885e-04
2.544336e-02
5.319948e-03
8.007067e-04
