3.121000e-02
1.531120e-02
0.000000e+00
2.669340e-03
7.681185e-03
0.000000e+00
0.000000e+00
0.000000e+00
1.485231e-02
0.000000e+00
0.000000e+00
6.941593e-03
1.964200e-02
0.000000e+00
5.417748e-03
1.167117e-02
3.473776e-03
2.982296e-03
1.023744e+01
1.103060e+01
1.054295e+01
5.021388e+00
1.356756e+00
6.127828e-01
8.633000e+00
1.115548e+01
6.678333e+00
9.700082e+00
3.199623e+00
2.537397e-01
2.998230e+01
7.994095e+01
5.063572e+01
1.696547e+01
2.337231e+00
0.000000e+00
0.000000e+00
0.000000e+00
0.000000e+00
0.000000e+00
0.000000e+00
1.657665e+00
0.000000e+00
0.000000e+00
0.000000e+00
0.000000e+00
0.000000e+00
0.000000e+00
1.239900e-01
3.478604e-02
4.401670e-02
3.406782e-02
5.897359e-03
2.866334e-03
