3.199020e-01
0.000000e+00
2.429095e-01
0.000000e+00
1.428321e-02
0.000000e+00
0.000000e+00
3.690575e-01
0.000000e+00
1.262695e-01
0.000000e+00
0.000000e+00
4.627200e-02
8.770930e-02
0.000000e+00
4.899991e-02
2.087339e-03
0.000000e+00
4.213973e+00
2.135499e+01
1.112446e+01
6.863831e+00
1.881152e-01
0.000000e+00
4.270000e+00
2.721946e+00
1.791578e+02
1.126508e+00
1.901921e-01
0.000000e+00
2.621020e+01
4.932264e+01
8.090997e+01
3.034983e+01
1.170078e+00
0.000000e+00
0.000000e+00
0.000000e+00
0.000000e+00
0.000000e+00
0.000000e+00
0.000000e+00
0.000000e+00
4.883487e-03
3.379900e-02
0.000000e+00
0.000000e+00
0.000000e+00
1.754000e-02
0.000000e+00
0.000000e+00
1.615813e-02
7.836694e-04
0.000000e+00
