1.523210e-01
0.000000e+00
1.895766e-01
0.000000e+00
4.041094e-02
0.000000e+00
0.000000e+00
2.435739e-01
0.000000e+00
1.220746e-01
0.000000e+00
0.000000e+00
2.874900e-02
5.607431e-02
0.000000e+00
4.222082e-02
3.773667e-03
0.000000e+00
1.314352e+01
1.433770e+01
6.213978e+00
7.076894e+00
1.908945e+00
0.000000e+00
1.059000e+00
6.906893e+01
3.126194e+00
7.063206e+00
1.050090e+00
0.000000e+00
2.971940e+01
6.798523e+01
3.545642e+01
2.581260e+01
6.042415e+00
0.000000e+00
0.000000e+00
0.000000e+00
0.000000e+00
0.000000e+00
0.000000e+00
0.000000e+00
0.000000e+00
0.000000e+00
0.000000e+00
0.000000e+00
0.000000e+00
0.000000e+00
1.143300e-01
3.934657e-02
3.368060e-02
1.841061e-02
2.345371e-02
0.000000e+00
