4.137610e-01
0.000000e+00
8.983168e-02
0.000000e+00
0.000000e+00
1.879242e-02
0.000000e+00
3.568748e-01
0.000000e+00
5.280051e-02
4.106039e-03
0.000000e+00
2.842000e-02
5.042671e-03
4.875605e-02
0.000000e+00
4.776717e-02
0.000000e+00
5.822121e+00
1.720878e+01
8.288205e+00
6.882099e+00
3.281528e+00
8.398591e-01
9.968000e+00
2.218741e+01
6.062570e+01
1.745237e+01
8.654190e+00
2.750576e+01
2.731220e+01
1.419733e+02
1.180635e+01
1.511896e+01
6.258837e+00
2.479608e+00
0.000000e+00
0.000000e+00
0.000000e+00
0.000000e+00
0.000000e+00
0.000000e+00
3.110000e-02
0.000000e+00
0.000000e+00
0.000000e+00
0.000000e+00
0.000000e+00
0.000000e+00
4.093880e-02
3.226104e-03
1.397088e-02
1.220626e-02
3.717576e-03
