1.416750e-01
0.000000e+00
1.424736e-01
0.000000e+00
1.084336e-02
0.000000e+00
0.000000e+00
2.775940e-01
0.000000e+00
4.187101e-02
0.000000e+00
1.045194e-04
7.940000e-04
4.633141e-02
0.000000e+00
6.849994e-03
5.526407e-03
2.772453e-04
1.110445e+01
1.762254e+01
7.523004e+00
3.858788e+00
2.087488e+00
4.399892e-01
9.290000e-01
4.778231e+01
3.889371e+00
1.654152e+01
2.951821e+00
1.083716e+00
3.011260e+01
8.198921e+01
3.491472e+01
1.314767e+01
4.747129e+00
8.585274e-01
0.000000e+00
0.000000e+00
0.000000e+00
0.000000e+00
0.000000e+00
0.000000e+00
0.000000e+00
0.000000e+00
0.000000e+00
0.000000e+00
0.000000e+00
0.000000e+00
1.101500e-01
3.680403e-02
5.949825e-02
7.198794e-03
1.295627e-02
1.259285e-03
