2.646100e-02
3.904818e-03
0.000000e+00
2.141432e-02
0.000000e+00
7.185233e-04
0.000000e+00
0.000000e+00
2.334452e-02
0.000000e+00
1.411495e-02
0.000000e+00
3.204500e-02
0.000000e+00
2.220406e-02
3.504061e-03
0.000000e+00
4.717816e-03
1.067679e+01
1.608619e+01
9.322596e+00
2.154780e+00
1.933413e+00
7.942258e-01
8.200000e-01
4.326650e+01
5.428510e+00
1.925312e+01
4.940222e+00
1.343348e+00
2.790040e+01
7.392500e+01
5.487199e+01
3.736150e+00
4.470165e+00
2.024431e+00
0.000000e+00
0.000000e+00
0.000000e+00
0.000000e+00
0.000000e+00
0.000000e+00
0.000000e+00
0.000000e+00
0.000000e+00
0.000000e+00
0.000000e+00
0.000000e+00
1.085600e-01
1.268546e-02
6.717335e-02
3.140293e-03
4.999496e-03
3.904945e-03
