9.051700e-02
0.000000e+00
9.569041e-02
0.000000e+00
1.836847e-04
1.703763e-03
0.000000e+00
2.086778e-01
0.000000e+00
1.722406e-02
0.000000e+00
0.000000e+00
0.000000e+00
8.755711e-02
0.000000e+00
5.904820e-03
2.426284e-03
0.000000e+00
1.166731e+01
1.637498e+01
7.229529e+00
3.034629e+00
7.033527e-01
1.581948e-01
1.244000e+00
4.245970e+01
3.649064e+00
1.429511e+00
1.362934e+00
9.989169e-02
3.030680e+01
8.859533e+01
3.719941e+01
1.002553e+01
2.869379e+00
9.019895e-01
0.000000e+00
0.000000e+00
0.000000e+00
0.000000e+00
0.000000e+00
0.000000e+00
0.000000e+00
0.000000e+00
0.000000e+00
0.000000e+00
0.000000e+00
0.000000e+00
1.286700e-01
4.339354e-02
7.330081e-02
2.130988e-02
5.831434e-03
1.618085e-03
