1.909300e-02
0.000000e+00
0.000000e+00
1.185667e-02
1.404597e-03
0.000000e+00
0.000000e+00
1.879506e-02
2.699759e-02
0.000000e+00
0.000000e+00
7.672148e-04
1.296770e-01
0.000000e+00
6.439026e-02
7.271745e-03
7.193805e-05
5.709983e-03
9.677941e+00
1.704008e+01
1.413094e+01
4.074424e+00
2.010264e+00
1.189989e+00
1.686000e+00
3.125399e+01
5.108733e+01
1.465768e+01
5.775369e+00
3.295730e+00
2.772870e+01
8.544876e+01
1.125592e+02
1.109442e+01
5.648220e+00
5.591911e+00
0.000000e+00
0.000000e+00
0.000000e+00
0.000000e+00
0.000000e+00
0.000000e+00
0.000000e+00
0.000000e+00
0.000000e+00
0.000000e+00
0.000000e+00
0.000000e+00
1.026700e-01
1.937382e-02
3.721370e-02
1.124931e-02
6.056401e-03
4.726503e-03
