4.090000e-03
1.171748e-01
0.000000e+00
0.000000e+00
8.645806e-03
0.000000e+00
0.000000e+00
0.000000e+00
8.014395e-02
6.768868e-04
0.000000e+00
1.013149e-03
3.557100e-02
0.000000e+00
1.463441e-02
1.580585e-02
0.000000e+00
6.701325e-03
1.098453e+01
1.255188e+01
1.135045e+01
4.299519e+00
1.316525e+00
6.767098e-01
4.250000e+00
1.518720e+01
1.386639e+01
3.699341e+00
8.617627e-01
9.926816e-01
2.838730e+01
6.906652e+01
6.959454e+01
2.486629e+01
6.450740e+00
2.954882e+00
0.000000e+00
0.000000e+00
0.000000e+00
0.000000e+00
0.000000e+00
0.000000e+00
0.000000e+00
0.000000e+00
0.000000e+00
0.000000e+00
0.000000e+00
0.000000e+00
1.322500e-01
2.532428e-02
5.662285e-02
2.849165e-02
9.084926e-03
4.976227e-03
