8.170900e-02
0.000000e+00
0.000000e+00
1.178067e-02
0.000000e+00
1.635026e-03
0.000000e+00
4.302163e-02
2.853078e-02
0.000000e+00
6.792812e-03
0.000000e+00
3.436800e-02
0.000000e+00
2.759861e-02
1.125866e-02
0.000000e+00
5.670708e-03
8.499429e+00
1.872219e+01
1.131319e+01
4.261839e+00
1.784689e+00
5.952656e-01
7.572000e+00
8.054867e+00
1.331611e+01
3.665319e+00
1.420673e+00
8.676770e-01
2.825310e+01
6.747037e+01
7.020077e+01
2.491802e+01
6.274879e+00
2.902624e+00
0.000000e+00
0.000000e+00
0.000000e+00
0.000000e+00
0.000000e+00
0.000000e+00
0.000000e+00
0.000000e+00
0.000000e+00
0.000000e+00
0.000000e+00
0.000000e+00
1.206000e-01
1.942306e-02
5.236443e-02
2.665790e-02
8.532252e-03
4.879643e-03
