2.195400e-01
0.000000e+00
0.000000e+00
3.764485e-02
0.000000e+00
2.736478e-03
0.000000e+00
2.330914e-01
7.477132e-03
0.000000e+00
1.872289e-02
0.000000e+00
1.741800e-02
4.943246e-02
2.760872e-02
0.000000e+00
4.204769e-02
0.000000e+00
5.189212e+00
2.142240e+01
1.260438e+01
5.325445e+00
4.097414e+00
1.099246e+00
3.558000e+00
1.688309e+01
7.464447e+01
3.622187e+01
1.966301e+01
6.428718e+00
2.367390e+01
3.630602e+01
2.420875e+01
1.636569e+01
3.624682e+00
6.031546e+00
0.000000e+00
0.000000e+00
0.000000e+00
0.000000e+00
0.000000e+00
0.000000e+00
0.000000e+00
0.000000e+00
0.000000e+00
0.000000e+00
0.000000e+00
0.000000e+00
9.679000e-02
3.432205e-02
2.193556e-02
1.938882e-02
9.011317e-03
3.359310e-03
