6.719700e-02
2.410310e-02
8.688028e-03
0.000000e+00
0.000000e+00
0.000000e+00
0.000000e+00
0.000000e+00
0.000000e+00
1.424874e-02
9.756365e-04
4.167105e-04
3.189900e-02
3.120381e-02
1.106982e-02
7.056119e-03
6.233216e-03
1.317429e-03
1.105637e+01
1.026528e+01
1.211693e+01
3.054502e+00
1.590242e+00
3.897453e-01
7.040000e-01
4.443759e+01
1.304424e+01
4.298947e+00
2.796177e+00
1.829315e+00
2.850540e+01
7.938797e+01
2.693803e+01
1.276289e+01
7.377209e-01
7.811185e-01
0.000000e+00
0.000000e+00
0.000000e+00
0.000000e+00
0.000000e+00
0.000000e+00
0.000000e+00
0.000000e+00
0.000000e+00
0.000000e+00
0.000000e+00
0.000000e+00
1.025500e-01
1.780358e-02
4.439679e-02
3.128725e-03
4.084816e-03
9.476221e-04
