0.000000e+00
2.011787e-01
0.000000e+00
5.018911e-02
0.000000e+00
4.480345e-03
4.440000e-02
0.000000e+00
1.285210e-01
0.000000e+00
1.817215e-02
0.000000e+00
7.728500e-02
0.000000e+00
8.678925e-02
0.000000e+00
1.313021e-02
1.205013e-04
9.655996e+00
7.586247e+00
1.140793e+01
3.451871e+00
2.596989e+00
3.810348e-01
4.299000e+00
1.267809e+01
2.064252e+01
4.330364e+00
2.663174e+00
1.282978e-01
2.924240e+01
6.755104e+01
5.921694e+01
2.230858e+01
9.530277e+00
1.685270e+00
0.000000e+00
0.000000e+00
0.000000e+00
0.000000e+00
0.000000e+00
0.000000e+00
0.000000e+00
0.000000e+00
0.000000e+00
0.000000e+00
0.000000e+00
0.000000e+00
1.338000e-01
3.162119e-02
5.557478e-02
2.551559e-02
1.770396e-02
3.617717e-03
