1.505630e-01
0.000000e+00
1.477204e-01
0.000000e+00
8.843402e-03
1.398486e-03
0.000000e+00
3.089798e-01
0.000000e+00
4.973864e-02
0.000000e+00
0.000000e+00
7.527500e-02
0.000000e+00
2.636616e-02
1.571783e-02
3.581230e-03
1.826080e-03
1.072376e+01
1.915873e+01
7.229349e+00
4.169017e+00
1.964072e+00
7.199806e-01
7.072000e+00
1.446160e+01
4.117540e+01
8.064455e+00
9.539716e+00
2.752983e+00
2.948110e+01
8.519393e+01
2.139348e+01
8.600840e+00
4.192223e+00
3.455527e+00
0.000000e+00
0.000000e+00
0.000000e+00
0.000000e+00
0.000000e+00
0.000000e+00
0.000000e+00
0.000000e+00
0.000000e+00
0.000000e+00
0.000000e+00
0.000000e+00
1.183500e-01
3.826421e-02
6.446191e-02
9.647491e-03
7.647865e-03
3.564835e-03
