0.000000e+00
1.306332e-01
0.000000e+00
9.398207e-03
4.194359e-03
0.000000e+00
4.430700e-02
0.000000e+00
6.240555e-02
0.000000e+00
0.000000e+00
1.739640e-03
4.379000e-02
0.000000e+00
1.743350e-02
6.848816e-03
0.000000e+00
2.664806e-03
1.346938e+01
7.301353e+00
1.155567e+01
4.684935e+00
1.258367e+00
4.126814e-01
4.057000e+00
1.331304e+01
1.281937e+01
5.782399e+00
8.021088e-01
5.842257e-01
3.032980e+01
7.750003e+01
4.962235e+01
1.925909e+01
5.510564e+00
1.464548e+00
0.000000e+00
0.000000e+00
0.000000e+00
0.000000e+00
0.000000e+00
0.000000e+00
0.000000e+00
0.000000e+00
0.000000e+00
0.000000e+00
0.000000e+00
0.000000e+00
1.362200e-01
4.579327e-02
5.403844e-02
4.138777e-02
1.111662e-02
3.102910e-03
