1.706200e-01
1.628480e-01
0.000000e+00
8.455510e-03
1.418114e-03
0.000000e+00
0.000000e+00
0.000000e+00
1.321685e-01
0.000000e+00
0.000000e+00
0.000000e+00
2.051080e-01
0.000000e+00
1.256916e-01
3.360590e-02
7.959084e-03
0.000000e+00
8.805135e+00
1.086585e+01
1.305269e+01
6.116760e+00
4.509214e-01
0.000000e+00
2.652300e+01
1.467715e+02
1.749601e+01
2.375201e+01
5.347405e-01
0.000000e+00
2.033500e+01
1.515186e+01
0.000000e+00
0.000000e+00
8.623530e-01
0.000000e+00
0.000000e+00
0.000000e+00
1.076394e+01
3.908490e+00
0.000000e+00
0.000000e+00
3.120000e-02
1.780357e-02
0.000000e+00
0.000000e+00
0.000000e+00
0.000000e+00
0.000000e+00
0.000000e+00
6.311694e-03
1.178932e-02
2.895659e-03
0.000000e+00
