1.671270e-01
0.000000e+00
1.793033e-01
0.000000e+00
1.401976e-02
1.256322e-03
0.000000e+00
3.363806e-01
0.000000e+00
5.588845e-02
0.000000e+00
0.000000e+00
0.000000e+00
2.620608e-01
0.000000e+00
7.076913e-02
0.000000e+00
3.526590e-03
9.373717e+00
1.845336e+01
5.341806e+00
3.404619e+00
1.132843e+00
3.029314e-01
7.107000e+00
1.615832e+01
3.107448e+00
4.277906e+00
4.980029e+00
3.182909e-02
3.062830e+01
8.387381e+01
3.102504e+01
4.424761e+00
2.520308e+00
1.408243e+00
0.000000e+00
0.000000e+00
0.000000e+00
0.000000e+00
0.000000e+00
0.000000e+00
0.000000e+00
0.000000e+00
0.000000e+00
0.000000e+00
0.000000e+00
0.000000e+00
1.295800e-01
4.521140e-02
6.874953e-02
1.520597e-02
8.278927e-03
1.737972e-03
