1.084870e-01
0.000000e+00
1.366316e-01
0.000000e+00
1.371983e-02
1.776956e-04
0.000000e+00
2.269329e-01
0.000000e+00
5.197841e-02
0.000000e+00
0.000000e+00
0.000000e+00
8.363716e-02
0.000000e+00
2.577232e-02
5.698599e-03
0.000000e+00
1.314352e+01
1.556997e+01
7.743107e+00
3.582649e+00
1.746411e+00
3.919831e-01
1.367000e+00
4.740754e+01
3.388452e+00
7.891941e+00
2.830320e+00
3.999207e-01
3.014840e+01
8.129544e+01
3.460167e+01
1.278785e+01
5.411143e+00
2.076185e+00
0.000000e+00
0.000000e+00
0.000000e+00
0.000000e+00
0.000000e+00
0.000000e+00
0.000000e+00
0.000000e+00
0.000000e+00
0.000000e+00
0.000000e+00
0.000000e+00
1.331500e-01
4.817403e-02
7.371486e-02
1.052391e-02
1.605216e-02
2.297322e-03
