1.096600e-02
4.585511e-02
0.000000e+00
3.782305e-03
5.326676e-03
0.000000e+00
0.000000e+00
0.000000e+00
4.418775e-02
0.000000e+00
0.000000e+00
1.269203e-03
9.839400e-02
0.000000e+00
6.197292e-05
1.538598e-02
1.645920e-03
1.321291e-03
1.176711e+01
1.147047e+01
1.089202e+01
4.716887e+00
1.174170e+00
4.387120e-01
3.969000e+00
1.542101e+01
1.037663e+01
3.609537e+00
9.328663e-01
3.097851e-01
2.969110e+01
7.610407e+01
5.020910e+01
1.968383e+01
5.404006e+00
1.659532e+00
0.000000e+00
0.000000e+00
0.000000e+00
0.000000e+00
0.000000e+00
0.000000e+00
0.000000e+00
0.000000e+00
0.000000e+00
0.000000e+00
0.000000e+00
0.000000e+00
1.413500e-01
4.588739e-02
5.664857e-02
4.222057e-02
1.178525e-02
3.429839e-03
