2.237460e-01
0.000000e+00
1.659861e-01
0.000000e+00
0.000000e+00
0.000000e+00
0.000000e+00
4.561564e-01
0.000000e+00
7.824479e-03
4.631394e-03
1.595652e-03
0.000000e+00
7.728537e-02
0.000000e+00
1.082848e-02
8.715903e-03
2.921190e-04
5.514679e+00
2.288607e+01
4.475095e+00
2.598886e+00
2.296055e+00
2.238004e-01
2.244000e+00
3.417016e+01
2.235128e+00
1.202919e+01
1.461256e+00
2.335962e-01
3.033060e+01
8.388441e+01
3.375704e+01
1.236321e+01
3.098073e+00
1.726654e+00
0.000000e+00
0.000000e+00
0.000000e+00
0.000000e+00
0.000000e+00
0.000000e+00
0.000000e+00
0.000000e+00
0.000000e+00
0.000000e+00
0.000000e+00
0.000000e+00
1.184400e-01
3.994384e-02
6.533335e-02
6.389758e-03
1.605403e-02
4.086319e-04
