5.687400e-02
0.000000e+00
2.822128e-03
2.004396e-02
0.000000e+00
5.453705e-03
0.000000e+00
1.053453e-01
0.000000e+00
0.000000e+00
1.411315e-02
0.000000e+00
1.354080e-01
0.000000e+00
8.767839e-02
1.164296e-02
0.000000e+00
6.068674e-03
9.721932e+00
1.803974e+01
9.413311e+00
2.503583e+00
2.105840e+00
8.003780e-01
2.755000e+00
6.054373e+00
2.171956e+01
1.016773e+01
1.390802e+00
3.513079e-01
2.998240e+01
8.590371e+01
2.351870e+01
1.108352e+01
9.717316e+00
2.886828e+00
0.000000e+00
0.000000e+00
0.000000e+00
0.000000e+00
0.000000e+00
0.000000e+00
0.000000e+00
0.000000e+00
0.000000e+00
0.000000e+00
0.000000e+00
0.000000e+00
1.254600e-01
4.449300e-02
7.270566e-02
1.153766e-02
9.543373e-03
8.789723e-03
