1.545270e-01
0.000000e+00
1.577083e-01
0.000000e+00
3.687629e-02
0.000000e+00
0.000000e+00
2.876485e-01
0.000000e+00
7.204176e-02
0.000000e+00
1.756382e-02
2.489800e-02
2.966728e-02
0.000000e+00
2.352490e-02
0.000000e+00
5.788637e-03
1.019191e+01
1.782080e+01
7.628519e+00
4.317169e+00
1.097282e+00
1.183379e+00
6.621000e+00
1.055515e+01
2.739025e+01
1.244148e+01
8.447343e+00
4.165664e+00
2.921800e+01
8.433016e+01
2.052902e+01
7.075310e+00
3.431269e+00
2.774587e+00
0.000000e+00
0.000000e+00
0.000000e+00
0.000000e+00
0.000000e+00
0.000000e+00
0.000000e+00
0.000000e+00
0.000000e+00
0.000000e+00
0.000000e+00
0.000000e+00
1.055100e-01
3.292654e-02
5.698595e-02
8.140289e-03
7.249174e-03
1.893322e-03
