5.125900e-02
1.985105e-01
0.000000e+00
1.421423e-01
0.000000e+00
0.000000e+00
0.000000e+00
0.000000e+00
2.357127e-01
0.000000e+00
5.546952e-02
5.545230e-03
8.732900e-02
0.000000e+00
8.953192e-02
0.000000e+00
2.584192e-02
4.213487e-03
9.634083e+00
1.137857e+01
1.467673e+01
3.203611e+00
3.569715e+00
5.906462e-01
9.362000e+00
1.051653e+02
1.901652e+01
6.076476e+01
3.412732e+00
1.643363e+00
2.341350e+01
2.783077e+01
2.390098e+01
1.095128e+01
0.000000e+00
1.350659e+00
0.000000e+00
0.000000e+00
0.000000e+00
0.000000e+00
9.043755e-01
0.000000e+00
0.000000e+00
0.000000e+00
0.000000e+00
0.000000e+00
0.000000e+00
0.000000e+00
7.533000e-02
1.917528e-02
1.825683e-02
1.614788e-02
4.904816e-03
1.340023e-03
