1.145900e-01
0.000000e+00
1.030439e-01
0.000000e+00
0.000000e+00
3.237516e-03
0.000000e+00
2.174777e-01
0.000000e+00
2.684214e-02
3.689887e-03
0.000000e+00
4.404400e-02
0.000000e+00
1.866670e-02
9.616690e-03
1.023779e-03
2.234111e-03
8.722908e+00
1.945643e+01
6.715551e+00
4.312839e+00
2.079754e+00
9.277779e-01
7.209000e+00
1.658413e+01
2.856506e+01
2.144817e+01
5.121723e+00
2.729626e+00
2.935980e+01
8.713187e+01
2.437198e+01
7.222101e+00
8.017024e+00
2.678103e+00
0.000000e+00
0.000000e+00
0.000000e+00
0.000000e+00
0.000000e+00
0.000000e+00
0.000000e+00
0.000000e+00
0.000000e+00
0.000000e+00
0.000000e+00
0.000000e+00
1.007500e-01
3.151775e-02
5.846216e-02
6.651443e-03
8.325970e-03
3.162776e-03
