2.086060e-01
0.000000e+00
0.000000e+00
2.477668e-02
0.000000e+00
9.715817e-04
0.000000e+00
1.505006e-01
9.241710e-03
0.000000e+00
1.274219e-02
0.000000e+00
6.640000e-04
8.738984e-02
8.960607e-03
1.737903e-02
1.117334e-02
8.476983e-04
5.262025e+00
1.960865e+01
1.142717e+01
7.232540e+00
3.556378e+00
6.504396e-01
1.803200e+01
1.010017e+02
2.079735e+01
6.185031e+01
1.823832e+01
3.745497e-01
2.305990e+01
3.447142e+01
2.238944e+01
5.021589e+00
0.000000e+00
5.249895e+00
0.000000e+00
0.000000e+00
0.000000e+00
0.000000e+00
1.923502e+00
0.000000e+00
0.000000e+00
0.000000e+00
0.000000e+00
0.000000e+00
0.000000e+00
0.000000e+00
8.130000e-02
2.299959e-02
1.213047e-02
1.533979e-03
7.336692e-03
1.547109e-04
