0.000000e+00
2.086507e-02
0.000000e+00
0.000000e+00
5.158725e-03
0.000000e+00
9.303000e-03
0.000000e+00
4.286062e-04
2.643396e-03
0.000000e+00
1.571821e-03
8.863000e-03
3.640378e-02
0.000000e+00
2.135142e-02
0.000000e+00
3.206236e-03
1.217196e+01
1.344811e+01
8.976565e+00
5.580886e+00
4.952968e-01
2.421452e-01
5.877000e+00
3.976247e+00
1.812767e+01
3.602873e+00
1.121824e-01
1.418112e+00
3.034250e+01
8.116394e+01
5.236918e+01
1.552384e+01
2.415330e+00
9.785496e-01
0.000000e+00
0.000000e+00
0.000000e+00
0.000000e+00
0.000000e+00
0.000000e+00
0.000000e+00
0.000000e+00
0.000000e+00
0.000000e+00
0.000000e+00
0.000000e+00
1.352600e-01
4.324878e-02
5.407850e-02
4.586886e-02
4.604568e-03
5.238260e-04
