5.371200e-02
0.000000e+00
1.184696e-01
0.000000e+00
1.988740e-02
9.852579e-04
0.000000e+00
1.378055e-01
0.000000e+00
6.372922e-02
0.000000e+00
0.000000e+00
4.498800e-02
0.000000e+00
2.071413e-02
1.582681e-03
6.677854e-03
0.000000e+00
1.459440e+01
1.247239e+01
8.272962e+00
4.167607e+00
1.514803e+00
2.048725e-01
4.173000e+00
3.018873e+01
2.545721e+00
1.006170e+01
1.955795e+00
5.351157e-01
3.054970e+01
8.206250e+01
3.520832e+01
1.662489e+01
4.836019e+00
7.825506e-01
0.000000e+00
0.000000e+00
0.000000e+00
0.000000e+00
0.000000e+00
0.000000e+00
0.000000e+00
0.000000e+00
0.000000e+00
0.000000e+00
0.000000e+00
0.000000e+00
1.331000e-01
4.786313e-02
7.418747e-02
1.047232e-02
1.895604e-02
8.497284e-04
