1.972310e-01
0.000000e+00
0.000000e+00
7.048427e-02
0.000000e+00
2.057216e-03
0.000000e+00
7.936728e-02
1.331082e-01
0.000000e+00
1.647268e-02
0.000000e+00
1.769800e-02
8.843477e-02
6.270284e-02
0.000000e+00
9.720560e-03
9.798849e-04
4.821392e+00
1.875649e+01
1.428816e+01
4.184722e+00
2.045527e+00
9.000421e-01
1.352300e+01
1.609820e+02
2.469322e+01
5.572840e+01
3.861598e+00
2.894401e+00
2.429080e+01
3.524517e+01
4.168744e+01
1.312992e+01
4.184336e+00
2.415282e+00
0.000000e+00
0.000000e+00
0.000000e+00
0.000000e+00
0.000000e+00
0.000000e+00
0.000000e+00
0.000000e+00
0.000000e+00
0.000000e+00
0.000000e+00
0.000000e+00
8.457000e-02
2.390563e-02
2.338375e-02
2.171529e-02
5.500205e-03
4.459366e-03
