0.000000e+00
3.122417e-02
0.000000e+00
2.683324e-04
0.000000e+00
4.458115e-04
1.568900e-02
0.000000e+00
5.672664e-03
0.000000e+00
2.907491e-03
0.000000e+00
6.011200e-02
0.000000e+00
6.929059e-03
7.770176e-03
7.397473e-03
8.521631e-04
1.295589e+01
1.103100e+01
1.036189e+01
4.928496e+00
1.640492e+00
1.752880e-01
3.556000e+00
2.118528e+01
9.709931e+00
4.400447e+00
7.399022e-01
1.535204e-01
3.015040e+01
8.063817e+01
4.864637e+01
2.270725e+01
4.725424e+00
7.700247e-01
0.000000e+00
0.000000e+00
0.000000e+00
0.000000e+00
0.000000e+00
0.000000e+00
0.000000e+00
0.000000e+00
0.000000e+00
0.000000e+00
0.000000e+00
0.000000e+00
1.403400e-01
4.754270e-02
5.577320e-02
3.614314e-02
1.516293e-02
1.637219e-03
