5.493000e-03
5.051538e-02
0.000000e+00
1.454189e-03
0.000000e+00
2.055033e-03
0.000000e+00
0.000000e+00
2.296068e-02
0.000000e+00
1.675537e-03
0.000000e+00
0.000000e+00
9.193677e-03
2.696844e-02
3.213565e-02
9.568521e-04
0.000000e+00
1.327865e+01
7.320658e+00
1.218349e+01
3.809520e+00
8.921054e-01
3.954178e-01
9.991000e+00
7.600384e+00
5.925465e+01
9.624698e+00
2.797354e+00
2.711939e+00
3.023270e+01
9.189851e+01
4.002624e+01
8.417432e+01
1.271831e+00
8.642932e-01
0.000000e+00
0.000000e+00
0.000000e+00
0.000000e+00
0.000000e+00
0.000000e+00
0.000000e+00
0.000000e+00
0.000000e+00
0.000000e+00
0.000000e+00
0.000000e+00
1.192500e-01
3.812487e-02
6.282704e-02
1.863944e-02
1.448736e-03
1.205036e-03
