1.425880e-01
0.000000e+00
1.726671e-01
0.000000e+00
1.998334e-02
0.000000e+00
0.000000e+00
3.106998e-01
0.000000e+00
5.919441e-02
0.000000e+00
8.461475e-04
6.724000e-03
4.377284e-02
0.000000e+00
1.112054e-02
0.000000e+00
9.540278e-04
1.003360e+01
1.801178e+01
6.271796e+00
4.112273e+00
1.839358e+00
5.012703e-01
1.124000e+00
5.144151e+01
5.023840e+00
1.177688e+01
8.720933e+00
2.504849e-01
3.042170e+01
8.085528e+01
3.508177e+01
1.337455e+01
5.728010e+00
3.213920e+00
0.000000e+00
0.000000e+00
0.000000e+00
0.000000e+00
0.000000e+00
0.000000e+00
0.000000e+00
0.000000e+00
0.000000e+00
0.000000e+00
0.000000e+00
0.000000e+00
1.232200e-01
4.319468e-02
6.706232e-02
9.425545e-03
1.496750e-02
2.149620e-03
