1.325870e-01
0.000000e+00
1.380542e-01
0.000000e+00
9.191188e-03
2.728499e-03
0.000000e+00
2.683263e-01
0.000000e+00
4.003475e-02
0.000000e+00
0.000000e+00
2.266000e-03
2.607417e-02
0.000000e+00
1.312336e-02
7.106057e-04
6.063830e-05
1.112853e+01
1.808566e+01
7.125397e+00
3.712343e+00
2.132848e+00
3.590672e-01
1.549000e+00
7.688446e+01
5.811124e+00
1.525508e+01
3.823052e+00
6.976292e-01
3.049110e+01
8.004574e+01
3.490295e+01
1.360855e+01
4.848769e+00
3.139892e+00
0.000000e+00
0.000000e+00
0.000000e+00
0.000000e+00
0.000000e+00
0.000000e+00
0.000000e+00
0.000000e+00
0.000000e+00
0.000000e+00
0.000000e+00
0.000000e+00
1.212600e-01
4.093411e-02
6.562509e-02
8.486249e-03
1.408939e-02
1.978973e-03
