1.787740e-01
0.000000e+00
0.000000e+00
3.257661e-02
0.000000e+00
1.993613e-02
0.000000e+00
7.962223e-02
3.276601e-02
0.000000e+00
3.919474e-02
0.000000e+00
0.000000e+00
2.427057e-02
8.026864e-03
2.646547e-03
8.497036e-03
6.558927e-04
5.713250e+00
1.844712e+01
1.249562e+01
6.102777e+00
4.361351e+00
7.067643e-01
6.390000e+00
7.481471e+01
1.150758e+02
1.295593e+01
1.288118e+01
2.713784e+00
2.338530e+01
3.353652e+01
2.326205e+01
1.285590e+01
9.523432e+00
1.847123e+00
0.000000e+00
0.000000e+00
0.000000e+00
0.000000e+00
0.000000e+00
0.000000e+00
0.000000e+00
0.000000e+00
0.000000e+00
0.000000e+00
0.000000e+00
0.000000e+00
9.688000e-02
3.274705e-02
2.445335e-02
2.126353e-02
1.275039e-02
7.172392e-03
