8.480000e-02
6.933671e-02
0.000000e+00
3.387568e-02
4.339498e-03
0.000000e+00
0.000000e+00
0.000000e+00
1.276763e-01
0.000000e+00
0.000000e+00
1.203363e-02
0.000000e+00
1.076678e-01
0.000000e+00
2.952294e-02
0.000000e+00
6.228242e-03
1.419379e+01
1.065880e+01
1.687586e+01
6.701226e+00
3.128641e+00
1.318114e+00
3.083000e+00
1.396742e+01
9.096275e+01
1.894334e+01
2.170820e+01
9.974031e-01
2.396740e+01
3.696210e+01
2.797875e+01
6.938340e+01
5.399699e+00
3.739495e+00
0.000000e+00
0.000000e+00
0.000000e+00
0.000000e+00
0.000000e+00
0.000000e+00
0.000000e+00
0.000000e+00
0.000000e+00
0.000000e+00
0.000000e+00
0.000000e+00
9.314000e-02
3.220361e-02
1.573847e-02
2.151059e-02
7.551323e-03
3.603904e-03
