2.058160e-01
0.000000e+00
0.000000e+00
0.000000e+00
1.772198e-02
0.000000e+00
0.000000e+00
9.753690e-02
6.837455e-03
3.644533e-02
0.000000e+00
0.000000e+00
1.451400e-02
1.275627e-01
3.717087e-02
6.166825e-02
0.000000e+00
0.000000e+00
4.974810e+00
1.761080e+01
1.051677e+01
3.317904e+00
2.813108e-01
0.000000e+00
3.674000e+00
3.094307e+01
7.497469e+01
2.906512e+00
5.729509e-02
0.000000e+00
2.322150e+01
3.012488e+01
2.589953e+01
1.223101e+01
1.835157e+00
0.000000e+00
0.000000e+00
0.000000e+00
0.000000e+00
0.000000e+00
0.000000e+00
0.000000e+00
0.000000e+00
0.000000e+00
0.000000e+00
0.000000e+00
0.000000e+00
0.000000e+00
4.510000e-02
1.647798e-02
1.560134e-02
1.488317e-02
8.636607e-03
0.000000e+00
