2.752000e-03
7.208653e-02
0.000000e+00
2.137656e-02
0.000000e+00
0.000000e+00
0.000000e+00
0.000000e+00
5.789087e-02
0.000000e+00
3.060501e-03
1.023737e-03
6.585200e-02
0.000000e+00
4.416063e-02
0.000000e+00
7.562928e-03
3.292933e-03
1.166731e+01
1.137787e+01
1.256339e+01
4.531275e+00
1.763668e+00
6.124646e-01
1.212000e+00
4.412255e+01
8.053721e+00
1.546325e+01
4.041780e+00
1.258038e+00
2.888600e+01
8.154271e+01
4.915263e+01
1.809749e+01
3.798169e+00
1.101037e+00
0.000000e+00
0.000000e+00
0.000000e+00
0.000000e+00
0.000000e+00
0.000000e+00
0.000000e+00
0.000000e+00
0.000000e+00
0.000000e+00
0.000000e+00
0.000000e+00
1.296900e-01
4.279686e-02
5.081623e-02
3.285942e-02
1.095712e-02
2.457092e-03
