1.340740e-01
0.000000e+00
0.000000e+00
0.000000e+00
2.141866e-02
0.000000e+00
0.000000e+00
1.114118e-01
1.995934e-02
2.914506e-02
0.000000e+00
9.999551e-04
9.855000e-03
2.206739e-02
9.804369e-02
2.172681e-02
0.000000e+00
1.784564e-03
5.806484e+00
2.568734e+01
1.718237e+01
5.181064e+00
1.241752e+00
7.467567e-01
5.610000e-01
1.099722e+02
6.035726e+01
1.848298e+01
1.520067e-01
3.064342e-01
2.803840e+01
8.532460e+01
1.943122e+02
2.073688e+01
9.809336e+00
1.611772e+00
0.000000e+00
0.000000e+00
0.000000e+00
0.000000e+00
0.000000e+00
0.000000e+00
0.000000e+00
0.000000e+00
0.000000e+00
0.000000e+00
0.000000e+00
0.000000e+00
9.933000e-02
1.375963e-02
4.117247e-02
8.779327e-03
1.551805e-02
6.126139e-03
