1.713900e-01
0.000000e+00
0.000000e+00
0.000000e+00
3.758125e-02
0.000000e+00
0.000000e+00
1.227203e-01
4.968548e-02
1.143791e-02
0.000000e+00
9.671117e-03
0.000000e+00
9.334598e-02
0.000000e+00
3.539949e-02
0.000000e+00
1.773924e-02
6.205877e+00
1.957801e+01
1.397665e+01
6.553233e+00
1.605987e+00
1.167310e+00
6.127000e+00
4.430296e+01
4.481367e+01
2.968923e+01
3.026095e+01
6.189224e+00
2.401480e+01
3.459131e+01
2.885160e+01
1.385155e+01
6.588945e+00
1.056763e+00
0.000000e+00
0.000000e+00
0.000000e+00
0.000000e+00
0.000000e+00
0.000000e+00
0.000000e+00
0.000000e+00
0.000000e+00
0.000000e+00
0.000000e+00
0.000000e+00
1.098700e-01
3.766179e-02
2.765029e-02
2.666714e-02
7.070689e-03
1.577608e-03
