2.880270e-01
0.000000e+00
2.367894e-01
0.000000e+00
0.000000e+00
9.679268e-03
0.000000e+00
6.058616e-01
0.000000e+00
1.750830e-02
8.674485e-03
0.000000e+00
0.000000e+00
1.338879e-01
0.000000e+00
9.447693e-03
1.364453e-02
0.000000e+00
4.590549e+00
2.326226e+01
3.607612e+00
3.035159e+00
2.070729e+00
3.421202e-01
1.130100e+01
1.228050e+00
5.444767e+00
8.399898e+00
3.445117e+00
2.128756e-01
3.042720e+01
7.941415e+01
2.965434e+01
0.000000e+00
0.000000e+00
2.169588e+00
0.000000e+00
0.000000e+00
0.000000e+00
4.317380e-01
2.317702e+00
0.000000e+00
0.000000e+00
0.000000e+00
0.000000e+00
0.000000e+00
0.000000e+00
0.000000e+00
1.176800e-01
4.200523e-02
6.399830e-02
7.145507e-03
1.000174e-02
3.098730e-03
