1.871970e-01
0.000000e+00
1.470944e-01
0.000000e+00
5.826440e-03
1.942379e-03
0.000000e+00
3.615331e-01
0.000000e+00
2.569843e-02
0.000000e+00
0.000000e+00
0.000000e+00
6.392692e-02
0.000000e+00
0.000000e+00
4.862627e-03
0.000000e+00
7.756820e+00
1.962359e+01
5.565655e+00
3.097712e+00
1.430271e+00
2.156986e-01
1.072000e+00
3.604027e+01
2.639820e+00
4.534003e+00
7.030765e-01
1.888451e+00
3.032170e+01
8.435334e+01
3.544776e+01
1.366658e+01
3.176829e+00
7.004266e-01
0.000000e+00
0.000000e+00
0.000000e+00
0.000000e+00
0.000000e+00
0.000000e+00
0.000000e+00
0.000000e+00
0.000000e+00
0.000000e+00
0.000000e+00
0.000000e+00
1.103900e-01
3.534787e-02
5.993815e-02
1.203457e-02
9.323682e-03
3.016263e-04
