1.209630e-01
0.000000e+00
1.351760e-01
0.000000e+00
0.000000e+00
4.981437e-03
0.000000e+00
2.776035e-01
0.000000e+00
2.143280e-02
1.074226e-02
0.000000e+00
0.000000e+00
1.237407e-01
0.000000e+00
2.295444e-02
5.293738e-03
2.909210e-03
8.929441e+00
2.168923e+01
4.713443e+00
4.323259e+00
2.180573e+00
9.122323e-01
7.321000e+00
1.346223e+01
2.627016e+01
2.221515e+01
3.183409e+00
5.396347e+00
2.957600e+01
8.694746e+01
2.382193e+01
6.403398e+00
8.555053e+00
1.792923e+00
0.000000e+00
0.000000e+00
0.000000e+00
0.000000e+00
0.000000e+00
0.000000e+00
0.000000e+00
0.000000e+00
0.000000e+00
0.000000e+00
0.000000e+00
0.000000e+00
1.246800e-01
4.152047e-02
6.980820e-02
6.642234e-03
8.173771e-03
3.526481e-03
