3.472360e-01
0.000000e+00
8.535930e-04
2.792568e-02
0.000000e+00
1.001749e-02
0.000000e+00
1.957457e-01
0.000000e+00
0.000000e+00
3.643146e-02
0.000000e+00
2.308400e-02
9.207213e-03
3.014110e-02
8.188706e-03
6.902510e-03
4.836132e-03
4.264642e+00
1.826627e+01
9.962848e+00
6.490883e+00
2.543137e+00
7.284551e-01
4.340000e-01
1.463823e+01
9.165077e+01
1.212273e+02
5.456949e+00
9.906561e+00
2.313120e+01
6.188273e+01
1.968158e+01
7.423124e+00
9.838246e+00
2.064371e+00
0.000000e+00
0.000000e+00
0.000000e+00
0.000000e+00
0.000000e+00
0.000000e+00
3.430000e-02
1.210668e-02
0.000000e+00
0.000000e+00
0.000000e+00
0.000000e+00
0.000000e+00
0.000000e+00
2.319837e-03
9.983947e-03
3.710410e-03
6.584314e-04
