7.665100e-02
9.848553e-02
0.000000e+00
1.020905e-01
0.000000e+00
1.371150e-02
0.000000e+00
0.000000e+00
1.777500e-01
0.000000e+00
5.128743e-02
0.000000e+00
9.063100e-02
0.000000e+00
1.068018e-01
0.000000e+00
3.448449e-02
0.000000e+00
8.743417e+00
1.540087e+01
1.487988e+01
4.929667e+00
3.736324e+00
5.377834e-01
1.216600e+01
1.052346e+02
1.320398e+01
7.330760e+01
1.889316e+00
1.446296e+01
2.384240e+01
2.949631e+01
2.855263e+01
1.258699e+01
1.103179e+01
5.445254e-01
0.000000e+00
0.000000e+00
0.000000e+00
0.000000e+00
0.000000e+00
0.000000e+00
0.000000e+00
0.000000e+00
0.000000e+00
0.000000e+00
0.000000e+00
5.453133e-04
1.016600e-01
3.305844e-02
2.874486e-02
2.274704e-02
8.914059e-03
0.000000e+00
