0.000000e+00
1.939563e-01
0.000000e+00
0.000000e+00
0.000000e+00
3.460310e-03
4.763600e-02
0.000000e+00
6.603131e-02
6.005641e-03
5.157026e-03
0.000000e+00
8.657900e-02
0.000000e+00
6.687978e-02
1.175795e-02
2.605083e-03
3.813315e-03
1.308973e+01
6.327427e+00
1.113166e+01
5.257478e+00
1.839733e+00
3.924038e-01
2.256000e+00
2.137284e+01
1.344862e+01
6.065557e+00
1.470310e+00
1.081054e-01
2.824140e+01
7.500159e+01
5.015455e+01
2.434297e+01
6.642703e+00
1.204220e+00
0.000000e+00
0.000000e+00
0.000000e+00
0.000000e+00
0.000000e+00
0.000000e+00
0.000000e+00
0.000000e+00
0.000000e+00
0.000000e+00
0.000000e+00
0.000000e+00
1.205300e-01
3.177093e-02
5.099354e-02
2.519138e-02
1.257360e-02
5.160534e-03
