1.810240e-01
0.000000e+00
6.563605e-02
4.886963e-03
0.000000e+00
1.937918e-02
0.000000e+00
2.392130e-01
0.000000e+00
0.000000e+00
2.622405e-02
0.000000e+00
6.585400e-02
0.000000e+00
1.468124e-02
9.178002e-03
1.093523e-02
0.000000e+00
5.131448e+00
2.107478e+01
7.950670e+00
5.680712e+00
3.379580e+00
5.047831e-01
7.819000e+00
1.371742e+01
1.725464e+01
3.118166e+01
2.481309e+00
6.762028e+00
2.861050e+01
7.230981e+01
3.240782e+01
1.734513e+01
7.414187e+00
1.328041e+00
0.000000e+00
0.000000e+00
0.000000e+00
0.000000e+00
0.000000e+00
0.000000e+00
0.000000e+00
0.000000e+00
0.000000e+00
0.000000e+00
0.000000e+00
0.000000e+00
1.170500e-01
3.335918e-02
4.033333e-02
1.404945e-02
1.338816e-02
1.648143e-03
