6.917500e-02
0.000000e+00
5.098475e-02
4.963611e-03
0.000000e+00
0.000000e+00
0.000000e+00
1.177325e-01
0.000000e+00
0.000000e+00
8.846615e-03
1.065022e-03
6.255700e-02
0.000000e+00
2.364103e-02
8.077677e-03
1.220380e-02
5.059715e-04
1.023744e+01
1.429642e+01
9.335708e+00
2.549961e+00
1.721587e+00
2.179078e-01
3.141000e+00
3.836498e+01
1.741793e+00
1.113842e+01
3.901968e-01
4.953859e-01
3.080480e+01
8.554737e+01
3.373855e+01
6.495141e+00
0.000000e+00
1.204586e+00
0.000000e+00
0.000000e+00
0.000000e+00
0.000000e+00
2.238274e+00
0.000000e+00
0.000000e+00
0.000000e+00
0.000000e+00
0.000000e+00
0.000000e+00
0.000000e+00
1.173200e-01
3.735158e-02
6.337001e-02
1.163417e-02
1.099465e-02
1.146218e-03
