4.638600e-02
0.000000e+00
5.067510e-02
0.000000e+00
0.000000e+00
3.170545e-04
0.000000e+00
5.869080e-02
0.000000e+00
1.417195e-02
2.729744e-03
0.000000e+00
8.534000e-02
0.000000e+00
2.729832e-02
1.853811e-03
8.978457e-03
1.674356e-03
1.380058e+01
1.127896e+01
9.721232e+00
3.351034e+00
1.970873e+00
3.898991e-01
1.044000e+00
5.446718e+01
2.505766e+00
8.907226e+00
2.552250e+00
1.287517e-01
3.023700e+01
8.357212e+01
3.216770e+01
8.013542e+00
0.000000e+00
0.000000e+00
0.000000e+00
0.000000e+00
0.000000e+00
0.000000e+00
5.819132e-01
3.981440e-01
0.000000e+00
0.000000e+00
0.000000e+00
0.000000e+00
0.000000e+00
0.000000e+00
1.115600e-01
3.430163e-02
5.782449e-02
5.806761e-03
1.070911e-02
2.426891e-03
