8.149400e-02
0.000000e+00
5.265842e-02
6.423501e-03
0.000000e+00
2.898763e-03
0.000000e+00
1.745386e-01
0.000000e+00
0.000000e+00
3.957151e-03
0.000000e+00
1.406100e-02
8.543389e-03
2.038456e-04
8.606618e-03
0.000000e+00
1.021481e-03
1.129812e+01
1.757842e+01
8.643698e+00
2.521647e+00
7.903116e-01
1.970545e-01
2.922000e+00
1.920496e+01
4.391763e+00
3.457025e+00
2.936019e-01
7.244352e-01
3.055950e+01
8.803897e+01
3.781204e+01
1.026569e+01
2.592061e+00
2.807275e-01
0.000000e+00
0.000000e+00
0.000000e+00
0.000000e+00
0.000000e+00
0.000000e+00
0.000000e+00
0.000000e+00
0.000000e+00
0.000000e+00
0.000000e+00
0.000000e+00
1.287000e-01
4.442294e-02
7.218187e-02
2.119766e-02
5.840526e-03
1.097114e-03
