3.601930e-01
0.000000e+00
2.083936e-01
0.000000e+00
1.361208e-03
1.095641e-04
0.000000e+00
3.902698e-01
0.000000e+00
6.799385e-02
0.000000e+00
0.000000e+00
0.000000e+00
1.693930e-01
2.200603e-03
1.993939e-02
8.356888e-04
1.484222e-03
6.952544e+00
2.001958e+01
9.962610e+00
4.892780e+00
9.811410e-01
6.307701e-01
1.672000e+00
2.291195e+01
4.895476e+01
1.021654e+01
1.412911e+01
3.224265e+00
2.445470e+01
8.607139e+01
5.682965e+01
2.307152e+01
3.387528e+00
2.404551e+00
0.000000e+00
0.000000e+00
0.000000e+00
0.000000e+00
0.000000e+00
0.000000e+00
0.000000e+00
0.000000e+00
2.265927e-02
0.000000e+00
0.000000e+00
0.000000e+00
5.830000e-03
1.647615e-02
0.000000e+00
1.805145e-02
4.391288e-04
4.047818e-04
