2.019000e-01
0.000000e+00
0.000000e+00
6.654944e-04
8.861708e-03
0.000000e+00
0.000000e+00
9.772845e-02
1.793339e-02
0.000000e+00
0.000000e+00
2.423800e-04
7.100000e-05
0.000000e+00
8.412777e-03
2.958667e-02
0.000000e+00
3.695363e-03
4.793841e+00
1.899507e+01
1.399486e+01
3.212183e+00
5.544053e-01
2.673092e-01
4.830000e-01
7.474120e+01
3.678029e+01
2.453705e+00
3.640838e-01
7.166927e-01
2.962950e+01
8.132655e+01
1.395269e+02
1.595566e+01
2.597698e+00
5.586595e-01
0.000000e+00
0.000000e+00
0.000000e+00
0.000000e+00
0.000000e+00
0.000000e+00
0.000000e+00
0.000000e+00
0.000000e+00
0.000000e+00
0.000000e+00
0.000000e+00
9.756000e-02
2.246911e-02
3.905593e-02
2.283759e-02
2.404529e-03
1.797097e-03
