2.097460e-01
0.000000e+00
1.703286e-01
0.000000e+00
0.000000e+00
9.843582e-03
0.000000e+00
4.091105e-01
0.000000e+00
1.340259e-02
1.043578e-02
0.000000e+00
7.558000e-03
6.818351e-02
0.000000e+00
0.000000e+00
1.105140e-02
0.000000e+00
5.575280e+00
2.124064e+01
4.708757e+00
3.419527e+00
2.223084e+00
1.844358e-01
9.440000e-01
7.439213e+01
6.905458e+00
3.113446e+01
3.612936e-01
3.082947e+00
3.066610e+01
8.237923e+01
3.519763e+01
1.159374e+01
6.868191e+00
2.594557e-01
0.000000e+00
0.000000e+00
0.000000e+00
0.000000e+00
0.000000e+00
0.000000e+00
0.000000e+00
0.000000e+00
0.000000e+00
0.000000e+00
0.000000e+00
0.000000e+00
1.150800e-01
3.845205e-02
6.224464e-02
5.997005e-03
1.494337e-02
5.970748e-04
