1.407600e-02
2.999805e-01
0.000000e+00
1.022250e-01
0.000000e+00
0.000000e+00
0.000000e+00
0.000000e+00
3.000396e-01
0.000000e+00
2.104545e-03
1.548389e-02
3.498400e-02
0.000000e+00
3.586534e-02
0.000000e+00
0.000000e+00
3.946508e-03
1.144485e+01
5.818781e+00
1.644640e+01
2.783267e+00
3.469527e+00
9.939170e-01
1.815600e+01
1.687733e+02
1.551515e+01
6.823994e+01
3.369648e+00
5.227364e-01
2.275550e+01
2.137364e+01
1.013046e-01
1.246340e+01
6.553989e+00
3.211845e+00
0.000000e+00
0.000000e+00
0.000000e+00
0.000000e+00
0.000000e+00
0.000000e+00
0.000000e+00
0.000000e+00
0.000000e+00
0.000000e+00
0.000000e+00
0.000000e+00
1.020300e-01
1.924131e-02
2.362263e-02
1.518967e-02
8.294162e-03
7.589424e-04
