3.680870e-01
0.000000e+00
1.795318e-01
0.000000e+00
2.056057e-02
0.000000e+00
0.000000e+00
4.423648e-01
0.000000e+00
5.054548e-02
0.000000e+00
7.069141e-03
1.104500e-02
1.504572e-01
0.000000e+00
1.936773e-02
5.668298e-03
8.700251e-05
5.394799e+00
1.642758e+01
7.437118e+00
5.343369e+00
2.450865e+00
1.210656e+00
7.660000e-01
1.566007e+01
9.395574e+01
1.336520e+01
1.858875e+01
5.408675e-01
2.803040e+01
1.052880e+02
1.754781e+01
1.255690e+01
6.169412e+00
2.499249e+00
0.000000e+00
0.000000e+00
0.000000e+00
0.000000e+00
0.000000e+00
0.000000e+00
0.000000e+00
0.000000e+00
0.000000e+00
0.000000e+00
0.000000e+00
0.000000e+00
1.076000e-02
1.123921e-02
5.922483e-03
9.521693e-03
7.982126e-03
3.728429e-03
