1.530650e-01
0.000000e+00
6.396911e-03
0.000000e+00
4.050908e-02
0.000000e+00
0.000000e+00
1.226839e-01
0.000000e+00
3.661344e-02
0.000000e+00
1.073150e-02
2.288300e-02
3.993096e-02
8.986866e-03
1.442120e-02
0.000000e+00
3.266816e-03
7.365639e+00
1.904846e+01
1.285782e+01
7.206648e+00
1.325413e+00
8.821986e-01
7.058000e+00
3.534105e+01
5.386965e+01
1.722919e+01
3.180873e+01
2.411713e+00
2.388280e+01
3.147761e+01
2.396301e+01
1.428290e+01
5.154417e+00
1.041770e+00
0.000000e+00
0.000000e+00
0.000000e+00
0.000000e+00
0.000000e+00
0.000000e+00
0.000000e+00
0.000000e+00
0.000000e+00
0.000000e+00
0.000000e+00
0.000000e+00
1.000800e-01
3.384735e-02
2.618439e-02
2.772674e-02
1.130018e-02
1.435709e-03
