3.722400e-02
0.000000e+00
0.000000e+00
2.732758e-02
0.000000e+00
0.000000e+00
0.000000e+00
8.856894e-05
3.756222e-02
0.000000e+00
9.676248e-03
2.070917e-03
1.084650e-01
0.000000e+00
2.381155e-02
1.741119e-02
1.065292e-03
4.087604e-03
1.117681e+01
1.533264e+01
1.184964e+01
5.169002e+00
2.439227e+00
1.356517e+00
1.035000e+00
1.767688e+01
2.118263e+01
2.315049e+01
1.372400e+01
5.413381e+00
2.851590e+01
8.010887e+01
3.448936e+01
1.092005e+01
5.745935e+00
3.863620e+00
0.000000e+00
0.000000e+00
0.000000e+00
0.000000e+00
0.000000e+00
0.000000e+00
0.000000e+00
0.000000e+00
0.000000e+00
0.000000e+00
0.000000e+00
0.000000e+00
1.224000e-01
3.656662e-02
4.949340e-02
2.747498e-02
6.470855e-03
5.984858e-03
