0.000000e+00
2.117348e-01
0.000000e+00
4.907508e-02
0.000000e+00
0.000000e+00
6.402900e-02
0.000000e+00
1.391647e-01
0.000000e+00
1.203134e-02
2.332408e-03
1.003010e-01
0.000000e+00
9.800212e-02
0.000000e+00
6.916033e-03
3.148841e-03
1.181721e+01
9.839099e+00
1.215299e+01
4.446709e+00
2.121174e+00
8.459107e-01
3.005000e+00
1.889531e+01
1.192271e+01
1.275321e+01
4.813182e+00
1.627555e+00
2.867630e+01
7.616674e+01
5.617420e+01
1.518713e+01
5.878953e+00
1.676363e+00
0.000000e+00
0.000000e+00
0.000000e+00
0.000000e+00
0.000000e+00
0.000000e+00
0.000000e+00
0.000000e+00
0.000000e+00
0.000000e+00
0.000000e+00
0.000000e+00
1.293300e-01
2.568766e-02
4.730691e-02
2.956006e-02
9.477589e-03
5.057421e-03
