1.399400e-01
0.000000e+00
0.000000e+00
5.212394e-02
0.000000e+00
6.124898e-03
0.000000e+00
7.166903e-02
7.056128e-02
0.000000e+00
2.212482e-02
0.000000e+00
1.400400e-02
6.334887e-02
1.378252e-02
2.342161e-02
3.244097e-03
3.911665e-03
6.606137e+00
1.954280e+01
1.234417e+01
5.257067e+00
3.077162e+00
5.813302e-01
4.663000e+00
4.333064e+01
4.235406e+01
3.636474e+01
8.018783e+00
5.697036e+00
2.397490e+01
3.258750e+01
2.396007e+01
1.463266e+01
7.320970e+00
2.593010e+00
0.000000e+00
0.000000e+00
0.000000e+00
0.000000e+00
0.000000e+00
0.000000e+00
0.000000e+00
0.000000e+00
0.000000e+00
0.000000e+00
0.000000e+00
0.000000e+00
1.054200e-01
3.673270e-02
2.793949e-02
2.852993e-02
1.024149e-02
4.690703e-03
