1.692630e-01
0.000000e+00
1.341699e-01
0.000000e+00
1.412461e-02
5.236024e-03
0.000000e+00
1.908079e-01
0.000000e+00
7.261402e-02
0.000000e+00
0.000000e+00
5.560900e-02
0.000000e+00
3.158773e-02
3.922078e-03
1.866546e-02
1.025237e-03
5.262025e+00
1.918684e+01
5.484365e+00
1.052384e+01
4.078439e+00
6.335601e-01
1.770800e+01
2.100750e+02
5.695332e+01
1.454160e+02
8.868305e+00
1.013999e+00
2.451220e+01
3.286610e+01
2.708756e+01
9.473970e+00
3.656359e+01
1.156662e+00
0.000000e+00
0.000000e+00
0.000000e+00
0.000000e+00
0.000000e+00
0.000000e+00
0.000000e+00
0.000000e+00
0.000000e+00
0.000000e+00
0.000000e+00
0.000000e+00
8.663000e-02
2.571041e-02
1.924659e-02
1.076213e-02
9.817551e-03
2.393426e-03
