2.524030e-01
0.000000e+00
1.736088e-01
0.000000e+00
1.780398e-02
0.000000e+00
0.000000e+00
4.199785e-01
0.000000e+00
5.392577e-02
0.000000e+00
0.000000e+00
0.000000e+00
1.123701e-01
0.000000e+00
3.741133e-02
6.094785e-03
0.000000e+00
4.577204e+00
1.962139e+01
7.812373e+00
4.239763e+00
7.155084e-01
0.000000e+00
2.460000e+00
3.911401e+00
9.721931e+01
7.216105e+00
3.992607e-02
0.000000e+00
2.902200e+01
7.764043e+01
1.828577e+01
2.381902e+01
1.902921e+00
0.000000e+00
0.000000e+00
0.000000e+00
0.000000e+00
0.000000e+00
0.000000e+00
0.000000e+00
0.000000e+00
0.000000e+00
0.000000e+00
0.000000e+00
0.000000e+00
0.000000e+00
8.231000e-02
2.448246e-02
3.859618e-02
7.726040e-03
2.919778e-03
0.000000e+00
