3.348600e-02
0.000000e+00
4.506970e-02
0.000000e+00
5.174435e-03
0.000000e+00
0.000000e+00
2.863062e-02
0.000000e+00
1.674573e-02
0.000000e+00
5.334289e-03
0.000000e+00
8.005649e-02
0.000000e+00
3.996821e-02
2.009130e-03
6.853331e-04
1.250766e+01
9.126881e+00
8.481461e+00
3.898245e+00
8.112438e-01
3.875565e-01
1.329300e+01
1.278654e+01
3.926284e+01
6.435383e+00
1.410817e+01
7.989149e-01
3.043950e+01
9.047507e+01
3.762694e+01
2.161831e+01
0.000000e+00
0.000000e+00
0.000000e+00
0.000000e+00
0.000000e+00
0.000000e+00
1.229764e+00
1.666574e+00
0.000000e+00
0.000000e+00
0.000000e+00
0.000000e+00
0.000000e+00
0.000000e+00
1.116000e-01
3.421002e-02
5.800746e-02
1.648840e-02
2.040687e-04
1.793927e-03
