0.000000e+00
1.286877e-02
6.126403e-04
1.492468e-02
0.000000e+00
0.000000e+00
2.208900e-02
0.000000e+00
0.000000e+00
0.000000e+00
3.013073e-03
6.511670e-03
6.776300e-02
0.000000e+00
4.831842e-02
0.000000e+00
7.751616e-03
3.478511e-03
1.584131e+01
9.007771e+00
1.124238e+01
2.360939e+00
1.005677e+00
6.069240e-01
6.120000e-01
9.840165e+01
1.246406e+01
2.228181e+01
1.604053e+00
2.544372e+00
3.027140e+01
8.861256e+01
3.751456e+01
5.105910e+00
7.858879e-02
6.824202e-01
0.000000e+00
0.000000e+00
0.000000e+00
0.000000e+00
0.000000e+00
0.000000e+00
0.000000e+00
0.000000e+00
0.000000e+00
0.000000e+00
0.000000e+00
0.000000e+00
1.209200e-01
3.957068e-02
6.641215e-02
1.606023e-02
1.105695e-03
8.267083e-04
