2.032900e-01
0.000000e+00
1.903334e-01
0.000000e+00
2.084981e-02
0.000000e+00
0.000000e+00
3.839644e-01
0.000000e+00
7.154341e-02
0.000000e+00
4.307271e-03
0.000000e+00
2.396493e-01
0.000000e+00
6.122614e-02
0.000000e+00
5.892840e-03
7.274481e+00
2.127329e+01
6.128288e+00
3.541135e+00
1.083837e+00
4.980362e-01
3.647000e+00
2.265839e+00
3.471834e+01
3.563627e+00
8.805799e-01
3.458749e-01
2.952430e+01
7.794917e+01
1.874699e+01
1.246362e+00
5.261482e+00
2.633001e+00
0.000000e+00
0.000000e+00
0.000000e+00
0.000000e+00
0.000000e+00
0.000000e+00
0.000000e+00
0.000000e+00
0.000000e+00
0.000000e+00
0.000000e+00
0.000000e+00
1.117100e-01
4.142376e-02
6.061998e-02
1.103496e-02
8.242793e-03
3.022983e-03
