1.585190e-01
0.000000e+00
0.000000e+00
8.744951e-03
0.000000e+00
9.882473e-03
0.000000e+00
1.372017e-01
7.344335e-03
0.000000e+00
6.411709e-03
0.000000e+00
1.637000e-02
4.452485e-02
1.041323e-02
1.506350e-02
3.277507e-03
8.557219e-04
6.370626e+00
2.023824e+01
1.206225e+01
7.495919e+00
2.875573e+00
6.896171e-01
4.070000e+00
1.975506e+01
1.110761e+02
7.459915e+00
1.989061e+01
5.253658e+00
2.385430e+01
3.270894e+01
2.427008e+01
1.294505e+01
5.844721e+00
1.722624e+00
0.000000e+00
0.000000e+00
0.000000e+00
0.000000e+00
0.000000e+00
0.000000e+00
0.000000e+00
0.000000e+00
0.000000e+00
0.000000e+00
0.000000e+00
0.000000e+00
1.069600e-01
3.765335e-02
2.904680e-02
3.019924e-02
1.023295e-02
4.515983e-03
