1.702900e-01
0.000000e+00
1.835799e-01
0.000000e+00
0.000000e+00
2.477737e-03
0.000000e+00
3.129735e-01
0.000000e+00
6.099217e-02
7.223109e-04
0.000000e+00
5.921600e-02
6.154572e-02
0.000000e+00
4.439787e-02
4.933716e-03
0.000000e+00
1.151869e+01
1.672585e+01
8.692848e+00
3.618050e+00
1.107231e+00
3.349787e-01
3.911000e+00
5.717872e+00
4.396250e+01
2.643423e+00
4.132111e+00
8.273611e-01
2.915280e+01
7.518481e+01
1.354157e+01
0.000000e+00
1.847011e+00
9.648732e-01
0.000000e+00
0.000000e+00
0.000000e+00
1.735295e+01
0.000000e+00
0.000000e+00
0.000000e+00
0.000000e+00
0.000000e+00
0.000000e+00
0.000000e+00
0.000000e+00
8.937000e-02
3.418304e-02
4.336942e-02
1.404296e-02
2.965395e-03
1.308684e-03
