3.513300e-02
2.240209e-01
0.000000e+00
1.756396e-02
4.024075e-03
1.777363e-03
0.000000e+00
0.000000e+00
1.113983e-01
0.000000e+00
0.000000e+00
0.000000e+00
7.488500e-02
0.000000e+00
8.665164e-02
7.368291e-03
6.526202e-03
5.403587e-04
8.044554e+00
5.510968e+00
1.368558e+01
7.147349e+00
2.012388e+00
8.748747e-02
1.243700e+01
5.495160e+00
8.306520e+01
1.993826e+01
5.065628e+00
7.156297e-03
2.934020e+01
6.836443e+01
4.631162e+01
2.333296e+01
4.759558e+00
3.288273e-01
0.000000e+00
0.000000e+00
0.000000e+00
0.000000e+00
0.000000e+00
0.000000e+00
0.000000e+00
0.000000e+00
0.000000e+00
0.000000e+00
0.000000e+00
0.000000e+00
1.338600e-01
4.314861e-02
3.391643e-02
4.397018e-02
1.573110e-02
1.563644e-03
