9.062000e-02
0.000000e+00
9.552039e-02
0.000000e+00
9.905645e-03
2.932797e-03
0.000000e+00
1.375847e-01
0.000000e+00
4.491551e-02
0.000000e+00
0.000000e+00
4.819800e-02
0.000000e+00
0.000000e+00
2.511731e-02
4.038623e-03
0.000000e+00
1.308973e+01
1.210878e+01
8.717859e+00
3.851591e+00
2.011640e+00
4.342669e-01
5.435000e+00
6.001297e+00
5.465085e+00
1.150843e+01
2.760489e+00
9.861004e-01
3.023660e+01
7.989601e+01
3.483323e+01
1.283484e+01
4.389873e+00
1.536047e+00
0.000000e+00
0.000000e+00
0.000000e+00
0.000000e+00
0.000000e+00
0.000000e+00
0.000000e+00
0.000000e+00
0.000000e+00
0.000000e+00
0.000000e+00
0.000000e+00
1.301200e-01
4.743703e-02
7.158194e-02
1.068260e-02
1.602952e-02
1.794253e-03
