8.758800e-02
0.000000e+00
4.041268e-02
0.000000e+00
2.867003e-03
3.151686e-03
0.000000e+00
1.437353e-01
0.000000e+00
1.442666e-02
0.000000e+00
0.000000e+00
1.389750e-01
0.000000e+00
9.571184e-02
2.627182e-02
0.000000e+00
2.675694e-03
7.756820e+00
2.109621e+01
8.602079e+00
3.671723e+00
9.614768e-01
1.632290e-01
1.041200e+01
9.509188e+00
1.220212e+01
5.658573e+00
3.633503e-01
1.090157e-01
3.014330e+01
7.504168e+01
4.245955e+01
1.627227e+01
3.790016e+00
6.988871e-01
0.000000e+00
0.000000e+00
0.000000e+00
0.000000e+00
0.000000e+00
0.000000e+00
0.000000e+00
0.000000e+00
0.000000e+00
0.000000e+00
0.000000e+00
0.000000e+00
1.194600e-01
2.811143e-02
6.204462e-02
4.522926e-03
5.752667e-03
2.816210e-03
