8.413500e-02
0.000000e+00
8.341963e-02
0.000000e+00
0.000000e+00
1.858496e-03
0.000000e+00
1.498578e-01
0.000000e+00
1.254531e-02
7.039352e-03
0.000000e+00
0.000000e+00
9.679275e-02
0.000000e+00
2.600626e-02
1.078885e-02
0.000000e+00
1.344202e+01
1.207366e+01
8.144830e+00
2.460389e+00
1.056324e+00
1.297351e-01
9.860000e-01
4.528700e+01
1.658255e+00
8.707893e+00
4.434597e+00
1.115800e-01
3.039540e+01
8.779943e+01
3.906143e+01
8.501150e+00
3.581347e+00
1.629287e+00
0.000000e+00
0.000000e+00
0.000000e+00
0.000000e+00
0.000000e+00
0.000000e+00
0.000000e+00
0.000000e+00
0.000000e+00
0.000000e+00
0.000000e+00
0.000000e+00
1.253100e-01
4.109193e-02
6.725481e-02
1.902271e-02
3.361678e-03
6.604746e-04
