2.715640e-01
0.000000e+00
1.264918e-01
2.760820e-03
0.000000e+00
0.000000e+00
0.000000e+00
3.909794e-01
0.000000e+00
0.000000e+00
1.018477e-02
0.000000e+00
0.000000e+00
1.370960e-01
1.762501e-02
1.109071e-02
1.276544e-02
0.000000e+00
4.264642e+00
1.983451e+01
6.190406e+00
2.607943e+00
1.600371e+00
0.000000e+00
2.730000e+00
3.759768e+00
1.036480e+01
1.533407e+01
2.819247e-01
0.000000e+00
2.907000e+01
7.893321e+01
3.567103e+01
6.722955e+00
2.117478e-02
0.000000e+00
0.000000e+00
0.000000e+00
0.000000e+00
0.000000e+00
0.000000e+00
0.000000e+00
0.000000e+00
0.000000e+00
0.000000e+00
0.000000e+00
0.000000e+00
0.000000e+00
8.505000e-02
1.180900e-02
4.955043e-02
2.781287e-03
1.243957e-02
0.000000e+00
