2.197930e-01
0.000000e+00
0.000000e+00
3.008544e-02
0.000000e+00
0.000000e+00
0.000000e+00
1.925870e-01
1.282139e-03
0.000000e+00
1.465306e-02
5.865024e-03
2.869000e-03
8.508980e-02
0.000000e+00
1.922878e-02
1.207829e-02
1.140750e-03
4.711819e+00
2.175707e+01
1.068352e+01
7.282676e+00
3.627496e+00
1.162124e+00
1.185900e+01
9.992558e+01
1.577490e+01
6.284104e+01
6.422442e+00
8.127812e-01
2.314170e+01
3.071643e+01
2.941316e+01
1.263522e+01
1.307145e+01
4.681264e+00
0.000000e+00
0.000000e+00
0.000000e+00
0.000000e+00
0.000000e+00
0.000000e+00
0.000000e+00
0.000000e+00
0.000000e+00
0.000000e+00
0.000000e+00
0.000000e+00
9.966000e-02
3.146756e-02
2.583884e-02
1.087892e-02
1.479497e-02
1.414436e-03
