1.396410e-01
0.000000e+00
0.000000e+00
7.332358e-03
0.000000e+00
1.357661e-02
0.000000e+00
6.392373e-02
9.530565e-03
0.000000e+00
2.540187e-02
0.000000e+00
0.000000e+00
1.627678e-01
0.000000e+00
4.720210e-02
1.090204e-02
0.000000e+00
4.849048e+00
1.440020e+01
1.580806e+01
1.114179e+01
4.122734e+00
5.464485e-01
3.301000e+00
2.987649e+01
9.119907e+01
4.623184e+01
2.672550e+00
1.163407e+00
2.388020e+01
3.496158e+01
4.945156e+01
1.243883e+02
3.388711e+01
3.665505e+00
0.000000e+00
0.000000e+00
0.000000e+00
0.000000e+00
0.000000e+00
0.000000e+00
0.000000e+00
0.000000e+00
0.000000e+00
0.000000e+00
0.000000e+00
0.000000e+00
7.979000e-02
2.514981e-02
6.739190e-03
7.915459e-03
8.041423e-03
1.392791e-03
