1.254900e-01
6.386320e-03
0.000000e+00
0.000000e+00
0.000000e+00
4.682925e-03
0.000000e+00
0.000000e+00
1.793728e-02
2.384240e-02
7.415250e-03
0.000000e+00
1.184430e-01
0.000000e+00
1.025696e-02
6.116968e-02
5.298333e-03
1.112594e-03
1.253374e+01
1.331312e+01
1.342116e+01
6.573767e+00
2.903591e+00
1.462750e-01
2.107000e+00
4.823977e+01
1.299386e+02
1.596635e+01
6.508989e+00
1.626032e-01
2.308330e+01
2.516019e+01
2.478686e+00
5.380655e+00
5.261104e+00
6.187139e-01
0.000000e+00
0.000000e+00
0.000000e+00
0.000000e+00
0.000000e+00
0.000000e+00
0.000000e+00
0.000000e+00
1.307788e-03
0.000000e+00
0.000000e+00
0.000000e+00
7.130000e-02
1.225753e-02
0.000000e+00
2.333771e-02
7.282324e-03
1.886156e-03
