2.218790e-01
0.000000e+00
4.380548e-02
1.616248e-02
0.000000e+00
8.567758e-03
0.000000e+00
3.128938e-01
0.000000e+00
0.000000e+00
1.171037e-02
0.000000e+00
7.881400e-02
0.000000e+00
1.596416e-01
0.000000e+00
2.317089e-02
0.000000e+00
5.003049e+00
2.253995e+01
7.951932e+00
2.723996e+00
1.655741e+00
2.489091e-01
1.238000e+00
2.548114e+01
1.483933e+01
1.892855e+00
1.524816e+00
1.715453e-01
2.911460e+01
7.467883e+01
4.529828e+01
1.241030e+01
6.293343e+00
1.833635e+00
0.000000e+00
0.000000e+00
0.000000e+00
0.000000e+00
0.000000e+00
0.000000e+00
0.000000e+00
0.000000e+00
0.000000e+00
0.000000e+00
0.000000e+00
0.000000e+00
1.240900e-01
3.142066e-02
7.192030e-02
7.555328e-03
1.276229e-02
3.940163e-03
