0.000000e+00
8.285091e-02
0.000000e+00
0.000000e+00
2.887107e-02
0.000000e+00
2.457300e-02
0.000000e+00
9.809426e-03
3.741433e-02
0.000000e+00
1.814473e-02
5.759700e-02
0.000000e+00
8.714244e-03
3.903007e-02
0.000000e+00
8.772145e-03
1.385630e+01
9.646184e+00
1.158137e+01
6.146520e+00
1.562857e+00
9.902661e-01
1.054000e+01
2.798515e+01
6.648875e+01
4.607823e+00
1.321852e+01
1.152442e+00
2.902420e+01
7.752471e+01
3.547017e+01
1.422379e+01
3.341054e+00
4.189870e+00
0.000000e+00
0.000000e+00
0.000000e+00
0.000000e+00
0.000000e+00
0.000000e+00
0.000000e+00
0.000000e+00
0.000000e+00
0.000000e+00
0.000000e+00
0.000000e+00
1.287400e-01
3.949790e-02
5.077901e-02
3.441453e-02
7.396646e-03
2.406191e-03
