1.279050e-01
0.000000e+00
0.000000e+00
1.929286e-02
0.000000e+00
1.136835e-02
0.000000e+00
9.374953e-02
1.297562e-02
0.000000e+00
2.340364e-02
0.000000e+00
2.958000e-03
2.133627e-02
0.000000e+00
1.164517e-02
0.000000e+00
1.974340e-03
8.499429e+00
1.841160e+01
1.278822e+01
7.353838e+00
4.670836e+00
1.403799e+00
1.108600e+01
1.055371e+02
3.223922e+01
2.145156e+01
1.651174e+01
5.418786e+00
2.150450e+01
3.423300e+01
2.421017e+01
1.482836e+01
8.886045e+00
3.496609e+00
0.000000e+00
0.000000e+00
0.000000e+00
0.000000e+00
0.000000e+00
0.000000e+00
0.000000e+00
0.000000e+00
0.000000e+00
0.000000e+00
0.000000e+00
0.000000e+00
1.038300e-01
3.705824e-02
2.608909e-02
2.306032e-02
1.197860e-02
6.303865e-03
