1.358520e-01
0.000000e+00
0.000000e+00
1.373096e-02
4.910937e-03
3.081559e-04
0.000000e+00
6.763758e-02
5.707399e-02
0.000000e+00
0.000000e+00
0.000000e+00
4.483500e-02
3.420525e-02
1.307258e-02
9.437941e-03
2.721353e-03
3.321877e-06
6.952544e+00
1.891575e+01
1.434848e+01
6.038252e+00
9.445395e-01
2.736677e-01
3.440000e-01
2.023235e+01
3.743010e+01
1.172762e+01
1.334527e+00
1.021192e+00
3.002720e+01
8.675882e+01
6.461525e+01
2.733066e+01
4.540366e+00
1.117529e+00
0.000000e+00
0.000000e+00
0.000000e+00
0.000000e+00
0.000000e+00
0.000000e+00
0.000000e+00
0.000000e+00
0.000000e+00
0.000000e+00
0.000000e+00
0.000000e+00
1.145400e-01
3.827474e-02
3.042795e-02
3.015282e-02
7.103504e-03
1.503850e-03
