1.808180e-01
0.000000e+00
0.000000e+00
0.000000e+00
7.403351e-03
0.000000e+00
0.000000e+00
1.393783e-01
1.228605e-02
3.415037e-03
0.000000e+00
1.076609e-03
0.000000e+00
1.133128e-01
0.000000e+00
1.406423e-02
1.127107e-03
2.209377e-03
5.884949e+00
1.943432e+01
1.228746e+01
7.377908e+00
3.679458e+00
1.668357e+00
1.170300e+01
1.191603e+02
1.745362e+01
4.481442e+01
8.270046e+00
2.312258e+00
2.382270e+01
3.271743e+01
2.422818e+01
1.902906e+01
1.057171e+01
3.510854e+00
0.000000e+00
0.000000e+00
0.000000e+00
0.000000e+00
0.000000e+00
0.000000e+00
0.000000e+00
0.000000e+00
0.000000e+00
0.000000e+00
0.000000e+00
0.000000e+00
1.129500e-01
4.261921e-02
3.101541e-02
2.572837e-02
1.609982e-02
7.688584e-03
