1.678370e-01
0.000000e+00
5.056126e-02
0.000000e+00
7.251862e-03
1.557182e-03
0.000000e+00
1.137535e-01
0.000000e+00
4.076839e-02
0.000000e+00
0.000000e+00
1.588000e-03
1.318666e-01
0.000000e+00
6.971484e-02
0.000000e+00
0.000000e+00
5.218257e+00
1.531544e+01
9.913653e+00
7.508399e+00
3.703646e+00
6.428339e-01
6.913000e+00
5.845792e+01
9.159164e+01
1.557432e+01
1.420047e+01
3.008795e-01
2.384670e+01
3.030194e+01
2.511598e+01
1.756264e+01
9.380992e+00
2.476736e+00
0.000000e+00
0.000000e+00
0.000000e+00
0.000000e+00
0.000000e+00
0.000000e+00
0.000000e+00
0.000000e+00
0.000000e+00
0.000000e+00
0.000000e+00
0.000000e+00
1.071200e-01
3.676281e-02
2.471395e-02
2.556156e-02
1.533645e-02
3.712376e-03
