1.438250e-01
0.000000e+00
0.000000e+00
5.016959e-02
0.000000e+00
7.973887e-03
0.000000e+00
8.190147e-02
6.435860e-02
0.000000e+00
2.239483e-02
0.000000e+00
4.456300e-02
0.000000e+00
1.011972e-01
0.000000e+00
2.911752e-02
3.410662e-03
6.420614e+00
1.991745e+01
1.205106e+01
5.241406e+00
3.047099e+00
5.467237e-01
4.736000e+00
4.966144e+01
3.614607e+01
4.068444e+01
7.462177e+00
4.040817e+00
2.396620e+01
3.257590e+01
2.398986e+01
1.462977e+01
7.235281e+00
2.576316e+00
0.000000e+00
0.000000e+00
0.000000e+00
0.000000e+00
0.000000e+00
0.000000e+00
0.000000e+00
0.000000e+00
0.000000e+00
0.000000e+00
0.000000e+00
0.000000e+00
1.055700e-01
3.682888e-02
2.803524e-02
2.862663e-02
1.035128e-02
4.718784e-03
