4.377670e-01
0.000000e+00
7.295575e-02
0.000000e+00
2.774714e-05
7.450494e-03
0.000000e+00
3.638844e-01
0.000000e+00
3.865821e-02
0.000000e+00
0.000000e+00
2.100200e-02
6.431671e-02
2.231803e-02
1.081674e-02
1.522465e-02
0.000000e+00
4.807604e+00
1.751654e+01
8.854207e+00
6.767096e+00
3.326799e+00
1.556034e+00
8.294000e+00
2.658360e+01
7.771623e+01
1.999499e+01
7.736880e+00
1.937553e+01
2.722360e+01
1.408430e+02
1.241148e+01
1.814086e+01
1.109452e+01
2.957526e+00
0.000000e+00
0.000000e+00
0.000000e+00
0.000000e+00
0.000000e+00
0.000000e+00
3.016000e-02
0.000000e+00
0.000000e+00
0.000000e+00
0.000000e+00
0.000000e+00
0.000000e+00
4.143845e-02
3.507689e-03
1.434788e-02
1.182465e-02
3.809540e-03
