1.550520e-01
0.000000e+00
0.000000e+00
1.857213e-02
0.000000e+00
1.205645e-03
0.000000e+00
1.321988e-01
1.078028e-02
0.000000e+00
8.324475e-03
0.000000e+00
1.776000e-02
1.008614e-01
1.627190e-02
1.970216e-02
1.158259e-02
0.000000e+00
6.726038e+00
1.987263e+01
1.212897e+01
6.885753e+00
3.292455e+00
7.868307e-01
4.302000e+00
4.565631e+01
4.652480e+01
3.346166e+01
6.207757e+00
3.077222e+00
2.378850e+01
3.199928e+01
2.432085e+01
1.313484e+01
5.532018e+00
1.901214e+00
0.000000e+00
0.000000e+00
0.000000e+00
0.000000e+00
0.000000e+00
0.000000e+00
0.000000e+00
0.000000e+00
0.000000e+00
0.000000e+00
0.000000e+00
0.000000e+00
1.033100e-01
3.571369e-02
2.732259e-02
2.872869e-02
9.592055e-03
4.201012e-03
