1.866400e-01
0.000000e+00
4.223876e-02
0.000000e+00
3.812341e-02
0.000000e+00
0.000000e+00
1.720554e-01
0.000000e+00
3.105913e-02
0.000000e+00
2.090026e-02
4.247200e-02
3.352916e-02
6.651520e-02
0.000000e+00
1.400151e-02
1.143599e-04
5.869199e+00
1.919512e+01
1.108797e+01
8.303008e+00
3.177523e+00
1.247015e+00
5.179000e+00
3.208715e+01
4.762891e+01
3.707748e+01
2.136210e+01
1.488428e+00
2.412920e+01
3.430432e+01
2.608100e+01
1.326313e+01
3.034359e+01
3.585891e+00
0.000000e+00
0.000000e+00
0.000000e+00
0.000000e+00
0.000000e+00
0.000000e+00
0.000000e+00
0.000000e+00
0.000000e+00
0.000000e+00
0.000000e+00
0.000000e+00
8.793000e-02
2.848532e-02
1.996381e-02
1.911352e-02
2.658923e-03
3.471295e-03
