1.599380e-01
0.000000e+00
4.108841e-02
0.000000e+00
3.070246e-02
0.000000e+00
0.000000e+00
1.322895e-01
0.000000e+00
4.131929e-02
0.000000e+00
3.172091e-03
5.207800e-02
0.000000e+00
4.735270e-02
0.000000e+00
2.672247e-02
0.000000e+00
6.304381e+00
1.923613e+01
9.565231e+00
9.436714e+00
2.604541e+00
8.122976e-01
8.274000e+00
5.058893e+01
2.420361e+01
5.286897e+01
8.257436e+00
3.126012e+00
2.398560e+01
3.308027e+01
3.619566e+01
1.301344e+01
8.253451e+01
9.389219e-01
0.000000e+00
0.000000e+00
0.000000e+00
0.000000e+00
0.000000e+00
0.000000e+00
0.000000e+00
0.000000e+00
0.000000e+00
0.000000e+00
0.000000e+00
0.000000e+00
8.492000e-02
2.551780e-02
2.017001e-02
1.868788e-02
6.756172e-03
8.430119e-04
