2.138880e-01
0.000000e+00
1.704648e-01
0.000000e+00
0.000000e+00
0.000000e+00
0.000000e+00
3.067042e-01
0.000000e+00
6.398035e-02
0.000000e+00
0.000000e+00
0.000000e+00
3.734021e-01
0.000000e+00
1.249706e-01
0.000000e+00
0.000000e+00
5.964117e+00
2.103179e+01
6.418322e+00
3.923802e+00
0.000000e+00
0.000000e+00
6.092000e+00
1.850978e+01
9.226527e+01
1.516993e+00
0.000000e+00
0.000000e+00
2.971680e+01
9.272600e+01
2.535392e+01
1.526791e-01
0.000000e+00
0.000000e+00
0.000000e+00
0.000000e+00
0.000000e+00
0.000000e+00
0.000000e+00
0.000000e+00
0.000000e+00
0.000000e+00
0.000000e+00
0.000000e+00
0.000000e+00
0.000000e+00
5.854000e-02
7.494226e-03
3.269685e-02
9.104932e-03
0.000000e+00
0.000000e+00
