1.895820e-01
0.000000e+00
0.000000e+00
3.687423e-02
0.000000e+00
0.000000e+00
0.000000e+00
8.361580e-02
7.597662e-02
0.000000e+00
0.000000e+00
0.000000e+00
1.344950e-01
0.000000e+00
1.603956e-01
2.852375e-02
0.000000e+00
0.000000e+00
4.835207e+00
2.202199e+01
1.590769e+01
2.235359e+00
0.000000e+00
0.000000e+00
9.026000e+00
2.019651e+02
2.701664e+01
3.835740e-01
0.000000e+00
0.000000e+00
2.480570e+01
4.269810e+01
1.903349e+02
6.160894e+00
0.000000e+00
0.000000e+00
0.000000e+00
0.000000e+00
0.000000e+00
0.000000e+00
0.000000e+00
0.000000e+00
0.000000e+00
0.000000e+00
0.000000e+00
0.000000e+00
0.000000e+00
0.000000e+00
7.270000e-02
7.723088e-03
2.443760e-02
2.010400e-02
0.000000e+00
0.000000e+00
