3.837390e-01
0.000000e+00
0.000000e+00
5.382890e-02
0.000000e+00
1.088608e-02
0.000000e+00
2.763851e-01
7.798942e-02
0.000000e+00
2.993559e-02
0.000000e+00
4.357200e-02
1.532258e-01
1.051514e-01
0.000000e+00
2.191335e-02
0.000000e+00
4.918651e+00
1.718368e+01
9.353484e+00
3.375069e+00
2.723392e+00
1.132160e+00
9.010000e-01
1.109766e+01
2.225787e+01
3.148753e+00
2.527799e+00
1.212893e+00
2.510530e+01
7.334058e+01
3.154097e+01
1.417348e+01
1.249611e+01
4.009701e+00
0.000000e+00
0.000000e+00
0.000000e+00
0.000000e+00
0.000000e+00
0.000000e+00
1.065000e-02
0.000000e+00
0.000000e+00
0.000000e+00
0.000000e+00
0.000000e+00
0.000000e+00
4.014093e-02
2.307283e-02
6.258608e-03
1.281224e-02
1.072746e-02
