5.249000e-03
0.000000e+00
5.303237e-03
3.352147e-03
0.000000e+00
9.203548e-05
0.000000e+00
2.077970e-02
0.000000e+00
0.000000e+00
1.664637e-03
0.000000e+00
2.403000e-02
0.000000e+00
5.336251e-04
6.288276e-03
1.193105e-03
6.401358e-04
1.235197e+01
1.432280e+01
9.625422e+00
5.194634e+00
1.389042e+00
4.367299e-01
3.207000e+00
1.616625e+01
1.148793e+01
3.796057e+00
1.132378e+00
1.542438e-01
3.033620e+01
7.737767e+01
4.938694e+01
1.945582e+01
5.617202e+00
1.269175e+00
0.000000e+00
0.000000e+00
0.000000e+00
0.000000e+00
0.000000e+00
0.000000e+00
0.000000e+00
0.000000e+00
0.000000e+00
0.000000e+00
0.000000e+00
0.000000e+00
1.365000e-01
4.609612e-02
5.436342e-02
4.173751e-02
1.135155e-02
3.631762e-03
