1.444900e-02
0.000000e+00
1.793182e-02
0.000000e+00
1.803204e-03
6.092162e-05
0.000000e+00
1.750575e-02
0.000000e+00
8.352007e-03
0.000000e+00
0.000000e+00
1.497100e-02
4.238759e-03
0.000000e+00
5.516836e-03
1.843683e-03
1.531509e-04
1.230036e+01
1.297757e+01
1.001094e+01
5.134600e+00
1.472140e+00
2.046067e-01
3.396000e+00
2.102515e+01
8.471634e+00
4.532761e+00
6.308370e-01
1.239289e-01
3.036270e+01
7.653297e+01
5.047466e+01
2.007279e+01
4.374975e+00
7.850757e-01
0.000000e+00
0.000000e+00
0.000000e+00
0.000000e+00
0.000000e+00
0.000000e+00
0.000000e+00
0.000000e+00
0.000000e+00
0.000000e+00
0.000000e+00
0.000000e+00
1.375400e-01
4.662585e-02
5.465835e-02
4.215912e-02
1.297548e-02
1.640040e-03
