2.237640e-01
0.000000e+00
1.678130e-01
0.000000e+00
6.435861e-02
0.000000e+00
0.000000e+00
3.244404e-01
0.000000e+00
1.043682e-01
0.000000e+00
1.411619e-02
2.771800e-02
4.828171e-02
1.688037e-02
1.076710e-02
0.000000e+00
5.583470e-03
4.960730e+00
1.992554e+01
9.066470e+00
7.434994e+00
1.201937e+00
9.630232e-01
5.289000e+00
1.216295e+01
1.325532e+02
3.640094e+00
3.781525e+01
8.916021e-01
2.419400e+01
3.484450e+01
1.851355e+01
5.652341e+00
3.602774e+00
2.368955e+00
0.000000e+00
0.000000e+00
0.000000e+00
0.000000e+00
0.000000e+00
0.000000e+00
0.000000e+00
0.000000e+00
0.000000e+00
0.000000e+00
0.000000e+00
0.000000e+00
9.222000e-02
3.292804e-02
1.763235e-02
2.739038e-02
6.125462e-03
2.010700e-03
