1.260690e-01
0.000000e+00
1.012354e-01
0.000000e+00
1.237131e-02
3.271509e-04
0.000000e+00
2.065613e-01
0.000000e+00
5.125790e-02
0.000000e+00
0.000000e+00
0.000000e+00
1.538974e-01
0.000000e+00
5.746290e-03
6.893403e-03
4.561317e-03
9.012958e+00
1.928745e+01
7.704741e+00
5.943705e+00
2.568202e+00
7.002990e-01
7.070000e+00
1.326511e+01
3.677830e+01
8.699834e+00
3.637815e+00
1.287972e+00
2.943320e+01
7.361487e+01
3.164749e+01
2.408022e+01
1.015078e+01
5.007028e+00
0.000000e+00
0.000000e+00
0.000000e+00
0.000000e+00
0.000000e+00
0.000000e+00
0.000000e+00
0.000000e+00
0.000000e+00
0.000000e+00
0.000000e+00
0.000000e+00
1.249500e-01
3.934448e-02
4.780751e-02
2.303220e-02
2.002007e-02
4.844236e-03
