7.798600e-02
0.000000e+00
3.580658e-02
0.000000e+00
0.000000e+00
0.000000e+00
0.000000e+00
8.557085e-02
0.000000e+00
9.489525e-03
3.729867e-03
1.602785e-03
4.501200e-02
0.000000e+00
2.123634e-03
1.513591e-02
5.482640e-03
3.024160e-03
9.899227e+00
1.673855e+01
9.748797e+00
6.157132e+00
3.155181e+00
1.485922e+00
4.200000e+00
5.392826e+00
2.873444e+01
1.699059e+01
1.077200e+01
4.714369e+00
2.876110e+01
7.844315e+01
3.445500e+01
1.186903e+01
5.932467e+00
2.949945e+00
0.000000e+00
0.000000e+00
0.000000e+00
0.000000e+00
0.000000e+00
0.000000e+00
0.000000e+00
0.000000e+00
0.000000e+00
0.000000e+00
0.000000e+00
0.000000e+00
1.208100e-01
3.648259e-02
4.676913e-02
2.584612e-02
9.392556e-03
5.721397e-03
