1.890000e-02
1.374697e-02
0.000000e+00
0.000000e+00
0.000000e+00
1.195585e-03
0.000000e+00
0.000000e+00
1.026881e-02
8.603576e-03
2.907112e-04
0.000000e+00
2.670500e-02
7.718866e-03
1.008088e-02
4.680686e-03
0.000000e+00
7.899989e-04
1.346938e+01
1.116740e+01
1.124630e+01
3.862945e+00
2.101019e+00
1.338293e+00
1.834700e+01
5.200321e+01
6.657716e+01
1.376290e+01
5.496758e+00
7.090118e+00
3.000630e+01
8.618098e+01
2.231901e+01
6.811121e+00
7.809711e+00
4.766117e+00
0.000000e+00
0.000000e+00
0.000000e+00
0.000000e+00
0.000000e+00
0.000000e+00
0.000000e+00
0.000000e+00
0.000000e+00
0.000000e+00
0.000000e+00
0.000000e+00
1.260400e-01
4.452061e-02
7.250872e-02
1.125345e-02
7.204532e-03
7.807317e-03
