7.739900e-02
0.000000e+00
1.037344e-01
0.000000e+00
1.239863e-02
2.927728e-03
0.000000e+00
1.622668e-01
0.000000e+00
5.888944e-02
0.000000e+00
0.000000e+00
5.773700e-02
0.000000e+00
1.108207e-02
4.672209e-02
4.848538e-03
0.000000e+00
1.322449e+01
1.713982e+01
8.602747e+00
4.041085e+00
1.112915e+00
1.919269e-01
2.731000e+00
4.329831e+01
2.777874e+01
1.611933e+01
4.926526e-01
1.521486e-02
2.961770e+01
8.642268e+01
2.071153e+01
7.410239e+00
3.942961e+00
5.525782e-01
0.000000e+00
0.000000e+00
0.000000e+00
0.000000e+00
0.000000e+00
0.000000e+00
0.000000e+00
0.000000e+00
0.000000e+00
0.000000e+00
0.000000e+00
0.000000e+00
1.179200e-01
3.846949e-02
6.377999e-02
9.396327e-03
1.119279e-02
2.289645e-03
