0.000000e+00
1.549402e-01
0.000000e+00
7.592908e-03
0.000000e+00
0.000000e+00
3.653300e-02
0.000000e+00
6.134969e-02
0.000000e+00
1.491535e-03
4.341371e-03
2.026600e-02
0.000000e+00
2.062132e-02
2.631656e-03
3.956186e-03
0.000000e+00
1.427901e+01
9.288450e+00
1.166493e+01
2.549302e+00
1.694717e+00
9.556962e-01
8.260000e-01
4.228111e+01
5.968769e+00
1.877129e+01
6.736199e+00
2.390281e+00
2.786190e+01
7.357029e+01
5.451747e+01
4.190265e+00
4.578661e+00
3.735655e+00
0.000000e+00
0.000000e+00
0.000000e+00
0.000000e+00
0.000000e+00
0.000000e+00
0.000000e+00
0.000000e+00
0.000000e+00
0.000000e+00
0.000000e+00
0.000000e+00
1.013400e-01
9.066992e-03
6.179601e-02
2.034271e-03
3.425195e-03
3.108875e-03
