3.168720e-01
0.000000e+00
1.674468e-01
0.000000e+00
1.254889e-03
2.096188e-03
0.000000e+00
4.755346e-01
0.000000e+00
1.195643e-02
0.000000e+00
0.000000e+00
0.000000e+00
4.677998e-01
0.000000e+00
5.385929e-02
0.000000e+00
1.193491e-03
6.606137e+00
1.874318e+01
5.706417e+00
3.635269e+00
7.683246e-01
3.901880e-01
5.570000e-01
3.530687e+01
8.965863e+00
2.015026e+00
3.158421e-01
4.416383e-01
3.160580e+01
1.312024e+02
3.724779e+01
1.367851e+01
4.163404e+00
1.056437e+00
0.000000e+00
0.000000e+00
0.000000e+00
0.000000e+00
0.000000e+00
0.000000e+00
0.000000e+00
0.000000e+00
0.000000e+00
0.000000e+00
0.000000e+00
0.000000e+00
5.716000e-02
3.662601e-02
2.568551e-02
2.298614e-02
6.195668e-03
5.732773e-04
