0.000000e+00
0.000000e+00
5.673440e-02
0.000000e+00
1.154447e-02
0.000000e+00
7.100000e-04
6.955406e-02
0.000000e+00
1.847731e-02
0.000000e+00
5.788943e-03
5.527000e-02
0.000000e+00
3.222852e-03
9.065727e-03
0.000000e+00
3.129693e-03
1.453671e+01
1.333009e+01
8.235635e+00
4.971084e+00
1.414937e+00
5.558440e-01
2.442000e+00
2.450122e+01
8.155183e+00
2.787339e+00
3.703950e+00
2.467279e-01
2.978120e+01
8.172187e+01
5.076406e+01
1.971280e+01
8.012184e+00
2.868594e+00
0.000000e+00
0.000000e+00
0.000000e+00
0.000000e+00
0.000000e+00
0.000000e+00
0.000000e+00
0.000000e+00
0.000000e+00
0.000000e+00
0.000000e+00
0.000000e+00
1.279600e-01
3.907513e-02
5.039700e-02
3.771117e-02
7.552330e-03
3.870112e-03
