1.707220e-01
0.000000e+00
4.545782e-02
0.000000e+00
3.659966e-02
0.000000e+00
0.000000e+00
1.528923e-01
0.000000e+00
3.022536e-02
0.000000e+00
1.041122e-02
1.756100e-02
3.793849e-02
9.849775e-04
3.788324e-03
4.760077e-03
0.000000e+00
8.805135e+00
1.785696e+01
1.214640e+01
6.545735e+00
1.809987e+00
1.594852e+00
8.338000e+00
6.664452e+01
2.118231e+01
3.183953e+01
3.672655e+01
7.261110e+00
2.353160e+01
3.440883e+01
1.811217e+01
6.814971e+00
3.284101e+00
1.667161e+00
0.000000e+00
0.000000e+00
0.000000e+00
0.000000e+00
0.000000e+00
0.000000e+00
0.000000e+00
0.000000e+00
0.000000e+00
0.000000e+00
9.069370e-04
6.582541e-06
5.670000e-02
1.351261e-02
1.899916e-03
1.121038e-02
0.000000e+00
0.000000e+00
