1.623780e-01
0.000000e+00
1.514620e-02
0.000000e+00
0.000000e+00
5.200569e-03
0.000000e+00
1.424707e-01
0.000000e+00
5.878962e-03
3.585650e-03
0.000000e+00
7.990000e-03
4.731703e-02
2.872679e-02
0.000000e+00
6.218278e-03
2.138423e-03
6.304381e+00
1.977580e+01
1.181104e+01
7.384120e+00
4.192039e+00
1.525756e+00
1.036700e+01
5.538407e+01
5.816684e+01
5.791683e+01
2.498198e+01
4.265402e+00
2.435930e+01
3.189555e+01
2.287740e+01
2.100511e+01
1.285259e+01
4.473804e+00
0.000000e+00
0.000000e+00
0.000000e+00
0.000000e+00
0.000000e+00
0.000000e+00
0.000000e+00
0.000000e+00
0.000000e+00
0.000000e+00
0.000000e+00
0.000000e+00
1.246100e-01
4.256658e-02
3.040249e-02
2.630994e-02
1.847125e-02
9.331518e-03
