1.080010e-01
0.000000e+00
9.358465e-02
0.000000e+00
3.104898e-03
2.931315e-04
0.000000e+00
2.265778e-01
0.000000e+00
9.057613e-03
0.000000e+00
0.000000e+00
2.594400e-02
3.341055e-02
0.000000e+00
1.248152e-02
0.000000e+00
1.722399e-03
1.062996e+01
1.788142e+01
7.904727e+00
2.740353e+00
7.363910e-01
3.489906e-01
2.004000e+00
2.856478e+01
5.297173e+00
3.567015e+00
3.037419e-01
1.116461e+00
3.062750e+01
8.869189e+01
3.859633e+01
9.997263e+00
2.392583e+00
1.981707e+00
0.000000e+00
0.000000e+00
0.000000e+00
0.000000e+00
0.000000e+00
0.000000e+00
0.000000e+00
0.000000e+00
0.000000e+00
0.000000e+00
0.000000e+00
0.000000e+00
1.192000e-01
3.920639e-02
6.609581e-02
1.850351e-02
4.123963e-03
1.108149e-04
