8.200100e-02
0.000000e+00
1.078422e-02
4.369655e-02
0.000000e+00
7.960447e-03
0.000000e+00
5.742399e-02
0.000000e+00
0.000000e+00
3.305816e-02
0.000000e+00
2.992600e-02
2.686541e-02
3.506391e-02
0.000000e+00
1.978900e-02
0.000000e+00
7.420697e+00
1.809602e+01
7.628616e+00
1.761797e+00
1.782239e+00
4.891633e-01
1.405000e+00
4.741675e+01
4.423316e+00
2.231836e+01
6.079932e-01
6.573283e+00
2.745040e+01
7.244512e+01
4.062490e+01
1.383086e+00
1.657170e+00
8.096128e-01
0.000000e+00
0.000000e+00
0.000000e+00
0.000000e+00
0.000000e+00
0.000000e+00
0.000000e+00
0.000000e+00
0.000000e+00
2.484133e-03
0.000000e+00
0.000000e+00
9.260000e-02
3.611065e-03
5.256820e-02
0.000000e+00
5.153555e-03
5.921582e-04
