9.123200e-02
3.297225e-02
0.000000e+00
4.393306e-02
0.000000e+00
8.613090e-03
0.000000e+00
0.000000e+00
1.265606e-01
0.000000e+00
6.496862e-03
0.000000e+00
4.269400e-02
0.000000e+00
7.034330e-02
0.000000e+00
1.023967e-02
8.891508e-04
9.160363e+00
1.649897e+01
1.405690e+01
6.222459e+00
2.670546e+00
1.319291e+00
6.425000e+00
5.606742e+01
2.153429e+01
4.823431e+01
8.107188e+00
1.033491e+01
2.371200e+01
3.286976e+01
2.536417e+01
1.391474e+01
7.337202e+00
2.187390e+00
0.000000e+00
0.000000e+00
0.000000e+00
0.000000e+00
0.000000e+00
0.000000e+00
0.000000e+00
0.000000e+00
0.000000e+00
0.000000e+00
0.000000e+00
0.000000e+00
1.075400e-01
3.781622e-02
2.928405e-02
2.954451e-02
1.049537e-02
2.841931e-03
