5.575900e-02
4.434008e-02
0.000000e+00
1.401332e-02
0.000000e+00
2.923015e-03
0.000000e+00
0.000000e+00
6.406749e-02
0.000000e+00
1.400150e-02
0.000000e+00
8.766600e-02
0.000000e+00
0.000000e+00
3.773349e-02
6.853816e-03
6.009207e-05
1.512045e+01
1.188729e+01
1.561613e+01
7.590749e+00
4.394996e+00
6.571822e-01
6.546000e+00
4.756979e+01
6.285838e+01
2.567556e+01
1.133924e+01
7.451796e-01
2.361420e+01
2.930245e+01
2.504022e+01
3.918080e+01
8.751513e+00
2.673225e+00
0.000000e+00
0.000000e+00
0.000000e+00
0.000000e+00
0.000000e+00
0.000000e+00
0.000000e+00
0.000000e+00
0.000000e+00
0.000000e+00
0.000000e+00
0.000000e+00
9.050000e-02
2.865045e-02
1.858736e-02
1.952125e-02
1.011721e-02
4.034786e-03
