2.550500e-02
1.549620e-01
0.000000e+00
4.022340e-02
0.000000e+00
0.000000e+00
0.000000e+00
0.000000e+00
1.532491e-01
0.000000e+00
1.379810e-02
2.663155e-03
6.982500e-02
0.000000e+00
4.811577e-02
2.264246e-04
1.088351e-02
4.661171e-03
1.338742e+01
8.072656e+00
1.639562e+01
5.920751e+00
4.010312e+00
1.109494e+00
1.356800e+01
1.228369e+02
2.255949e+01
3.475389e+01
1.375846e+01
1.402641e+00
2.369140e+01
3.240713e+01
2.151320e+01
1.449321e+01
7.938739e+00
2.138882e+00
0.000000e+00
0.000000e+00
0.000000e+00
0.000000e+00
0.000000e+00
0.000000e+00
0.000000e+00
0.000000e+00
0.000000e+00
0.000000e+00
0.000000e+00
0.000000e+00
1.073800e-01
3.810460e-02
2.730934e-02
2.479359e-02
1.492950e-02
6.062821e-03
