2.389840e-01
0.000000e+00
1.114107e-01
0.000000e+00
2.399772e-03
1.507803e-03
0.000000e+00
2.698258e-01
0.000000e+00
4.728572e-02
0.000000e+00
0.000000e+00
2.748100e-02
0.000000e+00
3.556749e-02
0.000000e+00
6.187617e-03
2.733152e-03
5.218257e+00
2.047679e+01
1.174334e+01
6.382722e+00
1.406478e+00
3.113372e-01
5.763000e+00
3.326323e+00
1.031449e+02
8.041560e+00
3.192643e+00
1.722788e+00
2.852610e+01
6.575187e+01
5.071375e+01
2.662341e+01
5.192423e+00
7.480219e-01
0.000000e+00
0.000000e+00
0.000000e+00
0.000000e+00
0.000000e+00
0.000000e+00
0.000000e+00
0.000000e+00
0.000000e+00
0.000000e+00
0.000000e+00
0.000000e+00
7.630000e-02
1.650140e-02
1.148896e-02
2.144984e-02
6.312824e-03
1.229198e-03
