0.000000e+00
1.694123e-01
0.000000e+00
0.000000e+00
1.092558e-02
0.000000e+00
2.328700e-02
0.000000e+00
7.480045e-02
1.034820e-02
0.000000e+00
3.262094e-03
1.576820e-01
0.000000e+00
8.888067e-02
3.689570e-02
0.000000e+00
5.037978e-03
9.160363e+00
5.799613e+00
9.682407e+00
5.964181e+00
3.631611e-01
4.604102e-01
2.240000e+00
4.201383e+00
3.829960e+01
1.932704e+01
7.198071e-02
8.500921e-01
2.937240e+01
8.628883e+01
4.583704e+01
1.766237e+01
5.280182e+00
2.366544e+00
0.000000e+00
0.000000e+00
0.000000e+00
0.000000e+00
0.000000e+00
0.000000e+00
0.000000e+00
0.000000e+00
0.000000e+00
0.000000e+00
0.000000e+00
0.000000e+00
1.150000e-01
2.929186e-02
4.968219e-02
3.469691e-02
2.051307e-03
3.804908e-03
