1.184380e-01
0.000000e+00
3.086775e-02
0.000000e+00
7.520549e-03
0.000000e+00
0.000000e+00
1.586674e-01
0.000000e+00
1.015794e-02
0.000000e+00
0.000000e+00
1.063560e-01
0.000000e+00
4.559529e-02
1.909880e-02
5.192079e-03
0.000000e+00
7.813809e+00
1.563697e+01
1.094320e+01
3.459416e+00
1.193160e+00
0.000000e+00
6.830000e-01
4.143915e+01
1.558598e+01
1.586787e+00
4.477769e-01
0.000000e+00
3.194210e+01
8.930312e+01
5.352042e+01
1.701153e+01
3.280317e+00
0.000000e+00
0.000000e+00
0.000000e+00
0.000000e+00
0.000000e+00
0.000000e+00
0.000000e+00
0.000000e+00
0.000000e+00
0.000000e+00
0.000000e+00
0.000000e+00
0.000000e+00
1.240400e-01
4.371313e-02
5.007922e-02
2.284105e-02
1.376958e-02
0.000000e+00
