5.580600e-02
0.000000e+00
1.517504e-01
0.000000e+00
2.175872e-02
0.000000e+00
0.000000e+00
1.797907e-01
0.000000e+00
6.316758e-02
0.000000e+00
6.133836e-03
4.746800e-02
0.000000e+00
7.062976e-03
1.358503e-02
2.571421e-03
4.550624e-03
1.374501e+01
1.350853e+01
6.198265e+00
5.463581e+00
2.872350e+00
7.490719e-01
3.854000e+00
1.510106e+01
6.308480e+00
4.836742e+00
6.182914e+00
1.209058e+00
2.987070e+01
7.725981e+01
4.778599e+01
2.644697e+01
9.307221e+00
8.329794e+00
0.000000e+00
0.000000e+00
0.000000e+00
0.000000e+00
0.000000e+00
0.000000e+00
0.000000e+00
0.000000e+00
0.000000e+00
0.000000e+00
0.000000e+00
0.000000e+00
1.277900e-01
4.149230e-02
5.014464e-02
2.706617e-02
1.857573e-02
2.663340e-03
