0.000000e+00
2.710910e-01
0.000000e+00
6.404054e-02
0.000000e+00
4.855252e-03
9.457600e-02
0.000000e+00
1.391016e-01
0.000000e+00
2.678646e-02
0.000000e+00
4.783400e-02
5.367396e-03
3.302758e-03
8.701283e-03
1.165652e-02
1.504553e-03
1.253374e+01
5.527855e+00
1.055765e+01
7.124766e+00
2.580658e+00
7.252353e-01
7.083000e+00
1.110711e+01
1.027250e+01
1.226223e+01
3.161942e+00
2.744883e-01
2.958800e+01
7.853075e+01
6.112274e+01
2.555523e+01
2.106780e+01
1.595612e+00
0.000000e+00
0.000000e+00
0.000000e+00
0.000000e+00
0.000000e+00
0.000000e+00
0.000000e+00
0.000000e+00
0.000000e+00
0.000000e+00
0.000000e+00
0.000000e+00
1.301800e-01
3.623858e-02
3.281593e-02
5.069960e-02
9.957158e-03
6.777371e-03
