2.073310e-01
0.000000e+00
5.900061e-02
0.000000e+00
8.327074e-03
0.000000e+00
0.000000e+00
2.828844e-01
0.000000e+00
4.451862e-04
0.000000e+00
5.137239e-03
5.586000e-03
6.076850e-02
0.000000e+00
4.125326e-03
3.954965e-03
4.447847e-03
5.790875e+00
1.939485e+01
8.817442e+00
3.614135e+00
1.376541e+00
5.216787e-01
3.045000e+00
7.222821e+00
2.979748e+01
1.014982e+00
4.701003e+00
1.099005e-01
3.093810e+01
9.246996e+01
5.157306e+01
1.178712e+01
2.690244e+00
0.000000e+00
0.000000e+00
0.000000e+00
0.000000e+00
0.000000e+00
0.000000e+00
2.901528e+00
0.000000e+00
0.000000e+00
0.000000e+00
0.000000e+00
0.000000e+00
0.000000e+00
9.804000e-02
2.794717e-02
3.453777e-02
1.585480e-02
3.679952e-03
3.130328e-03
