0.000000e+00
2.598562e-02
0.000000e+00
0.000000e+00
0.000000e+00
3.345264e-03
2.847100e-02
0.000000e+00
6.507845e-03
4.932273e-03
1.236993e-04
0.000000e+00
3.217400e-02
0.000000e+00
1.716682e-02
3.263655e-03
8.886964e-04
1.166703e-03
1.677413e+01
1.127951e+01
1.033604e+01
3.877606e+00
1.675315e+00
7.325996e-01
1.110000e+00
2.899783e+01
7.781037e+00
1.456302e+01
2.580453e+00
3.470263e+00
2.761610e+01
7.921095e+01
4.855698e+01
2.318904e+01
1.085507e+01
5.285771e+00
0.000000e+00
0.000000e+00
0.000000e+00
0.000000e+00
0.000000e+00
0.000000e+00
0.000000e+00
0.000000e+00
0.000000e+00
0.000000e+00
0.000000e+00
0.000000e+00
1.223700e-01
2.916290e-02
7.140134e-02
2.129443e-03
1.237245e-02
8.985557e-04
