2.445770e-01
0.000000e+00
7.533190e-02
0.000000e+00
2.321829e-02
0.000000e+00
0.000000e+00
2.734766e-01
0.000000e+00
3.291945e-02
0.000000e+00
1.409261e-02
0.000000e+00
4.121373e-02
1.022318e-02
0.000000e+00
1.636381e-02
5.666904e-03
4.471377e+00
1.916910e+01
1.243915e+01
7.370874e+00
3.039069e+00
1.289775e+00
3.119000e+00
3.040759e+01
8.253324e+01
5.222156e+01
3.912944e+00
1.202786e+00
2.492120e+01
4.138632e+01
2.173376e+01
2.499878e+01
0.000000e+00
0.000000e+00
0.000000e+00
0.000000e+00
0.000000e+00
0.000000e+00
1.658360e+00
6.944533e-01
0.000000e+00
0.000000e+00
0.000000e+00
0.000000e+00
0.000000e+00
0.000000e+00
9.035000e-02
3.544607e-02
1.627062e-02
2.331215e-02
7.257323e-03
2.033596e-03
