3.851170e-01
0.000000e+00
2.018774e-01
0.000000e+00
0.000000e+00
3.618804e-03
0.000000e+00
4.363574e-01
0.000000e+00
6.201378e-02
4.536986e-03
0.000000e+00
2.623900e-02
1.695912e-01
0.000000e+00
3.603595e-02
0.000000e+00
2.090383e-03
5.409688e+00
2.113453e+01
9.774097e+00
4.630330e+00
1.232521e+00
3.587936e-01
7.320000e-01
1.335475e+01
8.797558e+01
2.459204e+00
7.342684e+00
7.015599e-01
2.760720e+01
8.839893e+01
5.517837e+01
2.349566e+01
2.141449e+00
2.105666e+00
0.000000e+00
0.000000e+00
0.000000e+00
0.000000e+00
0.000000e+00
0.000000e+00
5.790000e-03
0.000000e+00
2.370471e-02
0.000000e+00
0.000000e+00
0.000000e+00
0.000000e+00
9.644072e-03
0.000000e+00
1.744358e-02
1.583372e-03
1.519522e-03
