4.496600e-02
0.000000e+00
0.000000e+00
1.685596e-02
0.000000e+00
7.976425e-03
0.000000e+00
8.842558e-02
8.418896e-03
0.000000e+00
1.431950e-02
0.000000e+00
1.894770e-01
0.000000e+00
1.626784e-01
0.000000e+00
2.462240e-02
0.000000e+00
9.634083e+00
1.881211e+01
9.777100e+00
2.390244e+00
1.768445e+00
2.002725e-01
5.760000e+00
1.813753e+01
1.584177e+01
2.064873e+00
1.471996e+00
9.822986e-02
2.985580e+01
7.750999e+01
4.588755e+01
1.341843e+01
6.463168e+00
1.071756e+00
0.000000e+00
0.000000e+00
0.000000e+00
0.000000e+00
0.000000e+00
0.000000e+00
0.000000e+00
0.000000e+00
0.000000e+00
0.000000e+00
0.000000e+00
0.000000e+00
1.291400e-01
3.280466e-02
7.030062e-02
8.573157e-03
1.291559e-02
4.475267e-03
