1.804410e-01
0.000000e+00
7.871270e-02
0.000000e+00
3.612877e-02
0.000000e+00
0.000000e+00
1.930171e-01
0.000000e+00
6.050591e-02
0.000000e+00
1.013750e-02
4.371500e-02
0.000000e+00
3.619341e-02
5.470795e-03
0.000000e+00
8.578679e-03
6.271431e+00
1.873644e+01
1.083915e+01
7.970707e+00
2.342631e+00
7.606459e-01
1.350000e-01
1.981680e+01
1.756709e+01
5.987909e+00
3.332765e+00
2.837731e-01
2.462660e+01
3.710635e+01
2.651902e+01
1.534911e+01
6.231225e+00
2.043950e+00
0.000000e+00
0.000000e+00
0.000000e+00
0.000000e+00
0.000000e+00
0.000000e+00
0.000000e+00
0.000000e+00
0.000000e+00
0.000000e+00
0.000000e+00
0.000000e+00
9.812000e-02
1.311327e-02
9.109924e-03
2.068589e-02
2.689644e-03
3.953811e-03
