1.474060e-01
0.000000e+00
0.000000e+00
7.903927e-02
0.000000e+00
1.479507e-02
0.000000e+00
3.138248e-02
1.211568e-01
0.000000e+00
4.395150e-02
0.000000e+00
4.583100e-02
0.000000e+00
9.375558e-02
0.000000e+00
1.864090e-02
0.000000e+00
6.238597e+00
1.778385e+01
1.376913e+01
5.875310e+00
3.397659e+00
4.671446e-01
1.360000e-01
2.055728e+01
1.648205e+01
6.933416e+00
3.057276e+00
5.056355e-01
2.468020e+01
3.539888e+01
3.159029e+01
1.511685e+01
1.034379e+01
1.875776e+00
0.000000e+00
0.000000e+00
0.000000e+00
0.000000e+00
0.000000e+00
0.000000e+00
0.000000e+00
0.000000e+00
0.000000e+00
0.000000e+00
0.000000e+00
0.000000e+00
1.129100e-01
1.925330e-02
1.798751e-02
2.169509e-02
5.487974e-03
2.088269e-03
