3.071560e-01
0.000000e+00
2.854753e-01
0.000000e+00
2.688198e-03
2.976740e-03
0.000000e+00
5.397613e-01
0.000000e+00
8.680258e-02
0.000000e+00
0.000000e+00
3.356000e-02
9.797938e-02
0.000000e+00
5.705570e-02
1.191765e-03
2.813304e-06
4.406071e+00
2.085972e+01
4.517043e+00
3.449242e+00
5.775534e-01
2.812226e-01
3.280000e-01
1.715119e+01
4.772504e+00
1.298966e+00
6.689334e-01
8.207822e-02
3.035660e+01
8.810259e+01
2.022310e+01
5.843008e+00
2.620530e+00
1.222557e+00
0.000000e+00
0.000000e+00
0.000000e+00
0.000000e+00
0.000000e+00
0.000000e+00
0.000000e+00
0.000000e+00
0.000000e+00
0.000000e+00
6.671495e-04
0.000000e+00
8.187000e-02
9.529540e-03
2.585848e-02
8.946410e-03
0.000000e+00
1.395670e-03
