1.458200e-01
3.242341e-02
0.000000e+00
1.028345e-01
0.000000e+00
8.749332e-03
0.000000e+00
0.000000e+00
1.338286e-01
0.000000e+00
5.135955e-02
0.000000e+00
5.503000e-03
3.455010e-03
2.498065e-02
0.000000e+00
7.710768e-03
1.192593e-03
6.470862e+00
1.687025e+01
1.311082e+01
5.886033e+00
3.875456e+00
6.853223e-01
1.070000e-01
2.215430e+01
1.642183e+01
7.114118e+00
3.590914e+00
7.098761e-01
2.327780e+01
3.530528e+01
2.381991e+01
3.315957e+00
0.000000e+00
1.265840e+00
0.000000e+00
0.000000e+00
0.000000e+00
0.000000e+00
1.991287e+00
0.000000e+00
0.000000e+00
1.354940e-02
1.379200e-02
1.444766e-02
0.000000e+00
0.000000e+00
4.950000e-02
0.000000e+00
0.000000e+00
0.000000e+00
9.058499e-04
4.229986e-04
