8.937200e-02
1.118845e-01
0.000000e+00
8.136104e-02
0.000000e+00
1.259308e-02
0.000000e+00
0.000000e+00
1.751656e-01
0.000000e+00
4.545690e-02
0.000000e+00
1.356570e-01
0.000000e+00
1.804080e-02
6.289703e-02
3.251874e-03
2.405865e-03
1.235197e+01
1.028506e+01
1.735715e+01
6.570131e+00
3.536505e+00
3.139021e-01
1.510000e-01
1.951944e+01
1.974567e+01
1.627392e+01
3.450942e+00
1.612345e-02
2.474140e+01
4.175305e+01
4.747544e+01
2.173168e+02
8.859690e+00
1.592127e+00
0.000000e+00
0.000000e+00
0.000000e+00
0.000000e+00
0.000000e+00
0.000000e+00
0.000000e+00
0.000000e+00
5.477988e-04
0.000000e+00
0.000000e+00
0.000000e+00
8.856000e-02
8.189963e-03
0.000000e+00
9.847228e-03
4.943761e-03
5.748186e-03
