0.000000e+00
1.913395e-01
0.000000e+00
2.780285e-02
0.000000e+00
2.874811e-03
2.412700e-02
0.000000e+00
1.091548e-01
0.000000e+00
1.044564e-02
0.000000e+00
1.088120e-01
0.000000e+00
8.626682e-02
0.000000e+00
1.187939e-02
0.000000e+00
1.055998e+01
1.219940e+01
9.353028e+00
1.999494e+00
1.076909e+00
2.245569e-01
2.020000e-01
2.159152e+01
1.313715e+00
2.318270e+00
2.492884e-01
3.332508e-01
2.900380e+01
7.912130e+01
7.103269e+01
8.995483e+00
8.853675e+00
1.310825e+00
0.000000e+00
0.000000e+00
0.000000e+00
0.000000e+00
0.000000e+00
0.000000e+00
0.000000e+00
5.176647e-03
0.000000e+00
3.213834e-03
0.000000e+00
0.000000e+00
1.156500e-01
0.000000e+00
7.162207e-02
0.000000e+00
8.594354e-03
3.875218e-04
