7.126800e-02
2.264168e-02
0.000000e+00
4.107234e-03
1.666514e-05
2.341107e-03
0.000000e+00
0.000000e+00
5.718897e-02
0.000000e+00
0.000000e+00
0.000000e+00
0.000000e+00
1.724518e-02
1.007726e-01
1.708942e-02
4.123179e-03
0.000000e+00
7.420697e+00
1.806703e+01
1.571106e+01
6.254801e+00
1.151349e+00
3.808532e-01
4.390000e-01
2.116358e+01
2.888057e+01
1.161264e+01
1.074580e+00
3.579133e-01
3.004570e+01
9.055448e+01
1.352508e+02
5.134955e+01
5.634108e+00
2.461908e+00
0.000000e+00
0.000000e+00
0.000000e+00
0.000000e+00
0.000000e+00
0.000000e+00
0.000000e+00
0.000000e+00
0.000000e+00
0.000000e+00
0.000000e+00
0.000000e+00
1.035200e-01
1.328015e-04
3.078380e-02
2.321115e-02
4.756031e-04
3.313600e-03
