2.542800e-02
0.000000e+00
4.913127e-03
0.000000e+00
6.736090e-04
2.737550e-04
0.000000e+00
2.722424e-02
0.000000e+00
8.989514e-04
0.000000e+00
0.000000e+00
4.701700e-02
1.491865e-02
3.874892e-03
1.445999e-02
5.213443e-03
8.839443e-04
9.854703e+00
1.366841e+01
9.934122e+00
4.270107e+00
1.279040e+00
1.645358e-01
4.640000e-01
1.763812e+01
9.050811e+00
3.162116e+00
3.902903e-01
1.076088e-01
3.126970e+01
8.377902e+01
5.371551e+01
2.076329e+01
4.459158e+00
7.834323e-01
0.000000e+00
0.000000e+00
0.000000e+00
0.000000e+00
0.000000e+00
0.000000e+00
0.000000e+00
0.000000e+00
0.000000e+00
0.000000e+00
0.000000e+00
0.000000e+00
1.371200e-01
2.610206e-02
4.425934e-02
3.882120e-02
1.230819e-02
1.457402e-03
