4.578340e-01
0.000000e+00
1.357939e-01
0.000000e+00
0.000000e+00
3.203572e-03
0.000000e+00
3.852127e-01
0.000000e+00
7.770233e-02
1.106312e-02
0.000000e+00
4.844600e-02
1.073204e-01
1.569134e-02
6.329893e-02
1.115977e-02
0.000000e+00
5.045608e+00
1.573482e+01
8.068500e+00
5.222533e+00
2.071846e+00
1.010399e+00
2.440000e-01
6.544315e+00
5.896007e+00
4.103726e+00
3.096145e+00
8.964057e-01
2.683280e+01
1.223104e+02
1.070883e+01
4.780215e+00
4.020019e+00
2.348906e+00
0.000000e+00
0.000000e+00
0.000000e+00
0.000000e+00
0.000000e+00
0.000000e+00
4.854000e-02
0.000000e+00
2.483356e-02
0.000000e+00
0.000000e+00
0.000000e+00
0.000000e+00
1.290561e-02
0.000000e+00
1.561613e-02
1.398964e-03
3.149114e-03
