1.569090e-01
0.000000e+00
3.647275e-02
0.000000e+00
0.000000e+00
1.793528e-02
0.000000e+00
1.847420e-01
0.000000e+00
2.612176e-02
9.699651e-03
0.000000e+00
6.548000e-02
4.765087e-01
0.000000e+00
0.000000e+00
0.000000e+00
1.168904e-02
1.298259e+01
2.766188e+01
9.832246e+00
6.442272e+00
3.717406e+00
1.339639e+00
4.970000e-01
6.751627e+01
1.126819e+01
8.242258e+00
3.884576e+00
1.511373e+00
2.910260e+01
4.347538e+02
2.260863e+01
1.227274e+01
9.712305e+00
2.763261e+00
0.000000e+00
0.000000e+00
0.000000e+00
0.000000e+00
0.000000e+00
0.000000e+00
0.000000e+00
0.000000e+00
0.000000e+00
0.000000e+00
0.000000e+00
0.000000e+00
2.540000e-02
1.537830e-02
9.751770e-04
4.478106e-03
1.019769e-02
2.526255e-03
