3.324100e-02
0.000000e+00
1.199716e-02
6.161843e-03
0.000000e+00
1.181629e-03
0.000000e+00
6.821672e-02
0.000000e+00
0.000000e+00
3.465152e-03
0.000000e+00
3.960500e-02
2.190249e-03
9.466256e-03
9.266497e-03
3.661366e-03
1.120949e-03
9.395233e+00
1.594224e+01
9.073078e+00
4.568795e+00
1.274563e+00
3.281474e-01
4.750000e-01
1.785907e+01
9.723258e+00
2.459776e+00
8.879197e-01
1.113447e-01
3.126480e+01
8.421375e+01
5.280030e+01
2.032658e+01
5.703043e+00
1.257907e+00
0.000000e+00
0.000000e+00
0.000000e+00
0.000000e+00
0.000000e+00
0.000000e+00
0.000000e+00
0.000000e+00
0.000000e+00
0.000000e+00
0.000000e+00
0.000000e+00
1.365400e-01
2.570984e-02
4.410287e-02
3.851913e-02
1.038949e-02
3.403405e-03
