3.620620e-01
0.000000e+00
1.352862e-01
0.000000e+00
1.216452e-02
0.000000e+00
0.000000e+00
2.829172e-01
0.000000e+00
8.676503e-02
0.000000e+00
3.674626e-03
0.000000e+00
4.429266e-02
0.000000e+00
1.528110e-02
2.472684e-03
2.111697e-03
4.821392e+00
1.449755e+01
9.543748e+00
6.145291e+00
6.028179e-01
6.989252e-01
2.190000e-01
4.770518e+00
1.485150e+01
1.610471e+00
1.121984e+00
8.138357e-01
2.895100e+01
1.090926e+02
3.918187e+01
2.844780e+01
1.777218e+00
1.565923e+00
0.000000e+00
0.000000e+00
0.000000e+00
0.000000e+00
0.000000e+00
0.000000e+00
0.000000e+00
1.464935e-03
1.970911e-02
0.000000e+00
4.195033e-04
0.000000e+00
1.636000e-02
0.000000e+00
0.000000e+00
3.801927e-02
0.000000e+00
3.383265e-04
