5.300800e-02
0.000000e+00
0.000000e+00
6.156668e-02
0.000000e+00
3.890438e-03
0.000000e+00
4.360961e-03
4.420005e-02
0.000000e+00
2.967488e-02
0.000000e+00
3.670900e-02
0.000000e+00
3.411380e-02
0.000000e+00
1.790408e-03
6.877487e-04
7.832867e+00
1.721479e+01
8.213455e+00
1.798028e+00
1.299778e+00
1.653387e-01
3.070000e-01
2.291964e+01
1.692600e+00
2.427304e+00
4.550314e-01
3.145676e-01
2.979170e+01
8.920739e+01
4.550086e+01
6.645323e+00
6.471307e+00
5.417164e-01
0.000000e+00
0.000000e+00
0.000000e+00
0.000000e+00
0.000000e+00
0.000000e+00
0.000000e+00
1.244666e-03
0.000000e+00
4.151325e-03
0.000000e+00
9.160124e-05
1.166400e-01
0.000000e+00
5.048629e-02
0.000000e+00
4.182725e-03
0.000000e+00
