1.966990e-01
0.000000e+00
3.668772e-02
0.000000e+00
9.834805e-03
0.000000e+00
0.000000e+00
1.409523e-01
0.000000e+00
1.900707e-02
0.000000e+00
3.203289e-03
0.000000e+00
1.502158e-02
0.000000e+00
1.890018e-02
0.000000e+00
8.388945e-03
6.108404e+00
1.642014e+01
1.234112e+01
8.058926e+00
5.183368e+00
1.531388e+00
1.270000e-01
2.114688e+01
1.195419e+01
9.478600e+00
5.483276e+00
3.581242e+00
2.500350e+01
4.013824e+01
3.090933e+01
3.074836e+01
3.552139e+01
2.498568e+01
0.000000e+00
0.000000e+00
0.000000e+00
0.000000e+00
0.000000e+00
0.000000e+00
0.000000e+00
3.512938e-03
1.263218e-02
3.089881e-03
3.282738e-03
0.000000e+00
6.031000e-02
0.000000e+00
0.000000e+00
0.000000e+00
0.000000e+00
1.057823e-03
