1.192290e-01
0.000000e+00
2.549362e-02
3.128154e-02
0.000000e+00
3.247860e-03
0.000000e+00
1.108341e-01
0.000000e+00
0.000000e+00
2.484524e-02
0.000000e+00
1.391500e-02
4.792689e-03
7.857949e-03
0.000000e+00
1.934066e-03
2.803561e-03
7.909409e+00
1.643315e+01
8.679705e+00
2.877950e+00
2.279959e+00
8.522590e-01
2.920000e-01
2.804011e+01
1.243677e+00
3.331873e+00
2.332144e+00
1.273314e+00
2.845490e+01
8.290840e+01
3.724302e+01
4.353531e+00
2.468779e+00
2.576288e+00
0.000000e+00
0.000000e+00
0.000000e+00
0.000000e+00
0.000000e+00
0.000000e+00
0.000000e+00
0.000000e+00
0.000000e+00
3.391836e-03
0.000000e+00
0.000000e+00
1.146900e-01
1.673593e-03
5.117591e-02
0.000000e+00
3.872217e-03
7.907082e-04
