4.729490e-01
0.000000e+00
1.151624e-01
0.000000e+00
0.000000e+00
1.089840e-02
0.000000e+00
3.756496e-01
0.000000e+00
5.524934e-02
2.407601e-02
0.000000e+00
4.315800e-02
1.147376e-01
9.842231e-03
7.190609e-02
5.311468e-03
9.172048e-04
4.698241e+00
1.548558e+01
8.316058e+00
4.019109e+00
2.207792e+00
8.260409e-01
2.410000e-01
6.520294e+00
5.420979e+00
4.352313e+00
2.529217e+00
1.200613e+00
2.658790e+01
1.218642e+02
1.068270e+01
3.014053e+00
3.993973e+00
2.634709e+00
0.000000e+00
0.000000e+00
0.000000e+00
0.000000e+00
0.000000e+00
0.000000e+00
6.472000e-02
0.000000e+00
3.007980e-02
0.000000e+00
0.000000e+00
0.000000e+00
0.000000e+00
2.382506e-03
0.000000e+00
1.082487e-02
2.647345e-05
1.392841e-03
