1.019470e-01
7.460637e-02
0.000000e+00
3.768915e-04
0.000000e+00
1.042086e-02
0.000000e+00
0.000000e+00
8.692154e-02
0.000000e+00
2.440624e-02
0.000000e+00
1.526700e-01
0.000000e+00
1.036012e-02
5.246348e-02
1.102883e-02
0.000000e+00
1.465224e+01
7.048111e+00
1.695409e+01
7.498904e+00
3.874896e+00
8.365768e-01
2.090000e-01
2.126905e+01
2.382550e+01
1.819317e+01
3.661972e+00
5.970296e-01
2.459970e+01
3.984306e+01
2.249057e+01
5.905859e+01
7.710901e+00
2.684252e+00
0.000000e+00
0.000000e+00
0.000000e+00
0.000000e+00
0.000000e+00
0.000000e+00
0.000000e+00
0.000000e+00
1.405024e-02
0.000000e+00
2.336779e-03
0.000000e+00
9.098000e-02
8.962448e-03
0.000000e+00
5.316261e-03
0.000000e+00
2.317749e-03
