2.208910e-01
0.000000e+00
2.244892e-01
0.000000e+00
9.273890e-03
0.000000e+00
0.000000e+00
4.519020e-01
0.000000e+00
3.906765e-02
0.000000e+00
4.572983e-03
0.000000e+00
1.226908e-01
0.000000e+00
2.325993e-02
0.000000e+00
6.254550e-03
6.387260e+00
2.086269e+01
4.072398e+00
2.920953e+00
1.383935e+00
5.596673e-01
2.930000e-01
2.348007e+01
2.470010e+00
2.612849e+00
1.128469e+00
1.223990e+00
3.146030e+01
8.986662e+01
3.405816e+01
1.744730e+01
1.900185e+00
6.248565e+00
0.000000e+00
0.000000e+00
0.000000e+00
0.000000e+00
0.000000e+00
0.000000e+00
0.000000e+00
0.000000e+00
0.000000e+00
0.000000e+00
0.000000e+00
0.000000e+00
9.658000e-02
1.313716e-02
4.119002e-02
7.279513e-03
2.852452e-03
8.281932e-04
