1.388390e-01
1.524418e-02
0.000000e+00
6.164599e-02
0.000000e+00
2.909312e-03
0.000000e+00
0.000000e+00
1.431689e-01
0.000000e+00
4.285866e-03
0.000000e+00
1.495300e-02
8.456844e-03
4.946664e-02
0.000000e+00
5.783117e-03
6.325836e-03
6.708821e+00
1.673521e+01
1.434833e+01
5.640779e+00
3.236280e+00
1.641678e+00
1.320000e-01
1.947246e+01
1.590732e+01
7.826319e+00
3.445171e+00
3.486736e+00
2.466870e+01
3.663278e+01
3.299218e+01
1.790952e+01
8.277545e+00
9.564797e+00
0.000000e+00
0.000000e+00
0.000000e+00
0.000000e+00
0.000000e+00
0.000000e+00
0.000000e+00
0.000000e+00
0.000000e+00
0.000000e+00
1.024506e-03
1.730069e-03
7.709000e-02
5.821634e-04
5.255317e-04
7.456407e-03
0.000000e+00
0.000000e+00
