1.373070e-01
0.000000e+00
0.000000e+00
5.815315e-02
0.000000e+00
1.515510e-02
0.000000e+00
2.929934e-02
1.085358e-01
0.000000e+00
2.387742e-02
0.000000e+00
4.858800e-02
9.867872e-03
7.693987e-02
0.000000e+00
2.223310e-02
0.000000e+00
6.470862e+00
1.847032e+01
1.277716e+01
6.554454e+00
2.918352e+00
6.170997e-01
1.450000e-01
2.020113e+01
1.913747e+01
6.045198e+00
2.799958e+00
6.424753e-01
2.504090e+01
3.698226e+01
2.925922e+01
1.550242e+01
9.309051e+00
3.140123e+00
0.000000e+00
0.000000e+00
0.000000e+00
0.000000e+00
0.000000e+00
0.000000e+00
0.000000e+00
0.000000e+00
0.000000e+00
0.000000e+00
0.000000e+00
0.000000e+00
9.102000e-02
9.467872e-03
8.144283e-03
1.509177e-02
4.456774e-03
1.114785e-03
