4.159380e-01
0.000000e+00
1.348936e-01
0.000000e+00
1.805741e-02
0.000000e+00
0.000000e+00
3.404971e-01
0.000000e+00
9.400623e-02
0.000000e+00
1.936900e-02
7.013700e-02
0.000000e+00
0.000000e+00
2.666735e-02
2.373358e-03
6.625622e-03
6.370626e+00
1.466967e+01
9.162899e+00
4.544217e+00
1.768887e+00
1.413565e+00
2.420000e-01
5.832013e+00
7.050732e+00
4.251676e+00
2.294157e+00
1.176038e+00
2.696710e+01
1.166936e+02
1.117331e+01
8.553431e+00
3.118335e+00
4.953724e+00
0.000000e+00
0.000000e+00
0.000000e+00
0.000000e+00
0.000000e+00
0.000000e+00
4.752000e-02
0.000000e+00
2.597534e-02
0.000000e+00
3.059782e-04
0.000000e+00
0.000000e+00
1.375713e-02
0.000000e+00
1.617273e-02
0.000000e+00
2.888062e-04
