2.362670e-01
0.000000e+00
5.249280e-02
0.000000e+00
2.388039e-02
0.000000e+00
0.000000e+00
2.434239e-01
0.000000e+00
3.446985e-02
0.000000e+00
1.124512e-02
0.000000e+00
1.411713e-01
0.000000e+00
2.549834e-02
1.098811e-02
3.222201e-03
4.960730e+00
1.842750e+01
1.198420e+01
7.130079e+00
3.638879e+00
1.462370e+00
1.610000e-01
1.821407e+01
1.711424e+01
9.302219e+00
3.489281e+00
8.627806e-01
2.460320e+01
3.994825e+01
2.730060e+01
1.953747e+01
7.785162e+00
7.102948e+00
0.000000e+00
0.000000e+00
0.000000e+00
0.000000e+00
0.000000e+00
0.000000e+00
0.000000e+00
0.000000e+00
0.000000e+00
0.000000e+00
0.000000e+00
0.000000e+00
1.069500e-01
1.971552e-02
1.097467e-02
1.763912e-02
6.929324e-03
4.614909e-03
