4.496100e-02
0.000000e+00
1.774069e-03
1.660410e-03
0.000000e+00
5.291512e-03
0.000000e+00
2.907967e-02
0.000000e+00
0.000000e+00
5.365048e-03
0.000000e+00
1.166820e-01
0.000000e+00
9.772360e-02
0.000000e+00
1.294724e-02
0.000000e+00
1.055998e+01
1.468888e+01
9.525433e+00
3.216725e+00
1.815061e+00
5.817119e-01
2.640000e-01
2.431345e+01
1.124223e+00
4.795288e+00
1.713896e+00
5.398694e-01
2.920170e+01
8.297606e+01
4.765778e+01
9.838186e+00
5.413965e+00
1.431961e+00
0.000000e+00
0.000000e+00
0.000000e+00
0.000000e+00
0.000000e+00
0.000000e+00
0.000000e+00
0.000000e+00
0.000000e+00
0.000000e+00
0.000000e+00
0.000000e+00
1.165900e-01
2.752776e-03
5.617959e-02
8.752010e-04
9.029201e-03
1.852521e-03
