1.988920e-01
0.000000e+00
1.095407e-01
0.000000e+00
4.316452e-02
0.000000e+00
0.000000e+00
2.186235e-01
0.000000e+00
8.292804e-02
0.000000e+00
7.293196e-03
0.000000e+00
1.180530e-01
0.000000e+00
4.208264e-02
4.589803e-03
1.355895e-04
6.589125e+00
1.651193e+01
1.344626e+01
7.203290e+00
3.599620e+00
6.972947e-01
1.410000e-01
2.432065e+01
1.676412e+01
6.244639e+00
4.063366e+00
1.920987e-01
2.574130e+01
4.731354e+01
2.342447e+01
2.781374e+01
1.209618e+01
4.804689e+00
0.000000e+00
0.000000e+00
0.000000e+00
0.000000e+00
0.000000e+00
0.000000e+00
0.000000e+00
0.000000e+00
6.982958e-03
0.000000e+00
5.135992e-04
0.000000e+00
8.501000e-02
1.125843e-02
0.000000e+00
9.357730e-03
0.000000e+00
3.551015e-03
