8.330800e-02
3.072852e-01
0.000000e+00
1.036581e-01
0.000000e+00
0.000000e+00
0.000000e+00
0.000000e+00
2.551210e-01
0.000000e+00
4.054582e-02
8.784509e-03
6.061900e-02
0.000000e+00
1.005808e-01
0.000000e+00
5.156696e-02
5.001043e-04
7.238229e+00
6.590103e+00
1.444992e+01
4.008602e+00
3.970956e+00
5.072445e-01
1.210000e-01
3.719271e+01
9.871255e+00
1.012356e+01
2.345874e+00
2.587275e-01
2.428540e+01
2.249119e+01
1.046788e+01
1.777070e+01
6.100202e+00
3.192922e+00
0.000000e+00
0.000000e+00
0.000000e+00
0.000000e+00
0.000000e+00
0.000000e+00
0.000000e+00
1.931983e-02
3.799914e-03
9.711385e-03
0.000000e+00
0.000000e+00
6.675000e-02
0.000000e+00
0.000000e+00
0.000000e+00
4.151689e-03
1.239647e-03
