1.625200e-02
3.087182e-01
0.000000e+00
1.505209e-01
0.000000e+00
2.438582e-03
0.000000e+00
0.000000e+00
2.944454e-01
0.000000e+00
7.361401e-02
0.000000e+00
1.756330e-01
0.000000e+00
2.873695e-01
0.000000e+00
8.714155e-02
0.000000e+00
1.100844e+01
4.997521e+00
1.550636e+01
3.646900e+00
4.416416e+00
1.014065e+00
1.370000e-01
1.977204e+01
1.668521e+01
1.079465e+01
2.687138e+00
7.128692e-01
2.316470e+01
3.254650e+01
2.974864e+01
1.466575e+01
8.730167e+00
4.857828e+00
0.000000e+00
0.000000e+00
0.000000e+00
0.000000e+00
0.000000e+00
0.000000e+00
0.000000e+00
0.000000e+00
0.000000e+00
0.000000e+00
0.000000e+00
0.000000e+00
8.387000e-02
2.032532e-03
6.610186e-03
4.132750e-03
5.188868e-03
1.670891e-03
