0.000000e+00
2.448356e-01
0.000000e+00
6.763692e-02
0.000000e+00
8.990465e-04
2.683000e-03
0.000000e+00
1.970745e-01
0.000000e+00
1.115291e-02
0.000000e+00
1.433740e-01
0.000000e+00
2.655308e-01
0.000000e+00
2.532419e-02
0.000000e+00
8.641195e+00
1.087997e+01
1.197735e+01
2.857049e+00
1.555395e+00
4.939635e-01
5.020000e-01
2.038528e+01
8.196330e+00
2.684746e+00
1.043718e+00
4.796678e-01
3.024330e+01
7.833238e+01
6.606987e+01
1.930584e+01
5.375499e+00
1.360669e+00
0.000000e+00
0.000000e+00
0.000000e+00
0.000000e+00
0.000000e+00
0.000000e+00
0.000000e+00
0.000000e+00
0.000000e+00
0.000000e+00
0.000000e+00
0.000000e+00
1.347000e-01
1.140685e-02
4.644475e-02
2.876944e-02
1.115461e-02
2.493492e-03
