8.320100e-02
0.000000e+00
6.550883e-02
0.000000e+00
0.000000e+00
7.643108e-03
0.000000e+00
1.449060e-01
0.000000e+00
1.072011e-02
1.343929e-02
0.000000e+00
0.000000e+00
1.919684e-02
1.052192e-02
0.000000e+00
1.571514e-02
0.000000e+00
8.142024e+00
1.763868e+01
7.619248e+00
3.750962e+00
2.217720e+00
7.607761e-01
4.510000e-01
1.631237e+01
4.781487e+00
6.006719e+00
1.523879e+00
1.062068e+00
3.028380e+01
9.187079e+01
2.649570e+01
7.695390e+00
9.118313e+00
2.730616e+00
0.000000e+00
0.000000e+00
0.000000e+00
0.000000e+00
0.000000e+00
0.000000e+00
0.000000e+00
0.000000e+00
0.000000e+00
0.000000e+00
0.000000e+00
0.000000e+00
1.021700e-01
1.245117e-02
5.365312e-02
1.368315e-03
5.744551e-03
1.804872e-03
