2.264080e-01
0.000000e+00
0.000000e+00
4.162132e-02
0.000000e+00
1.362831e-02
0.000000e+00
1.971384e-01
1.316708e-02
0.000000e+00
3.642784e-02
0.000000e+00
2.133500e-02
2.307480e-02
1.451997e-03
6.709349e-03
1.114798e-02
3.788415e-03
4.890730e+00
1.848410e+01
1.160761e+01
5.939325e+00
4.567115e+00
1.523431e+00
2.140000e-01
1.693967e+01
1.624728e+01
8.349894e+00
5.492569e+00
1.887010e+00
2.446640e+01
3.756059e+01
2.796886e+01
1.578342e+01
9.601447e+00
4.416332e+00
0.000000e+00
0.000000e+00
0.000000e+00
0.000000e+00
0.000000e+00
0.000000e+00
0.000000e+00
0.000000e+00
0.000000e+00
0.000000e+00
0.000000e+00
0.000000e+00
1.025500e-01
1.679174e-02
1.184058e-02
1.601551e-02
6.596343e-03
5.467236e-03
