2.220840e-01
0.000000e+00
0.000000e+00
1.684086e-02
0.000000e+00
0.000000e+00
0.000000e+00
1.395462e-01
1.621055e-02
0.000000e+00
1.121029e-02
1.900573e-04
1.617100e-02
0.000000e+00
2.859794e-02
0.000000e+00
1.040517e-02
6.202189e-03
5.160276e+00
1.767922e+01
1.283850e+01
7.100824e+00
4.084532e+00
5.038065e-01
1.400000e-01
1.692033e+01
1.936948e+01
9.428471e+00
3.302039e+00
1.377680e-01
2.358030e+01
3.850825e+01
2.967913e+01
1.683386e+01
1.109974e+01
1.873083e+00
0.000000e+00
0.000000e+00
0.000000e+00
0.000000e+00
0.000000e+00
0.000000e+00
0.000000e+00
0.000000e+00
0.000000e+00
0.000000e+00
0.000000e+00
0.000000e+00
1.018000e-01
1.193081e-02
8.767670e-03
9.701255e-03
1.295424e-03
3.573651e-03
