1.164130e-01
0.000000e+00
1.627160e-01
0.000000e+00
2.741624e-02
0.000000e+00
0.000000e+00
2.744317e-01
0.000000e+00
6.735392e-02
0.000000e+00
4.859832e-03
1.017900e-02
1.519613e-02
0.000000e+00
2.067488e-03
0.000000e+00
0.000000e+00
9.699920e+00
1.621356e+01
6.263607e+00
3.736925e+00
1.300381e+00
4.546466e-01
2.660000e-01
3.314664e+01
8.157070e-01
7.045764e+00
2.113463e-01
7.325128e-01
3.134030e+01
8.624976e+01
3.792297e+01
1.674723e+01
6.769726e+00
1.788842e+00
0.000000e+00
0.000000e+00
0.000000e+00
0.000000e+00
0.000000e+00
0.000000e+00
0.000000e+00
0.000000e+00
0.000000e+00
0.000000e+00
0.000000e+00
0.000000e+00
1.342000e-01
2.925141e-02
6.914760e-02
6.358566e-03
1.678535e-02
1.312122e-03
