7.957700e-02
4.270752e-02
0.000000e+00
2.386755e-03
0.000000e+00
2.149723e-03
0.000000e+00
0.000000e+00
9.436105e-03
0.000000e+00
1.300716e-02
0.000000e+00
0.000000e+00
1.041363e-02
1.925256e-02
0.000000e+00
6.460375e-03
1.016713e-03
7.184078e+00
1.725787e+01
9.155186e+00
4.168412e+00
1.835842e+00
4.688649e-01
2.310000e-01
2.045615e+01
1.874612e+00
1.095492e+01
4.865332e+00
5.032405e-01
2.862570e+01
8.089213e+01
6.688981e+01
2.647779e+01
3.309635e+01
1.862480e+00
0.000000e+00
0.000000e+00
0.000000e+00
0.000000e+00
0.000000e+00
0.000000e+00
0.000000e+00
2.613467e-02
0.000000e+00
1.006005e-02
0.000000e+00
5.576774e-04
8.092000e-02
0.000000e+00
4.323856e-02
0.000000e+00
2.239998e-03
0.000000e+00
