3.409000e-03
1.581256e-02
0.000000e+00
1.332083e-02
0.000000e+00
1.420395e-03
0.000000e+00
0.000000e+00
3.020720e-02
0.000000e+00
1.235928e-03
0.000000e+00
3.132800e-02
0.000000e+00
2.222355e-02
2.364343e-03
0.000000e+00
2.110218e-03
1.032891e+01
1.372564e+01
1.052117e+01
4.184243e+00
1.318953e+00
3.209641e-01
4.820000e-01
1.773989e+01
9.397352e+00
2.656753e+00
6.518789e-01
1.755168e-01
3.125170e+01
8.440443e+01
5.286707e+01
2.036677e+01
5.815264e+00
1.121070e+00
0.000000e+00
0.000000e+00
0.000000e+00
0.000000e+00
0.000000e+00
0.000000e+00
0.000000e+00
0.000000e+00
0.000000e+00
0.000000e+00
0.000000e+00
0.000000e+00
1.319400e-01
2.317961e-02
4.153365e-02
3.652244e-02
9.611833e-03
3.087370e-03
