4.065900e-02
1.733039e-02
1.613062e-03
0.000000e+00
9.076052e-03
0.000000e+00
0.000000e+00
0.000000e+00
0.000000e+00
1.906156e-02
0.000000e+00
4.448773e-04
2.076500e-02
0.000000e+00
3.372557e-03
0.000000e+00
0.000000e+00
1.957532e-03
8.025154e+00
1.742301e+01
8.132500e+00
4.897933e+00
1.512331e+00
5.024800e-01
3.690000e-01
2.022202e+01
7.594916e+00
2.506423e+00
1.568274e+00
1.332591e-01
2.904660e+01
7.408389e+01
8.467020e+01
2.177739e+01
7.874675e+00
1.661015e+00
0.000000e+00
0.000000e+00
0.000000e+00
0.000000e+00
0.000000e+00
0.000000e+00
0.000000e+00
4.864830e-03
0.000000e+00
0.000000e+00
0.000000e+00
0.000000e+00
1.194100e-01
0.000000e+00
4.528271e-02
1.694660e-02
6.935649e-03
4.334690e-03
