1.238180e-01
6.598837e-02
0.000000e+00
3.421346e-02
0.000000e+00
1.248540e-02
0.000000e+00
0.000000e+00
7.052121e-02
0.000000e+00
2.178286e-02
0.000000e+00
0.000000e+00
1.511569e-01
0.000000e+00
3.893365e-02
0.000000e+00
0.000000e+00
1.081810e+01
1.208427e+01
1.549748e+01
8.486523e+00
3.448391e+00
4.571179e-01
1.030000e-01
2.320146e+01
1.486954e+01
1.322926e+01
2.067203e+00
3.647773e-01
2.314480e+01
3.479103e+01
2.957860e+01
6.930226e+01
0.000000e+00
7.864028e-01
0.000000e+00
0.000000e+00
0.000000e+00
0.000000e+00
4.517748e+00
0.000000e+00
0.000000e+00
1.853187e-02
2.546814e-02
1.769102e-02
0.000000e+00
2.644160e-03
3.954000e-02
0.000000e+00
0.000000e+00
0.000000e+00
3.018145e-03
0.000000e+00
