2.505690e-01
0.000000e+00
1.520600e-01
0.000000e+00
3.687982e-02
0.000000e+00
0.000000e+00
2.776522e-01
0.000000e+00
8.257366e-02
0.000000e+00
1.587946e-02
3.046800e-02
0.000000e+00
4.982521e-02
0.000000e+00
4.344275e-03
8.230953e-03
4.793841e+00
1.855499e+01
1.075865e+01
7.860541e+00
3.585122e+00
1.209068e+00
1.550000e-01
1.854524e+01
1.861512e+01
7.708973e+00
3.652157e+00
1.350829e+00
2.477260e+01
4.296592e+01
2.256713e+01
2.430638e+01
6.685057e+00
1.100899e+00
0.000000e+00
0.000000e+00
0.000000e+00
0.000000e+00
0.000000e+00
0.000000e+00
0.000000e+00
0.000000e+00
5.693091e-03
0.000000e+00
0.000000e+00
0.000000e+00
8.868000e-02
1.217126e-02
0.000000e+00
1.296557e-02
2.419452e-03
4.963297e-03
