2.569210e-01
0.000000e+00
2.635770e-01
0.000000e+00
6.936209e-02
0.000000e+00
0.000000e+00
4.142471e-01
0.000000e+00
1.427848e-01
0.000000e+00
1.162199e-02
1.142200e-02
7.892618e-02
0.000000e+00
5.959562e-02
0.000000e+00
2.161690e-02
4.862916e+00
1.892609e+01
5.549916e+00
8.019844e+00
1.042103e+00
1.426051e+00
1.290000e-01
2.061631e+01
1.926963e+01
3.783204e+00
6.565407e+00
1.118482e+00
2.450540e+01
4.059889e+01
2.204206e+01
7.932168e+00
6.181062e+00
1.714632e+00
0.000000e+00
0.000000e+00
0.000000e+00
0.000000e+00
0.000000e+00
0.000000e+00
0.000000e+00
0.000000e+00
2.515277e-03
0.000000e+00
1.150542e-03
0.000000e+00
8.371000e-02
9.081078e-03
0.000000e+00
1.632488e-02
0.000000e+00
3.557795e-05
