2.723850e-01
0.000000e+00
1.007407e-01
1.220612e-02
0.000000e+00
2.368492e-02
0.000000e+00
3.154072e-01
0.000000e+00
0.000000e+00
5.262938e-02
0.000000e+00
0.000000e+00
1.186125e-01
0.000000e+00
1.827966e-02
2.634511e-02
0.000000e+00
4.039796e+00
1.966656e+01
8.952326e+00
7.288522e+00
4.228023e+00
4.022940e-01
1.350000e-01
1.953774e+01
1.581766e+01
8.576865e+00
3.615103e+00
5.797261e-01
2.357070e+01
3.123186e+01
2.635634e+01
0.000000e+00
3.961749e+00
1.997274e+00
0.000000e+00
0.000000e+00
0.000000e+00
3.169973e+00
0.000000e+00
0.000000e+00
0.000000e+00
0.000000e+00
0.000000e+00
0.000000e+00
0.000000e+00
0.000000e+00
9.506000e-02
1.050958e-02
8.173017e-03
5.568994e-03
4.833023e-03
1.854775e-03
