5.246100e-02
0.000000e+00
6.634126e-02
0.000000e+00
1.293944e-02
0.000000e+00
0.000000e+00
7.229651e-02
0.000000e+00
2.624549e-02
0.000000e+00
8.521247e-03
0.000000e+00
9.097402e-03
1.161758e-02
2.129156e-03
0.000000e+00
4.032150e-03
9.181551e+00
1.217488e+01
9.401104e+00
4.753399e+00
1.413966e+00
6.529741e-01
5.710000e-01
1.714760e+01
1.064233e+01
1.795457e+00
1.402486e+00
4.015074e-01
3.105630e+01
8.704882e+01
5.294202e+01
2.137818e+01
5.306770e+00
2.050774e+00
0.000000e+00
0.000000e+00
0.000000e+00
0.000000e+00
0.000000e+00
0.000000e+00
0.000000e+00
0.000000e+00
0.000000e+00
0.000000e+00
0.000000e+00
0.000000e+00
1.302400e-01
2.287187e-02
3.572820e-02
3.318345e-02
3.532793e-03
2.731722e-03
