1.511480e-01
0.000000e+00
0.000000e+00
0.000000e+00
1.895546e-02
2.406267e-03
0.000000e+00
4.644499e-02
6.186364e-04
3.241660e-02
0.000000e+00
0.000000e+00
0.000000e+00
1.657988e-01
0.000000e+00
3.223625e-02
1.863775e-02
0.000000e+00
8.479304e+00
1.441165e+01
1.455695e+01
1.008373e+01
3.066422e+00
5.699652e-01
1.340000e-01
2.023369e+01
1.433429e+01
1.274589e+01
3.413966e+00
4.117114e-01
2.474320e+01
3.846705e+01
3.660872e+01
8.546180e+01
3.440401e+01
1.954487e+00
0.000000e+00
0.000000e+00
0.000000e+00
0.000000e+00
0.000000e+00
0.000000e+00
0.000000e+00
1.440110e-03
9.842333e-03
0.000000e+00
0.000000e+00
2.116833e-04
6.897000e-02
0.000000e+00
0.000000e+00
2.376497e-03
1.771121e-03
0.000000e+00
