1.452460e-01
0.000000e+00
0.000000e+00
4.614043e-02
0.000000e+00
0.000000e+00
0.000000e+00
1.481579e-02
9.194379e-02
0.000000e+00
3.318564e-03
4.426351e-03
1.218100e-02
0.000000e+00
6.418541e-02
0.000000e+00
1.151692e-02
2.314424e-03
6.589125e+00
1.676443e+01
1.323175e+01
7.168388e+00
4.386112e+00
1.626967e+00
1.420000e-01
1.639560e+01
1.874219e+01
5.537896e+00
5.025330e+00
2.954570e+00
2.480860e+01
3.808979e+01
3.253964e+01
2.531812e+01
3.495033e+01
2.325124e+01
0.000000e+00
0.000000e+00
0.000000e+00
0.000000e+00
0.000000e+00
0.000000e+00
0.000000e+00
0.000000e+00
2.684019e-04
0.000000e+00
3.395759e-03
3.638996e-05
7.536000e-02
1.532641e-03
0.000000e+00
6.559212e-03
0.000000e+00
0.000000e+00
