2.617450e-01
0.000000e+00
2.918624e-02
0.000000e+00
0.000000e+00
3.373387e-03
0.000000e+00
2.094529e-01
0.000000e+00
1.030721e-02
9.026036e-03
0.000000e+00
1.582800e-02
1.490723e-02
5.844632e-02
1.929492e-03
1.929771e-02
0.000000e+00
4.126272e+00
1.802014e+01
1.297219e+01
7.465232e+00
4.201237e+00
6.245807e-01
1.030000e-01
3.314975e+01
7.767103e+00
1.349800e+01
2.068649e+00
5.986045e-01
2.463360e+01
3.333077e+01
3.407687e+01
2.340634e+01
1.403456e+01
3.496724e+00
0.000000e+00
0.000000e+00
0.000000e+00
0.000000e+00
0.000000e+00
0.000000e+00
0.000000e+00
0.000000e+00
4.457481e-04
2.366965e-03
0.000000e+00
3.732934e-04
7.614000e-02
8.657504e-04
0.000000e+00
0.000000e+00
1.212363e-02
0.000000e+00
