2.126250e-01
0.000000e+00
0.000000e+00
6.545809e-02
0.000000e+00
9.071183e-03
0.000000e+00
4.579402e-02
9.757925e-02
0.000000e+00
3.199783e-02
0.000000e+00
9.239000e-03
0.000000e+00
6.785979e-02
0.000000e+00
3.346390e-02
2.023041e-04
4.849048e+00
1.654312e+01
1.472628e+01
6.489430e+00
4.028500e+00
5.070314e-01
1.710000e-01
1.429680e+01
2.374227e+01
1.410679e+01
3.129621e+00
5.451395e-01
2.428110e+01
4.015877e+01
2.805523e+01
3.515117e+01
4.620459e+00
3.072422e+00
0.000000e+00
0.000000e+00
0.000000e+00
0.000000e+00
0.000000e+00
0.000000e+00
0.000000e+00
0.000000e+00
2.518973e-03
0.000000e+00
0.000000e+00
0.000000e+00
7.386000e-02
8.225759e-04
0.000000e+00
4.702554e-03
1.056830e-03
7.807460e-04
