2.284000e-02
2.415524e-01
0.000000e+00
3.073251e-02
1.053127e-02
1.412591e-03
0.000000e+00
0.000000e+00
1.778287e-01
0.000000e+00
0.000000e+00
0.000000e+00
2.987300e-02
1.170726e-04
3.106767e-02
1.242397e-02
1.612347e-03
3.401755e-03
8.339318e+00
1.253427e+01
1.193448e+01
4.144932e+00
1.553542e+00
8.612443e-01
4.650000e-01
1.014318e+01
7.472046e+00
5.222121e+00
1.884614e+00
7.468621e-01
2.777640e+01
7.241585e+01
7.424281e+01
1.304792e+01
4.958325e+00
3.402908e+00
0.000000e+00
0.000000e+00
0.000000e+00
0.000000e+00
0.000000e+00
0.000000e+00
0.000000e+00
1.020668e-02
0.000000e+00
0.000000e+00
0.000000e+00
0.000000e+00
1.188000e-01
0.000000e+00
4.562392e-02
3.660932e-03
4.626669e-03
7.699425e-04
