2.210410e-01
0.000000e+00
5.846584e-02
0.000000e+00
3.728965e-03
0.000000e+00
0.000000e+00
2.025907e-01
0.000000e+00
1.023700e-02
0.000000e+00
1.046515e-02
1.948300e-02
4.688328e-02
0.000000e+00
1.079900e-02
9.309122e-03
6.309539e-03
5.003049e+00
1.934353e+01
1.016961e+01
7.780488e+00
3.560906e+00
1.139312e+00
1.320000e-01
2.242094e+01
1.761561e+01
7.730888e+00
3.888937e+00
1.224314e+00
2.400950e+01
3.793224e+01
2.656340e+01
1.250122e+01
8.971953e+00
2.866685e+00
0.000000e+00
0.000000e+00
0.000000e+00
0.000000e+00
0.000000e+00
0.000000e+00
0.000000e+00
0.000000e+00
0.000000e+00
0.000000e+00
0.000000e+00
0.000000e+00
7.595000e-02
3.223485e-04
2.029206e-03
3.081173e-03
2.356768e-04
3.457875e-03
