2.470230e-01
0.000000e+00
2.500078e-02
0.000000e+00
3.452686e-03
9.013359e-03
0.000000e+00
1.390863e-01
0.000000e+00
2.012463e-02
0.000000e+00
0.000000e+00
1.901300e-02
0.000000e+00
1.363117e-02
1.188565e-02
6.584739e-03
4.965948e-03
4.380127e+00
1.815597e+01
1.207415e+01
7.406825e+00
3.004288e+00
8.795832e-01
1.260000e-01
2.324568e+01
1.518918e+01
8.544501e+00
2.789462e+00
8.301636e-01
2.332530e+01
3.175873e+01
2.988595e+01
1.994507e+01
1.173200e+01
0.000000e+00
0.000000e+00
0.000000e+00
0.000000e+00
0.000000e+00
0.000000e+00
1.517285e+00
0.000000e+00
1.759818e-03
5.327649e-03
3.031688e-03
1.053201e-03
4.257713e-03
7.915000e-02
0.000000e+00
0.000000e+00
0.000000e+00
0.000000e+00
0.000000e+00
