2.296840e-01
0.000000e+00
6.854747e-02
0.000000e+00
3.003192e-02
0.000000e+00
0.000000e+00
1.889185e-01
0.000000e+00
4.129316e-02
0.000000e+00
1.240707e-02
0.000000e+00
0.000000e+00
3.214346e-03
3.895619e-03
1.223996e-03
1.142082e-03
5.636322e+00
1.567322e+01
1.339656e+01
7.105163e+00
4.236958e+00
1.195853e+00
1.470000e-01
2.790843e+01
1.743123e+01
6.270967e+00
5.996446e+00
4.129596e-01
2.572030e+01
4.127328e+01
2.594090e+01
2.365184e+01
1.685313e+01
8.289712e+00
0.000000e+00
0.000000e+00
0.000000e+00
0.000000e+00
0.000000e+00
0.000000e+00
0.000000e+00
0.000000e+00
1.029338e-02
0.000000e+00
4.696714e-03
0.000000e+00
6.814000e-02
1.295764e-03
0.000000e+00
4.653334e-03
0.000000e+00
4.731560e-03
