1.245120e-01
2.582694e-02
0.000000e+00
1.228180e-02
0.000000e+00
6.890303e-03
0.000000e+00
0.000000e+00
9.628258e-02
0.000000e+00
6.086463e-03
0.000000e+00
4.603200e-02
0.000000e+00
6.212465e-02
0.000000e+00
1.994620e-02
9.986549e-04
7.310853e+00
1.457825e+01
1.566291e+01
7.282910e+00
3.887473e+00
2.587736e-01
1.260000e-01
2.518748e+01
1.457563e+01
7.690963e+00
4.749546e+00
9.267855e-03
2.503800e+01
3.778229e+01
2.749844e+01
2.167140e+01
1.860010e+01
1.062579e+00
0.000000e+00
0.000000e+00
0.000000e+00
0.000000e+00
0.000000e+00
0.000000e+00
0.000000e+00
0.000000e+00
0.000000e+00
0.000000e+00
0.000000e+00
0.000000e+00
9.799000e-02
1.456522e-02
9.763114e-03
1.354020e-02
1.367677e-02
3.119371e-03
