2.924000e-01
0.000000e+00
1.636513e-01
0.000000e+00
4.865616e-02
0.000000e+00
0.000000e+00
3.112045e-01
0.000000e+00
1.032783e-01
0.000000e+00
2.625058e-02
1.912600e-02
7.234472e-02
0.000000e+00
6.208026e-02
0.000000e+00
2.053196e-02
6.555190e+00
1.695854e+01
9.935837e+00
7.496152e+00
2.651289e+00
1.614095e+00
2.200000e-01
4.951133e+00
1.374675e+01
6.087215e+00
4.789233e+00
6.587008e-01
2.868060e+01
9.810551e+01
3.298719e+01
2.179138e+01
7.550442e+00
3.362226e+00
0.000000e+00
0.000000e+00
0.000000e+00
0.000000e+00
0.000000e+00
0.000000e+00
0.000000e+00
6.990076e-03
1.289583e-02
0.000000e+00
0.000000e+00
0.000000e+00
5.800000e-03
0.000000e+00
0.000000e+00
2.225512e-02
2.577373e-03
3.886465e-03
