2.842200e-02
0.000000e+00
0.000000e+00
1.163480e-02
2.287696e-04
0.000000e+00
0.000000e+00
1.530650e-02
2.175528e-02
0.000000e+00
0.000000e+00
6.958359e-03
4.468000e-02
4.935235e-02
1.190822e-01
0.000000e+00
1.199900e-03
1.393596e-05
1.016919e+01
1.670962e+01
1.239238e+01
2.067750e+00
1.672937e+00
9.806506e-01
2.640000e-01
2.884231e+01
1.682390e+01
3.681120e+00
1.879943e+00
1.168909e+00
3.037800e+01
9.713051e+01
1.239749e+02
5.309962e+00
3.283934e+00
3.413881e+00
0.000000e+00
0.000000e+00
0.000000e+00
0.000000e+00
0.000000e+00
0.000000e+00
0.000000e+00
0.000000e+00
0.000000e+00
0.000000e+00
0.000000e+00
0.000000e+00
1.035300e-01
4.409439e-03
5.193419e-02
3.815084e-04
9.454081e-04
1.834738e-03
