1.776510e-01
0.000000e+00
2.176495e-01
0.000000e+00
1.461157e-02
3.755817e-03
0.000000e+00
3.839020e-01
0.000000e+00
5.531286e-02
0.000000e+00
0.000000e+00
2.541000e-03
1.597818e-02
0.000000e+00
6.822638e-03
2.987190e-03
0.000000e+00
1.088922e+01
1.477929e+01
8.348232e+00
2.820465e+00
1.602778e+00
2.353758e-01
1.700000e-01
2.570827e+01
9.982410e+00
4.033901e+00
9.184630e-01
8.520826e-02
3.208530e+01
1.044078e+02
7.094995e+01
1.499392e+01
5.124098e+00
3.999308e-01
0.000000e+00
0.000000e+00
0.000000e+00
0.000000e+00
0.000000e+00
0.000000e+00
0.000000e+00
0.000000e+00
0.000000e+00
0.000000e+00
0.000000e+00
8.235050e-04
1.038600e-01
2.535365e-02
5.304360e-02
4.310180e-03
9.579709e-03
0.000000e+00
