1.532190e-01
8.005820e-02
0.000000e+00
7.918217e-02
0.000000e+00
2.632698e-02
0.000000e+00
0.000000e+00
2.015301e-01
0.000000e+00
4.650050e-02
0.000000e+00
3.940900e-02
8.385682e-04
6.136551e-02
0.000000e+00
3.889005e-02
0.000000e+00
5.335516e+00
1.749221e+01
1.305639e+01
5.288059e+00
2.566810e+00
4.967813e-01
1.700000e-01
2.338859e+01
1.262913e+01
9.014407e+00
8.002803e-01
1.319781e+00
2.458960e+01
3.473472e+01
9.385398e+00
1.561343e+01
7.436913e+00
2.091301e+00
0.000000e+00
0.000000e+00
0.000000e+00
0.000000e+00
0.000000e+00
0.000000e+00
0.000000e+00
3.954108e-03
0.000000e+00
1.148056e-02
0.000000e+00
7.521701e-04
7.597000e-02
0.000000e+00
2.875612e-03
0.000000e+00
1.848359e-03
0.000000e+00
