2.092820e-01
0.000000e+00
2.322923e-01
0.000000e+00
2.743008e-02
0.000000e+00
0.000000e+00
4.733860e-01
0.000000e+00
7.571225e-02
0.000000e+00
1.181584e-02
1.570700e-02
6.033261e-02
0.000000e+00
1.882351e-02
0.000000e+00
6.207293e-03
5.932365e+00
2.057138e+01
3.873288e+00
6.030542e+00
2.213279e+00
1.150195e+00
5.890000e-01
8.175752e+00
1.006591e+01
5.608269e+00
2.385507e+00
1.026811e+00
2.944500e+01
8.279461e+01
3.629403e+01
1.819578e+01
5.342841e+00
2.582101e+00
0.000000e+00
0.000000e+00
0.000000e+00
0.000000e+00
0.000000e+00
0.000000e+00
0.000000e+00
0.000000e+00
0.000000e+00
0.000000e+00
0.000000e+00
0.000000e+00
1.039600e-01
8.962483e-03
2.581388e-02
1.644265e-02
4.439595e-03
2.721123e-03
