0.000000e+00
1.882561e-01
0.000000e+00
6.686517e-02
0.000000e+00
8.830201e-03
4.056700e-02
0.000000e+00
1.270774e-01
0.000000e+00
2.324674e-02
0.000000e+00
2.510600e-02
0.000000e+00
2.288129e-02
0.000000e+00
2.127896e-02
0.000000e+00
1.137133e+01
1.321137e+01
1.082238e+01
4.447695e+00
1.623138e+00
8.904612e-01
4.320000e-01
1.388067e+01
8.240632e+00
4.124982e+00
1.431984e+00
1.065693e+00
2.846840e+01
8.064336e+01
5.603242e+01
1.497310e+01
6.405536e+00
2.722454e+00
0.000000e+00
0.000000e+00
0.000000e+00
0.000000e+00
0.000000e+00
0.000000e+00
0.000000e+00
4.856608e-05
0.000000e+00
0.000000e+00
0.000000e+00
0.000000e+00
1.209400e-01
0.000000e+00
3.142279e-02
2.004681e-02
5.279497e-03
2.918922e-04
