0.000000e+00
1.571229e-01
0.000000e+00
6.502195e-02
0.000000e+00
8.808620e-03
2.672200e-02
0.000000e+00
1.145173e-01
0.000000e+00
2.398702e-02
0.000000e+00
7.625600e-02
0.000000e+00
6.258388e-02
0.000000e+00
1.717279e-02
0.000000e+00
1.055998e+01
1.430262e+01
1.041430e+01
4.516417e+00
1.690244e+00
8.900907e-01
4.500000e-01
1.519324e+01
8.328172e+00
4.033582e+00
1.494699e+00
1.065525e+00
2.850730e+01
8.095875e+01
5.609650e+01
1.483463e+01
7.149944e+00
2.655724e+00
0.000000e+00
0.000000e+00
0.000000e+00
0.000000e+00
0.000000e+00
0.000000e+00
0.000000e+00
1.576560e-03
0.000000e+00
0.000000e+00
0.000000e+00
0.000000e+00
1.169000e-01
0.000000e+00
3.016606e-02
1.915476e-02
5.500360e-03
3.526678e-04
