1.470010e-01
0.000000e+00
0.000000e+00
4.391418e-02
0.000000e+00
0.000000e+00
0.000000e+00
5.092492e-02
5.080969e-02
0.000000e+00
1.232347e-02
6.727991e-03
2.958800e-02
1.292778e-02
0.000000e+00
2.518921e-02
1.108775e-02
0.000000e+00
7.457555e+00
1.814133e+01
1.332492e+01
9.497573e+00
1.848579e+00
5.341942e-01
1.050000e-01
1.978955e+01
1.845483e+01
1.799315e+01
8.247843e-01
2.619679e-01
2.450130e+01
4.016420e+01
2.817714e+01
5.126220e+01
9.387471e+00
1.948671e+00
0.000000e+00
0.000000e+00
0.000000e+00
0.000000e+00
0.000000e+00
0.000000e+00
0.000000e+00
3.385387e-03
1.394009e-02
1.145675e-02
7.599460e-04
0.000000e+00
6.462000e-02
0.000000e+00
0.000000e+00
0.000000e+00
0.000000e+00
4.634909e-04
