8.370700e-02
0.000000e+00
8.665931e-02
0.000000e+00
2.266340e-02
0.000000e+00
0.000000e+00
1.028644e-01
0.000000e+00
5.176805e-02
0.000000e+00
1.451857e-02
9.624200e-02
0.000000e+00
7.085309e-02
7.711546e-03
9.517989e-03
3.227412e-03
9.224026e+00
1.582525e+01
8.170461e+00
4.647615e+00
2.210978e+00
9.021757e-01
4.130000e-01
1.729022e+01
4.162384e+00
5.519236e+00
2.896855e+00
8.568517e-01
2.994870e+01
8.999968e+01
2.451056e+01
1.168776e+01
2.284598e+01
4.023208e+00
0.000000e+00
0.000000e+00
0.000000e+00
0.000000e+00
0.000000e+00
0.000000e+00
0.000000e+00
0.000000e+00
0.000000e+00
0.000000e+00
0.000000e+00
0.000000e+00
1.086300e-01
1.513172e-02
5.200488e-02
6.410645e-04
2.381283e-03
1.503136e-03
