2.641000e-02
2.394262e-01
6.027418e-03
0.000000e+00
1.397358e-02
0.000000e+00
0.000000e+00
0.000000e+00
0.000000e+00
9.153231e-02
0.000000e+00
6.929630e-03
6.238000e-02
0.000000e+00
4.003465e-02
4.735188e-02
0.000000e+00
2.770901e-03
7.967141e+00
5.076819e+00
1.116491e+01
8.435376e+00
8.447053e-01
7.265571e-01
1.110000e+00
1.808038e+00
1.851402e+01
4.850369e+00
1.188572e+00
1.042174e+00
2.735840e+01
6.512027e+01
0.000000e+00
0.000000e+00
1.557374e+00
1.257413e+00
0.000000e+00
0.000000e+00
1.356820e+01
2.986825e+01
0.000000e+00
0.000000e+00
0.000000e+00
6.039723e-02
2.056661e-02
8.699689e-03
1.944899e-03
8.415874e-04
6.880000e-03
0.000000e+00
0.000000e+00
0.000000e+00
0.000000e+00
0.000000e+00
