9.536000e-02
0.000000e+00
0.000000e+00
2.388629e-02
0.000000e+00
2.454261e-03
0.000000e+00
2.476976e-02
5.425600e-02
0.000000e+00
4.639229e-03
0.000000e+00
1.282410e-01
0.000000e+00
2.184580e-01
0.000000e+00
1.306850e-02
1.165900e-03
7.662456e+00
1.775243e+01
1.017410e+01
2.444626e+00
1.696341e+00
7.285993e-01
2.260000e-01
2.750569e+01
1.096616e+00
4.758403e+00
1.447301e+00
6.588699e-01
2.980210e+01
7.987673e+01
5.032230e+01
9.130248e+00
4.531631e+00
1.339475e+00
0.000000e+00
0.000000e+00
0.000000e+00
0.000000e+00
0.000000e+00
0.000000e+00
0.000000e+00
0.000000e+00
0.000000e+00
0.000000e+00
0.000000e+00
0.000000e+00
1.290000e-01
1.187133e-02
6.770806e-02
7.180169e-04
8.293982e-03
5.858747e-04
