1.794100e-01
0.000000e+00
0.000000e+00
2.021215e-02
1.747318e-03
0.000000e+00
0.000000e+00
1.193233e-01
1.673908e-02
0.000000e+00
0.000000e+00
1.081051e-03
3.216900e-02
0.000000e+00
1.957204e-02
2.987734e-03
0.000000e+00
2.276379e-03
6.060053e+00
1.788189e+01
1.244844e+01
6.768993e+00
3.348506e+00
1.260665e+00
1.390000e-01
1.873676e+01
1.766026e+01
7.172179e+00
3.065325e+00
7.470655e-01
2.453570e+01
3.619153e+01
3.000826e+01
1.563624e+01
1.047833e+01
1.146323e+01
0.000000e+00
0.000000e+00
0.000000e+00
0.000000e+00
0.000000e+00
0.000000e+00
0.000000e+00
0.000000e+00
0.000000e+00
0.000000e+00
6.609007e-03
0.000000e+00
8.371000e-02
4.209295e-03
3.056104e-03
1.026977e-02
0.000000e+00
9.219715e-04
