2.090130e-01
0.000000e+00
1.967751e-01
0.000000e+00
3.218625e-02
0.000000e+00
0.000000e+00
4.025569e-01
0.000000e+00
7.697878e-02
0.000000e+00
3.385833e-03
2.496100e-02
8.825542e-02
0.000000e+00
3.500921e-02
3.386319e-03
5.167723e-04
7.402314e+00
1.769542e+01
5.596103e+00
3.672497e+00
1.034912e+00
2.203897e-01
2.670000e-01
3.026135e+01
1.282134e+00
4.514202e+00
1.521643e-01
3.349866e-01
3.104240e+01
8.476651e+01
3.511694e+01
2.523097e+01
5.376470e+00
1.184982e+00
0.000000e+00
0.000000e+00
0.000000e+00
0.000000e+00
0.000000e+00
0.000000e+00
0.000000e+00
0.000000e+00
0.000000e+00
0.000000e+00
0.000000e+00
0.000000e+00
1.238400e-01
2.481596e-02
5.482748e-02
7.748684e-03
1.165119e-02
9.505624e-04
