9.942400e-02
8.960282e-02
0.000000e+00
2.491069e-02
0.000000e+00
0.000000e+00
0.000000e+00
0.000000e+00
9.785722e-02
0.000000e+00
8.489071e-03
3.218928e-04
3.561800e-02
6.757770e-02
0.000000e+00
7.699104e-02
0.000000e+00
8.765692e-03
1.587183e+01
6.561932e+00
1.923771e+01
9.474732e+00
3.892042e+00
1.176761e+00
1.610000e-01
1.896796e+01
1.912754e+01
2.900393e+01
2.538161e+00
3.626288e+00
2.469370e+01
4.920930e+01
7.279184e+01
4.282723e+02
5.282673e+00
6.398257e+01
0.000000e+00
0.000000e+00
0.000000e+00
0.000000e+00
0.000000e+00
0.000000e+00
0.000000e+00
7.851851e-03
2.389855e-02
8.886134e-03
0.000000e+00
1.029440e-03
5.807000e-02
0.000000e+00
0.000000e+00
0.000000e+00
2.875658e-04
0.000000e+00
