0.000000e+00
7.826156e-02
0.000000e+00
1.518323e-02
0.000000e+00
9.501357e-04
2.139300e-02
0.000000e+00
5.020768e-02
0.000000e+00
1.399324e-03
0.000000e+00
1.481400e-02
0.000000e+00
1.107496e-02
0.000000e+00
2.249405e-03
0.000000e+00
1.016919e+01
1.250968e+01
9.989649e+00
4.368291e+00
6.797776e-01
1.422669e-01
4.790000e-01
1.474249e+01
1.092545e+01
1.472258e+00
3.085185e-01
1.173450e-01
3.116150e+01
8.757538e+01
5.481625e+01
1.643366e+01
2.783371e+00
1.252513e+00
0.000000e+00
0.000000e+00
0.000000e+00
0.000000e+00
0.000000e+00
0.000000e+00
0.000000e+00
0.000000e+00
0.000000e+00
0.000000e+00
0.000000e+00
0.000000e+00
1.305000e-01
2.117521e-02
4.145995e-02
4.245423e-02
4.613784e-03
1.201237e-03
