2.347160e-01
0.000000e+00
1.010197e-01
0.000000e+00
2.353521e-02
0.000000e+00
0.000000e+00
2.081012e-01
0.000000e+00
5.958016e-02
0.000000e+00
3.588335e-03
5.029300e-02
0.000000e+00
1.072683e-01
0.000000e+00
1.972635e-02
8.187532e-03
5.059848e+00
1.879373e+01
1.116864e+01
8.013668e+00
3.681991e+00
5.789680e-01
1.540000e-01
1.871417e+01
1.798472e+01
6.294979e+00
4.675600e+00
1.515649e-01
2.513770e+01
4.331881e+01
2.470355e+01
3.040342e+01
3.467346e+01
0.000000e+00
0.000000e+00
0.000000e+00
0.000000e+00
0.000000e+00
0.000000e+00
1.895087e+00
0.000000e+00
0.000000e+00
1.454130e-02
0.000000e+00
3.640029e-03
0.000000e+00
7.730000e-02
5.380658e-03
0.000000e+00
4.825241e-03
0.000000e+00
2.842906e-03
