0.000000e+00
0.000000e+00
5.080827e-02
0.000000e+00
0.000000e+00
2.565671e-03
2.390200e-02
2.190311e-02
0.000000e+00
1.895943e-02
1.884471e-03
0.000000e+00
7.376300e-02
7.351382e-03
2.678977e-03
3.409754e-02
2.828989e-03
0.000000e+00
1.322449e+01
9.998752e+00
9.394330e+00
3.563221e+00
7.571099e-01
3.062952e-01
3.660000e-01
1.651901e+01
5.385426e+00
6.920190e+00
7.419682e-01
2.319580e-01
3.107890e+01
9.795800e+01
3.938882e+01
3.480452e+01
3.764840e+00
1.658738e+00
0.000000e+00
0.000000e+00
0.000000e+00
0.000000e+00
0.000000e+00
0.000000e+00
0.000000e+00
0.000000e+00
0.000000e+00
0.000000e+00
1.885964e-04
0.000000e+00
1.066900e-01
1.364185e-02
5.180129e-02
1.491815e-02
0.000000e+00
1.368301e-03
