1.782470e-01
0.000000e+00
2.046730e-02
0.000000e+00
5.845644e-04
8.390058e-03
0.000000e+00
1.715087e-01
0.000000e+00
1.029719e-02
0.000000e+00
0.000000e+00
1.961500e-02
1.181155e-02
3.530831e-02
0.000000e+00
1.091499e-02
0.000000e+00
5.995983e+00
1.915364e+01
1.129475e+01
7.388482e+00
2.797125e+00
6.497720e-01
1.420000e-01
1.993116e+01
1.913938e+01
4.803680e+00
3.924716e+00
9.034837e-01
2.463230e+01
3.666873e+01
2.835271e+01
1.465919e+01
6.647131e+00
1.929340e+00
0.000000e+00
0.000000e+00
0.000000e+00
0.000000e+00
0.000000e+00
0.000000e+00
0.000000e+00
0.000000e+00
0.000000e+00
0.000000e+00
0.000000e+00
0.000000e+00
1.061600e-01
1.751544e-02
1.432039e-02
2.347756e-02
6.720392e-03
3.662030e-03
