1.354440e-01
0.000000e+00
0.000000e+00
1.909510e-02
5.960595e-03
0.000000e+00
0.000000e+00
4.431123e-02
7.269006e-02
0.000000e+00
0.000000e+00
6.978012e-03
2.267100e-02
2.433749e-02
1.245297e-02
0.000000e+00
4.147957e-03
1.010196e-03
7.220149e+00
1.664163e+01
1.421918e+01
5.590728e+00
3.385814e+00
6.321464e-01
1.290000e-01
2.101699e+01
1.497172e+01
8.849237e+00
2.319268e+00
3.240496e-01
2.476570e+01
3.745754e+01
2.804881e+01
1.595800e+01
6.020078e+00
2.016824e+00
0.000000e+00
0.000000e+00
0.000000e+00
0.000000e+00
0.000000e+00
0.000000e+00
0.000000e+00
0.000000e+00
0.000000e+00
0.000000e+00
0.000000e+00
0.000000e+00
1.064700e-01
1.797289e-02
1.398095e-02
2.356726e-02
8.612635e-03
5.250946e-04
