1.191620e-01
0.000000e+00
0.000000e+00
1.580871e-02
0.000000e+00
1.725383e-02
0.000000e+00
5.192465e-03
4.523724e-02
0.000000e+00
2.136000e-02
0.000000e+00
7.105000e-03
5.261035e-03
0.000000e+00
1.172066e-02
2.597642e-03
5.947611e-04
7.756820e+00
1.593919e+01
1.340608e+01
7.396316e+00
3.812040e+00
6.874666e-01
1.250000e-01
2.425186e+01
1.373979e+01
8.662601e+00
4.015659e+00
5.113585e-01
2.403360e+01
3.692334e+01
2.720144e+01
1.535359e+01
1.127417e+01
1.554201e+00
0.000000e+00
0.000000e+00
0.000000e+00
0.000000e+00
0.000000e+00
0.000000e+00
0.000000e+00
0.000000e+00
0.000000e+00
0.000000e+00
0.000000e+00
0.000000e+00
8.919000e-02
7.400035e-03
4.528392e-03
7.080457e-03
7.927336e-03
2.569933e-03
