6.630000e-04
9.758772e-02
0.000000e+00
2.143711e-03
4.081658e-03
0.000000e+00
0.000000e+00
0.000000e+00
7.082528e-02
0.000000e+00
0.000000e+00
5.934070e-03
6.676100e-02
0.000000e+00
7.174739e-02
1.548306e-02
0.000000e+00
2.676060e-03
8.805135e+00
1.325427e+01
1.087427e+01
5.545673e+00
1.846784e+00
1.236169e+00
4.690000e-01
1.609193e+01
1.079465e+01
2.691203e+00
2.496193e+00
1.474882e+00
3.081890e+01
8.434392e+01
4.048601e+01
1.312047e+01
6.144257e+00
3.835247e+00
0.000000e+00
0.000000e+00
0.000000e+00
0.000000e+00
0.000000e+00
0.000000e+00
0.000000e+00
0.000000e+00
0.000000e+00
0.000000e+00
0.000000e+00
0.000000e+00
1.326500e-01
2.236600e-02
4.282337e-02
2.966506e-02
2.624516e-03
4.427443e-03
