4.360800e-02
0.000000e+00
3.224410e-02
0.000000e+00
3.275881e-03
6.818406e-04
0.000000e+00
6.150311e-02
0.000000e+00
1.366141e-02
0.000000e+00
0.000000e+00
1.473000e-02
0.000000e+00
1.174024e-02
9.304945e-04
0.000000e+00
9.038440e-04
9.266631e+00
1.443762e+01
9.364094e+00
4.764437e+00
1.166378e+00
1.740672e-01
4.630000e-01
1.742577e+01
9.057933e+00
3.130458e+00
3.733691e-01
1.142610e-01
3.125230e+01
8.381757e+01
5.369720e+01
2.077397e+01
4.459830e+00
7.881178e-01
0.000000e+00
0.000000e+00
0.000000e+00
0.000000e+00
0.000000e+00
0.000000e+00
0.000000e+00
0.000000e+00
0.000000e+00
0.000000e+00
0.000000e+00
0.000000e+00
1.359000e-01
2.542263e-02
4.352523e-02
3.825179e-02
1.211994e-02
1.371392e-03
