4.141520e-01
0.000000e+00
3.129867e-01
0.000000e+00
7.401137e-02
0.000000e+00
0.000000e+00
5.167992e-01
0.000000e+00
1.491911e-01
0.000000e+00
3.017380e-02
2.075100e-02
1.118792e-01
0.000000e+00
9.135976e-02
0.000000e+00
3.122370e-02
3.546190e+00
1.421774e+01
6.109179e+00
5.660358e+00
1.139931e+00
1.106165e+00
1.650000e-01
8.119367e+00
8.839122e+00
4.445102e+00
2.348950e+00
3.963833e-01
2.914050e+01
1.148815e+02
1.887986e+01
1.927716e+01
3.971729e+00
1.220799e+00
0.000000e+00
0.000000e+00
0.000000e+00
0.000000e+00
0.000000e+00
0.000000e+00
2.481000e-02
2.445843e-02
2.840814e-02
1.558779e-05
3.611056e-04
0.000000e+00
0.000000e+00
0.000000e+00
0.000000e+00
0.000000e+00
0.000000e+00
3.938005e-03
