3.397000e-03
0.000000e+00
3.371616e-02
0.000000e+00
1.101648e-02
7.022489e-04
0.000000e+00
3.401586e-03
0.000000e+00
2.254782e-02
0.000000e+00
0.000000e+00
2.149000e-03
4.621216e-03
0.000000e+00
4.566513e-03
9.838833e-04
0.000000e+00
1.030599e+01
1.098600e+01
8.901035e+00
4.783062e+00
1.131390e+00
3.054233e-01
4.520000e-01
1.742881e+01
8.790283e+00
3.712958e+00
1.642191e-01
4.478129e-01
3.113350e+01
8.811919e+01
5.523035e+01
2.047313e+01
5.069075e+00
1.152779e+00
0.000000e+00
0.000000e+00
0.000000e+00
0.000000e+00
0.000000e+00
0.000000e+00
0.000000e+00
0.000000e+00
0.000000e+00
0.000000e+00
0.000000e+00
8.902474e-04
1.089400e-01
1.159410e-02
2.929175e-02
2.656855e-02
5.764284e-03
0.000000e+00
