1.153280e-01
0.000000e+00
9.977090e-02
0.000000e+00
0.000000e+00
1.542142e-03
0.000000e+00
2.250509e-01
0.000000e+00
8.755460e-03
5.670374e-03
0.000000e+00
3.552600e-02
4.281997e-02
0.000000e+00
0.000000e+00
1.935005e-02
9.392422e-04
8.661575e+00
1.711264e+01
7.037165e+00
2.992684e+00
1.777559e+00
1.503887e-01
2.590000e-01
3.234296e+01
9.845902e-01
5.065632e+00
6.814517e-01
4.891603e-03
3.190130e+01
8.767256e+01
3.568598e+01
1.247279e+01
0.000000e+00
4.484542e-01
0.000000e+00
0.000000e+00
0.000000e+00
0.000000e+00
6.916120e-01
0.000000e+00
0.000000e+00
0.000000e+00
0.000000e+00
0.000000e+00
0.000000e+00
0.000000e+00
1.256400e-01
2.502296e-02
6.472268e-02
1.326027e-03
1.371890e-02
1.435878e-03
