6.972700e-02
0.000000e+00
0.000000e+00
5.133494e-02
0.000000e+00
8.722384e-03
0.000000e+00
2.165132e-02
5.212447e-02
0.000000e+00
2.906274e-02
0.000000e+00
7.275100e-02
0.000000e+00
2.723729e-02
0.000000e+00
1.785779e-02
0.000000e+00
7.643675e+00
1.719398e+01
1.016468e+01
4.702832e+00
2.236360e+00
7.220473e-01
4.200000e-01
2.412180e+01
7.060512e+00
4.117597e+00
1.923574e+00
6.580716e-01
3.114990e+01
8.281749e+01
5.176194e+01
1.492928e+01
4.140516e+00
1.672870e+00
0.000000e+00
0.000000e+00
0.000000e+00
0.000000e+00
0.000000e+00
0.000000e+00
0.000000e+00
0.000000e+00
0.000000e+00
0.000000e+00
0.000000e+00
0.000000e+00
1.179100e-01
1.370155e-02
3.273651e-02
2.091407e-02
5.096638e-03
1.402499e-03
