1.800700e-01
0.000000e+00
2.566197e-01
0.000000e+00
4.256698e-02
0.000000e+00
0.000000e+00
3.860349e-01
0.000000e+00
1.416744e-01
0.000000e+00
5.535386e-03
1.051240e-01
0.000000e+00
0.000000e+00
5.244756e-02
2.995459e-03
0.000000e+00
8.339318e+00
1.922032e+01
4.389748e+00
6.594160e+00
1.927161e+00
3.196779e-01
3.780000e-01
2.863456e+01
3.372694e+00
8.808910e+00
5.378653e-01
3.684097e-01
3.038960e+01
7.668976e+01
2.860228e+01
1.410648e+00
5.824491e+00
1.449764e+00
0.000000e+00
0.000000e+00
0.000000e+00
0.000000e+00
0.000000e+00
0.000000e+00
0.000000e+00
0.000000e+00
0.000000e+00
0.000000e+00
0.000000e+00
0.000000e+00
1.136800e-01
1.798919e-02
2.054127e-02
1.400122e-02
1.658642e-02
1.912085e-04
