1.187130e-01
0.000000e+00
1.181957e-01
0.000000e+00
2.191541e-02
0.000000e+00
0.000000e+00
2.203841e-01
0.000000e+00
6.822267e-02
0.000000e+00
2.603587e-03
8.050100e-02
0.000000e+00
4.025197e-02
5.060025e-02
0.000000e+00
2.776995e-03
8.005786e+00
1.886170e+01
7.243395e+00
4.124667e+00
1.115493e+00
3.785574e-01
2.930000e-01
2.433843e+01
3.241329e+00
5.338412e+00
5.355881e-01
2.050590e-01
3.113090e+01
9.108300e+01
2.528922e+01
1.213420e+01
6.046701e+00
1.543294e+00
0.000000e+00
0.000000e+00
0.000000e+00
0.000000e+00
0.000000e+00
0.000000e+00
0.000000e+00
0.000000e+00
0.000000e+00
0.000000e+00
0.000000e+00
0.000000e+00
1.207800e-01
2.245928e-02
6.380756e-02
6.134530e-03
1.170165e-02
2.681289e-03
