8.302300e-02
6.428815e-02
0.000000e+00
2.975151e-02
0.000000e+00
2.657890e-03
0.000000e+00
0.000000e+00
6.930198e-02
0.000000e+00
1.559720e-02
0.000000e+00
1.208400e-02
1.977311e-02
8.527762e-04
1.159199e-03
1.963635e-03
1.042838e-04
7.402314e+00
1.531619e+01
9.413479e+00
2.045991e+00
1.647504e+00
9.385236e-01
1.900000e-01
2.664062e+01
1.116349e+00
3.127843e+00
2.204419e+00
1.135855e+00
2.835370e+01
7.856965e+01
6.160321e+01
3.932507e+00
5.222529e+00
2.132168e+00
0.000000e+00
0.000000e+00
0.000000e+00
0.000000e+00
0.000000e+00
0.000000e+00
0.000000e+00
1.346826e-02
0.000000e+00
1.568094e-03
0.000000e+00
0.000000e+00
1.020400e-01
0.000000e+00
5.816656e-02
0.000000e+00
2.326468e-03
2.176432e-03
