2.156490e-01
0.000000e+00
1.033721e-01
0.000000e+00
7.602005e-03
3.444751e-03
0.000000e+00
3.214999e-01
0.000000e+00
1.943574e-02
0.000000e+00
0.000000e+00
0.000000e+00
3.335096e-01
5.493840e-02
0.000000e+00
7.927054e-03
0.000000e+00
4.432116e+00
1.780795e+01
8.206618e+00
4.099049e+00
9.692605e-01
3.617240e-01
1.320000e-01
2.424386e+01
1.010978e+01
2.146013e+00
5.153298e-01
2.484244e-01
2.720220e+01
4.467424e+01
2.397032e+01
1.548461e+01
5.648850e+00
1.434254e+00
0.000000e+00
0.000000e+00
0.000000e+00
0.000000e+00
0.000000e+00
0.000000e+00
0.000000e+00
0.000000e+00
0.000000e+00
0.000000e+00
0.000000e+00
0.000000e+00
1.135800e-01
2.501931e-02
3.736238e-02
1.635742e-02
9.207473e-03
2.397085e-03
