0.000000e+00
2.178085e-01
0.000000e+00
0.000000e+00
2.374327e-02
0.000000e+00
4.544700e-02
0.000000e+00
8.919564e-02
2.005516e-02
0.000000e+00
1.678576e-02
3.766000e-02
0.000000e+00
3.815176e-02
5.698256e-05
1.005931e-03
5.898200e-03
1.219757e+01
6.397439e+00
1.243499e+01
3.157442e+00
1.392497e+00
1.048430e+00
2.370000e-01
2.431130e+01
2.043692e+00
2.309409e+00
2.513242e+00
7.562916e-01
2.971360e+01
8.381420e+01
3.900861e+01
8.351449e+00
6.024498e+00
3.670039e+00
0.000000e+00
0.000000e+00
0.000000e+00
0.000000e+00
0.000000e+00
0.000000e+00
0.000000e+00
5.426752e-03
0.000000e+00
2.205169e-03
5.751587e-04
0.000000e+00
8.908000e-02
0.000000e+00
4.077968e-02
0.000000e+00
0.000000e+00
3.489133e-03
