0.000000e+00
2.984199e-02
0.000000e+00
3.707282e-02
0.000000e+00
4.905053e-03
3.691000e-03
0.000000e+00
2.013987e-02
0.000000e+00
2.427864e-02
0.000000e+00
1.512900e-02
0.000000e+00
8.226251e-03
2.636187e-03
1.116948e-02
6.646485e-04
9.612204e+00
1.428496e+01
8.595795e+00
4.808371e+00
2.143588e+00
3.227517e-01
5.010000e-01
1.904184e+01
6.962011e+00
7.915270e+00
1.107782e+00
1.535045e-01
3.120890e+01
8.961443e+01
5.351814e+01
3.088142e+01
1.381281e+01
1.597149e+00
0.000000e+00
0.000000e+00
0.000000e+00
0.000000e+00
0.000000e+00
0.000000e+00
0.000000e+00
0.000000e+00
0.000000e+00
0.000000e+00
0.000000e+00
0.000000e+00
1.204400e-01
1.563330e-02
3.848427e-02
2.313480e-02
1.273014e-02
2.785894e-03
