6.291900e-02
0.000000e+00
1.244669e-01
0.000000e+00
0.000000e+00
4.242380e-03
0.000000e+00
1.562369e-01
0.000000e+00
3.824546e-02
2.574586e-04
0.000000e+00
3.531400e-02
4.541139e-02
0.000000e+00
2.226034e-02
1.089629e-02
2.005794e-04
1.070026e+01
1.451868e+01
6.266841e+00
3.332818e+00
1.595235e+00
3.149409e-02
2.480000e-01
2.604303e+01
7.934458e-01
5.011484e+00
3.484332e-01
1.887241e-03
3.088180e+01
8.872072e+01
3.485858e+01
1.711220e+01
5.119262e+00
2.320963e-01
0.000000e+00
0.000000e+00
0.000000e+00
0.000000e+00
0.000000e+00
0.000000e+00
0.000000e+00
0.000000e+00
0.000000e+00
1.992645e-04
0.000000e+00
4.411854e-04
1.136800e-01
1.860876e-02
5.179756e-02
0.000000e+00
1.076463e-02
0.000000e+00
