8.957000e-02
0.000000e+00
3.140412e-04
4.807059e-02
0.000000e+00
8.563076e-03
0.000000e+00
9.995251e-02
0.000000e+00
0.000000e+00
3.552444e-02
0.000000e+00
0.000000e+00
1.460668e-01
0.000000e+00
6.372586e-03
1.478855e-02
3.051908e-04
7.365639e+00
1.900977e+01
9.035365e+00
4.819126e+00
2.868408e+00
3.082633e-01
4.430000e-01
1.491657e+01
8.687684e+00
6.122513e+00
1.247208e+00
2.314937e-01
3.007140e+01
8.975846e+01
4.258046e+01
1.491065e+01
1.141754e+01
1.338318e+00
0.000000e+00
0.000000e+00
0.000000e+00
0.000000e+00
0.000000e+00
0.000000e+00
0.000000e+00
0.000000e+00
0.000000e+00
0.000000e+00
0.000000e+00
0.000000e+00
1.204600e-01
1.295653e-02
3.635170e-02
1.213402e-02
5.348581e-03
2.341599e-03
