4.078200e-02
0.000000e+00
2.600842e-02
1.422586e-03
0.000000e+00
1.501119e-03
0.000000e+00
8.981176e-02
0.000000e+00
0.000000e+00
2.906293e-03
0.000000e+00
0.000000e+00
6.606838e-02
0.000000e+00
7.136894e-03
3.018294e-03
0.000000e+00
9.245312e+00
1.627856e+01
8.631286e+00
4.703315e+00
1.254001e+00
3.324964e-01
4.670000e-01
1.778291e+01
9.661543e+00
2.492690e+00
8.629298e-01
9.310461e-02
3.125840e+01
8.422060e+01
5.281415e+01
2.032577e+01
5.688514e+00
1.242525e+00
0.000000e+00
0.000000e+00
0.000000e+00
0.000000e+00
0.000000e+00
0.000000e+00
0.000000e+00
0.000000e+00
0.000000e+00
0.000000e+00
0.000000e+00
0.000000e+00
1.359800e-01
2.542163e-02
4.380789e-02
3.829794e-02
1.028478e-02
3.354146e-03
