8.839300e-02
0.000000e+00
8.736017e-02
0.000000e+00
2.580202e-03
0.000000e+00
0.000000e+00
1.519352e-01
0.000000e+00
2.034715e-02
0.000000e+00
3.394293e-03
6.475000e-03
8.418396e-02
0.000000e+00
3.029984e-02
2.740561e-03
1.646782e-03
9.459978e+00
1.722493e+01
8.844951e+00
6.488771e+00
2.390105e+00
4.225990e-01
4.280000e-01
1.916922e+01
7.111163e+00
1.031539e+01
1.461390e+00
1.831304e-01
3.052520e+01
8.364162e+01
4.972322e+01
3.766831e+01
5.315292e+00
3.422745e-01
0.000000e+00
0.000000e+00
0.000000e+00
0.000000e+00
0.000000e+00
0.000000e+00
0.000000e+00
0.000000e+00
0.000000e+00
0.000000e+00
0.000000e+00
0.000000e+00
1.041100e-01
6.646662e-03
2.058337e-02
1.319819e-02
8.215616e-03
1.649523e-03
