1.209200e-02
3.171823e-02
0.000000e+00
3.361551e-02
0.000000e+00
5.238361e-03
0.000000e+00
0.000000e+00
6.185250e-02
0.000000e+00
5.751654e-03
0.000000e+00
2.479600e-02
0.000000e+00
4.725151e-02
0.000000e+00
0.000000e+00
2.033677e-04
9.266631e+00
1.509347e+01
9.949269e+00
4.338523e+00
6.146464e-01
1.234161e-01
4.890000e-01
1.580792e+01
1.105201e+01
1.578420e+00
1.304834e-01
2.142152e-01
3.102480e+01
8.899328e+01
5.501969e+01
1.591725e+01
3.170580e+00
3.518842e-01
0.000000e+00
0.000000e+00
0.000000e+00
0.000000e+00
0.000000e+00
0.000000e+00
0.000000e+00
0.000000e+00
0.000000e+00
0.000000e+00
0.000000e+00
6.085649e-04
1.005800e-01
5.334829e-03
2.575396e-02
2.934292e-02
1.994489e-03
0.000000e+00
