8.893900e-02
1.313681e-01
0.000000e+00
8.657989e-02
0.000000e+00
8.918505e-03
0.000000e+00
0.000000e+00
1.526413e-01
0.000000e+00
1.498118e-02
0.000000e+00
0.000000e+00
0.000000e+00
3.301412e-02
0.000000e+00
1.819587e-03
1.354845e-03
6.337446e+00
1.492419e+01
1.178961e+01
3.626896e+00
1.728821e+00
9.234131e-01
4.720000e-01
1.991913e+01
5.778422e+00
4.056900e+00
1.862613e+00
1.045316e+00
2.959770e+01
8.167818e+01
5.822471e+01
1.583711e+01
7.804757e+00
2.215063e+00
0.000000e+00
0.000000e+00
0.000000e+00
0.000000e+00
0.000000e+00
0.000000e+00
0.000000e+00
2.404927e-02
0.000000e+00
0.000000e+00
0.000000e+00
0.000000e+00
7.414000e-02
0.000000e+00
8.531201e-03
3.657250e-03
2.997702e-03
1.290298e-03
