1.445490e-01
1.782912e-01
0.000000e+00
9.428044e-02
0.000000e+00
1.226788e-03
0.000000e+00
0.000000e+00
1.911328e-01
0.000000e+00
5.882233e-02
0.000000e+00
4.039000e-03
3.764908e-02
4.167138e-02
0.000000e+00
4.247865e-02
0.000000e+00
5.575280e+00
1.429307e+01
1.195056e+01
4.944146e+00
3.930241e+00
9.165830e-01
1.480000e-01
1.566915e+01
1.627354e+01
1.149165e+01
2.141216e+00
9.984525e-01
2.222630e+01
1.817816e+01
3.031590e+00
2.568360e+00
8.218537e-02
1.576516e+00
0.000000e+00
0.000000e+00
0.000000e+00
0.000000e+00
0.000000e+00
0.000000e+00
0.000000e+00
2.197748e-02
3.035561e-03
1.057444e-02
0.000000e+00
1.527464e-04
6.719000e-02
0.000000e+00
0.000000e+00
0.000000e+00
3.400282e-03
0.000000e+00
