4.134290e-01
0.000000e+00
6.348351e-02
0.000000e+00
0.000000e+00
0.000000e+00
0.000000e+00
3.082538e-01
0.000000e+00
2.083773e-03
4.568260e-03
6.016107e-03
1.290400e-02
0.000000e+00
3.713617e-02
6.224219e-03
1.241452e-02
1.392145e-02
5.682396e+00
1.858029e+01
8.458914e+00
7.567548e+00
6.409914e+00
2.064135e+00
1.680000e-01
6.401444e+00
1.130047e+01
8.469878e+00
8.176214e+00
2.922732e+00
2.722810e+01
1.700454e+02
2.023337e+01
2.734482e+01
8.274413e+01
2.905191e+01
0.000000e+00
0.000000e+00
0.000000e+00
0.000000e+00
0.000000e+00
0.000000e+00
6.768000e-02
0.000000e+00
2.618902e-02
1.346120e-02
5.807113e-03
4.383118e-04
0.000000e+00
2.712891e-04
0.000000e+00
0.000000e+00
0.000000e+00
0.000000e+00
