2.300690e-01
0.000000e+00
0.000000e+00
0.000000e+00
3.095774e-02
0.000000e+00
0.000000e+00
1.441693e-01
1.911217e-02
1.020263e-02
0.000000e+00
9.126309e-03
0.000000e+00
2.471800e-01
0.000000e+00
6.440287e-02
0.000000e+00
1.591518e-03
3.858577e+00
1.727682e+01
1.513098e+01
8.106833e+00
2.305559e+00
1.023214e+00
1.410000e-01
2.317587e+01
1.407386e+01
1.359687e+01
3.041674e+00
7.677549e-01
2.466380e+01
3.908413e+01
3.665988e+01
7.976693e+01
7.282099e+00
9.302301e-01
0.000000e+00
0.000000e+00
0.000000e+00
0.000000e+00
0.000000e+00
0.000000e+00
0.000000e+00
0.000000e+00
8.205180e-03
0.000000e+00
0.000000e+00
9.094356e-04
7.828000e-02
9.921061e-04
0.000000e+00
4.314924e-03
2.217306e-04
0.000000e+00
