2.940300e-02
2.577026e-01
0.000000e+00
1.020651e-01
0.000000e+00
8.640468e-03
0.000000e+00
0.000000e+00
2.096091e-01
0.000000e+00
1.440697e-02
0.000000e+00
0.000000e+00
0.000000e+00
4.456391e-02
0.000000e+00
9.972590e-04
1.165801e-03
7.238229e+00
1.232400e+01
1.188820e+01
3.081733e+00
1.191202e+00
7.552350e-01
4.920000e-01
1.672979e+01
7.755927e+00
2.944731e+00
1.312144e+00
1.042735e+00
2.943770e+01
8.423795e+01
6.018551e+01
1.157985e+01
4.825372e+00
1.734428e+00
0.000000e+00
0.000000e+00
0.000000e+00
0.000000e+00
0.000000e+00
0.000000e+00
0.000000e+00
2.689841e-02
0.000000e+00
0.000000e+00
7.710575e-04
3.171124e-04
7.154000e-02
0.000000e+00
7.716701e-03
6.841433e-03
0.000000e+00
0.000000e+00
