2.637610e-01
0.000000e+00
0.000000e+00
4.222971e-02
0.000000e+00
1.147790e-02
0.000000e+00
0.000000e+00
0.000000e+00
0.000000e+00
0.000000e+00
0.000000e+00
2.215659e-01
4.458026e-04
0.000000e+00
3.770742e-02
0.000000e+00
0.000000e+00
0.000000e+00
0.000000e+00
0.000000e+00
0.000000e+00
0.000000e+00
2.063404e-01
0.000000e+00
2.614900e-02
6.165373e-03
1.375103e-03
0.000000e+00
0.000000e+00
0.000000e+00
0.000000e+00
0.000000e+00
4.380127e+00
1.944666e+01
1.110162e+01
6.979909e+00
2.524282e+00
2.249707e-01
0.000000e+00
0.000000e+00
0.000000e+00
0.000000e+00
0.000000e+00
1.000800e+01
1.106556e+02
1.920873e+01
4.843531e+01
1.073132e+00
2.601715e-01
0.000000e+00
0.000000e+00
0.000000e+00
0.000000e+00
0.000000e+00
2.387180e+01
3.370106e+01
3.416892e+01
1.484587e+01
6.964728e+00
1.056659e+00
0.000000e+00
0.000000e+00
0.000000e+00
0.000000e+00
0.000000e+00
0.000000e+00
0.000000e+00
0.000000e+00
0.000000e+00
0.000000e+00
0.000000e+00
0.000000e+00
0.000000e+00
0.000000e+00
0.000000e+00
0.000000e+00
0.000000e+00
0.000000e+00
0.000000e+00
0.000000e+00
0.000000e+00
0.000000e+00
0.000000e+00
0.000000e+00
0.000000e+00
0.000000e+00
0.000000e+00
7.724000e-02
2.061090e-02
1.683067e-02
6.928625e-03
1.177518e-02
1.965543e-03
0.000000e+00
0.000000e+00
0.000000e+00
0.000000e+00
0.000000e+00
