1.696060e-01
0.000000e+00
0.000000e+00
2.104583e-02
1.096626e-02
0.000000e+00
8.007963e-04
2.118132e-04
0.000000e+00
0.000000e+00
0.000000e+00
0.000000e+00
5.503643e-02
8.244826e-02
0.000000e+00
0.000000e+00
1.825313e-03
0.000000e+00
0.000000e+00
0.000000e+00
0.000000e+00
0.000000e+00
4.271800e-02
0.000000e+00
2.767103e-02
8.836641e-03
4.878193e-03
4.522247e-05
1.674840e-03
5.424539e-05
0.000000e+00
0.000000e+00
0.000000e+00
6.222223e+00
1.769887e+01
1.426666e+01
4.744644e+00
1.003450e+00
5.955060e-01
2.014894e-01
2.309098e-02
0.000000e+00
0.000000e+00
0.000000e+00
8.820000e-01
8.641218e+01
1.930326e+01
1.020189e+01
3.156443e+00
1.628614e+00
6.505112e-01
1.907245e-02
0.000000e+00
0.000000e+00
0.000000e+00
3.061230e+01
8.089967e+01
6.224965e+01
2.341333e+01
2.778054e+00
1.063417e+00
4.469171e-01
5.472506e-02
0.000000e+00
0.000000e+00
0.000000e+00
0.000000e+00
0.000000e+00
0.000000e+00
0.000000e+00
0.000000e+00
0.000000e+00
0.000000e+00
0.000000e+00
0.000000e+00
0.000000e+00
0.000000e+00
0.000000e+00
0.000000e+00
0.000000e+00
0.000000e+00
0.000000e+00
0.000000e+00
0.000000e+00
0.000000e+00
0.000000e+00
0.000000e+00
0.000000e+00
1.147000e-01
3.351324e-02
1.941652e-02
4.101302e-02
2.800267e-03
2.388254e-03
1.000502e-03
2.547935e-04
0.000000e+00
0.000000e+00
0.000000e+00
