1.177370e-01
0.000000e+00
8.213805e-02
0.000000e+00
8.441703e-03
9.325669e-04
0.000000e+00
3.494611e-04
0.000000e+00
0.000000e+00
0.000000e+00
0.000000e+00
1.768966e-01
0.000000e+00
3.066162e-02
0.000000e+00
0.000000e+00
9.663344e-04
0.000000e+00
0.000000e+00
0.000000e+00
0.000000e+00
3.192900e-02
1.808000e-02
0.000000e+00
1.579556e-02
2.089218e-03
2.180263e-04
3.073931e-04
0.000000e+00
0.000000e+00
0.000000e+00
0.000000e+00
1.077086e+01
1.523191e+01
9.943890e+00
3.723517e+00
2.042168e+00
4.619166e-01
6.381929e-02
2.007572e-02
0.000000e+00
0.000000e+00
0.000000e+00
9.710000e-01
6.049484e+01
9.733074e+00
1.719973e+01
4.988820e+00
8.492024e-01
1.834376e-01
2.213332e-03
0.000000e+00
0.000000e+00
0.000000e+00
3.039960e+01
7.727661e+01
3.433277e+01
1.324113e+01
4.791867e+00
1.268447e+00
2.506343e-01
6.828845e-02
0.000000e+00
0.000000e+00
0.000000e+00
0.000000e+00
0.000000e+00
0.000000e+00
0.000000e+00
0.000000e+00
0.000000e+00
0.000000e+00
0.000000e+00
0.000000e+00
0.000000e+00
0.000000e+00
0.000000e+00
0.000000e+00
0.000000e+00
0.000000e+00
0.000000e+00
0.000000e+00
0.000000e+00
0.000000e+00
0.000000e+00
0.000000e+00
0.000000e+00
1.286900e-01
4.755632e-02
6.781895e-02
1.096213e-02
1.486293e-02
2.005254e-03
1.480763e-04
2.925148e-04
0.000000e+00
0.000000e+00
0.000000e+00
