0.000000e+00
5.380150e-02
0.000000e+00
5.097513e-03
1.356759e-03
0.000000e+00
4.748018e-04
0.000000e+00
2.309126e-05
0.000000e+00
0.000000e+00
2.417000e-02
0.000000e+00
2.688351e-02
0.000000e+00
0.000000e+00
1.239185e-03
0.000000e+00
1.067980e-04
0.000000e+00
0.000000e+00
0.000000e+00
7.262200e-02
0.000000e+00
8.842227e-03
1.613805e-02
3.127719e-03
1.175670e-03
2.545730e-04
4.638817e-05
1.804916e-05
0.000000e+00
0.000000e+00
1.336017e+01
1.162841e+01
1.082998e+01
4.939682e+00
1.441052e+00
4.197246e-01
1.202265e-01
2.023998e-02
6.183357e-03
0.000000e+00
0.000000e+00
3.580000e+00
1.587058e+01
1.202104e+01
3.531957e+00
8.632019e-01
3.638761e-01
4.440635e-02
1.970215e-02
1.194321e-03
0.000000e+00
0.000000e+00
3.033720e+01
7.731703e+01
4.955722e+01
1.920119e+01
5.423067e+00
1.637271e+00
3.849844e-01
8.290338e-02
1.433965e-02
0.000000e+00
0.000000e+00
0.000000e+00
0.000000e+00
0.000000e+00
0.000000e+00
0.000000e+00
0.000000e+00
0.000000e+00
0.000000e+00
0.000000e+00
0.000000e+00
0.000000e+00
0.000000e+00
0.000000e+00
0.000000e+00
0.000000e+00
0.000000e+00
0.000000e+00
0.000000e+00
0.000000e+00
0.000000e+00
0.000000e+00
0.000000e+00
1.390800e-01
4.736205e-02
5.564712e-02
4.265264e-02
1.166818e-02
3.315224e-03
1.115143e-03
1.513180e-04
6.162829e-05
0.000000e+00
0.000000e+00
