7.199100e-02
0.000000e+00
7.079558e-02
0.000000e+00
0.000000e+00
4.363558e-03
0.000000e+00
1.024391e-03
0.000000e+00
2.200474e-04
0.000000e+00
0.000000e+00
1.576223e-01
0.000000e+00
6.498413e-03
6.107277e-03
0.000000e+00
2.321091e-03
0.000000e+00
4.910908e-04
0.000000e+00
3.209993e-05
0.000000e+00
5.329993e-02
0.000000e+00
9.747340e-03
4.897888e-03
0.000000e+00
2.704131e-03
0.000000e+00
1.341517e-04
6.947770e-06
0.000000e+00
1.274365e+01
1.526633e+01
9.765896e+00
2.916949e+00
1.860501e+00
4.793058e-01
3.078732e-01
6.359522e-02
5.928849e-02
2.245235e-02
9.334385e-03
9.050000e-01
6.930167e+01
9.584950e+00
1.437280e+01
3.760663e+00
1.612645e+00
1.664854e+00
2.151701e-01
3.420321e-01
3.252710e-03
4.422790e-02
3.032590e+01
8.321122e+01
3.554687e+01
9.893045e+00
3.702477e+00
1.192018e+00
6.688662e-01
3.936037e-01
2.600805e-01
9.888568e-02
3.190243e-02
0.000000e+00
0.000000e+00
0.000000e+00
0.000000e+00
0.000000e+00
0.000000e+00
0.000000e+00
0.000000e+00
0.000000e+00
0.000000e+00
0.000000e+00
0.000000e+00
0.000000e+00
0.000000e+00
0.000000e+00
0.000000e+00
0.000000e+00
0.000000e+00
0.000000e+00
0.000000e+00
0.000000e+00
0.000000e+00
1.276900e-01
4.542859e-02
7.161224e-02
1.539237e-02
9.841271e-03
2.680694e-03
9.589132e-04
4.593333e-04
2.209468e-04
2.273592e-04
3.286959e-05
