1.431000e-03
1.711467e-01
0.000000e+00
0.000000e+00
0.000000e+00
9.322918e-03
0.000000e+00
1.954357e-03
0.000000e+00
0.000000e+00
0.000000e+00
0.000000e+00
0.000000e+00
1.437880e-01
1.398472e-02
3.479996e-03
0.000000e+00
4.117004e-03
0.000000e+00
0.000000e+00
0.000000e+00
0.000000e+00
2.472350e-01
0.000000e+00
1.401068e-01
1.010740e-02
7.796845e-04
2.831102e-03
6.201025e-04
6.190360e-05
0.000000e+00
0.000000e+00
0.000000e+00
1.028311e+01
1.401414e+01
1.209911e+01
4.246005e+00
1.842100e+00
7.665627e-01
2.025473e-01
3.082452e-02
0.000000e+00
0.000000e+00
0.000000e+00
3.770000e-01
7.940956e+01
1.714552e+01
2.349261e+01
3.035007e+00
6.853275e+00
1.261064e-01
8.095162e-04
0.000000e+00
0.000000e+00
0.000000e+00
2.124930e+01
0.000000e+00
0.000000e+00
7.080203e+00
5.484053e+00
1.141880e+00
1.737005e+00
1.331639e-01
0.000000e+00
0.000000e+00
0.000000e+00
0.000000e+00
9.526967e+00
6.576760e+01
0.000000e+00
0.000000e+00
0.000000e+00
0.000000e+00
0.000000e+00
0.000000e+00
0.000000e+00
0.000000e+00
0.000000e+00
0.000000e+00
0.000000e+00
0.000000e+00
0.000000e+00
0.000000e+00
0.000000e+00
2.059877e-04
0.000000e+00
0.000000e+00
0.000000e+00
9.521000e-02
1.624059e-03
4.486683e-02
5.937186e-03
6.890877e-03
1.466405e-03
4.265514e-04
0.000000e+00
0.000000e+00
0.000000e+00
0.000000e+00
