1.682310e-01
0.000000e+00
0.000000e+00
2.579542e-02
0.000000e+00
9.156475e-03
0.000000e+00
1.409751e-03
0.000000e+00
1.206192e-04
0.000000e+00
0.000000e+00
1.451834e-01
1.468303e-02
0.000000e+00
1.454476e-02
0.000000e+00
2.897007e-03
0.000000e+00
7.255602e-04
0.000000e+00
0.000000e+00
2.222500e-02
6.216050e-02
2.762900e-02
2.332939e-02
5.552091e-03
0.000000e+00
5.857049e-04
1.316731e-04
6.132002e-05
1.335805e-05
0.000000e+00
6.060053e+00
2.033818e+01
1.185893e+01
7.013736e+00
3.067412e+00
6.459544e-01
3.712528e-01
7.173318e-02
5.606605e-02
2.352540e-03
0.000000e+00
3.654000e+00
3.909594e+01
4.876069e+01
3.637497e+01
6.792273e+00
6.074664e+00
1.912051e-01
7.437415e-01
4.140542e-02
2.072836e-03
0.000000e+00
2.378740e+01
3.181706e+01
2.427566e+01
1.311437e+01
5.533545e+00
1.704249e+00
3.302159e-01
1.535491e-01
1.023357e-01
1.241790e-02
0.000000e+00
0.000000e+00
0.000000e+00
0.000000e+00
0.000000e+00
0.000000e+00
0.000000e+00
0.000000e+00
0.000000e+00
0.000000e+00
0.000000e+00
0.000000e+00
0.000000e+00
0.000000e+00
0.000000e+00
0.000000e+00
0.000000e+00
0.000000e+00
0.000000e+00
0.000000e+00
0.000000e+00
0.000000e+00
0.000000e+00
1.056700e-01
3.696257e-02
2.846259e-02
2.969677e-02
1.010832e-02
4.145788e-03
1.651869e-03
2.425588e-04
1.873953e-04
4.791217e-05
0.000000e+00
