1.186600e-01
0.000000e+00
7.065896e-03
2.467341e-02
0.000000e+00
0.000000e+00
0.000000e+00
2.654799e-04
0.000000e+00
0.000000e+00
0.000000e+00
0.000000e+00
1.217673e-01
0.000000e+00
0.000000e+00
7.177372e-03
2.319677e-03
3.568974e-04
0.000000e+00
0.000000e+00
0.000000e+00
0.000000e+00
3.903000e-02
2.702131e-02
3.642943e-03
1.343798e-02
6.604480e-03
1.401456e-03
2.920454e-04
8.675408e-05
0.000000e+00
0.000000e+00
0.000000e+00
7.329085e+00
1.699433e+01
1.002334e+01
3.202651e+00
1.016164e+00
2.903776e-01
9.865851e-02
1.561460e-02
0.000000e+00
0.000000e+00
0.000000e+00
2.691000e+00
2.357567e+01
2.657336e+01
3.898404e+00
1.148607e+00
5.735233e-01
1.054361e-01
3.351564e-03
0.000000e+00
0.000000e+00
0.000000e+00
3.042160e+01
8.663885e+01
5.054196e+01
3.546393e+00
0.000000e+00
0.000000e+00
4.520529e-01
6.315779e-02
0.000000e+00
0.000000e+00
0.000000e+00
0.000000e+00
0.000000e+00
0.000000e+00
0.000000e+00
5.298082e+00
6.630422e-01
0.000000e+00
0.000000e+00
0.000000e+00
0.000000e+00
0.000000e+00
0.000000e+00
0.000000e+00
0.000000e+00
0.000000e+00
0.000000e+00
0.000000e+00
0.000000e+00
0.000000e+00
0.000000e+00
0.000000e+00
0.000000e+00
1.059400e-01
2.887531e-02
3.814385e-02
1.955110e-02
2.774454e-03
1.071691e-03
3.768555e-04
2.160166e-04
0.000000e+00
0.000000e+00
0.000000e+00
