1.095870e-01
0.000000e+00
7.230239e-02
0.000000e+00
1.797523e-02
0.000000e+00
4.700780e-03
0.000000e+00
7.045031e-04
8.073094e-05
0.000000e+00
0.000000e+00
1.703959e-01
0.000000e+00
3.085663e-02
0.000000e+00
1.160993e-02
0.000000e+00
3.190040e-03
0.000000e+00
0.000000e+00
0.000000e+00
5.396500e-02
0.000000e+00
3.298482e-02
9.345593e-03
0.000000e+00
4.619275e-03
0.000000e+00
1.765959e-03
0.000000e+00
1.704719e-05
0.000000e+00
9.988677e+00
1.805520e+01
9.689156e+00
4.037012e+00
1.831186e+00
1.545167e+00
5.654933e-01
3.587261e-01
6.988340e-02
5.438359e-03
0.000000e+00
8.190000e-01
1.608826e+01
1.036735e+01
2.527113e+01
7.114856e+00
3.658615e+00
2.941264e+00
3.984596e-01
1.548061e-01
4.894201e-03
0.000000e+00
2.843280e+01
8.393588e+01
2.185923e+01
7.530190e+00
4.418390e+00
2.655515e+00
1.422466e+00
6.382718e-01
1.765303e-01
1.620986e-02
0.000000e+00
0.000000e+00
0.000000e+00
0.000000e+00
0.000000e+00
0.000000e+00
0.000000e+00
0.000000e+00
0.000000e+00
0.000000e+00
0.000000e+00
0.000000e+00
0.000000e+00
0.000000e+00
0.000000e+00
0.000000e+00
0.000000e+00
0.000000e+00
0.000000e+00
0.000000e+00
0.000000e+00
0.000000e+00
0.000000e+00
1.121300e-01
3.698008e-02
6.324318e-02
8.684478e-03
7.327378e-03
3.697136e-03
2.296368e-03
1.318662e-03
4.750096e-04
7.302110e-05
0.000000e+00
