4.606500e-02
1.769781e-01
0.000000e+00
6.029722e-02
0.000000e+00
1.263386e-02
0.000000e+00
1.909714e-03
0.000000e+00
0.000000e+00
0.000000e+00
0.000000e+00
0.000000e+00
1.715121e-01
0.000000e+00
1.313734e-02
0.000000e+00
9.662980e-03
0.000000e+00
0.000000e+00
0.000000e+00
0.000000e+00
2.292000e-03
4.190616e-02
2.366054e-02
5.492397e-02
0.000000e+00
0.000000e+00
1.017450e-03
1.518266e-04
0.000000e+00
0.000000e+00
0.000000e+00
1.532839e+01
6.300657e+00
1.783254e+01
6.763781e+00
3.136901e+00
6.516569e-01
4.990915e-01
2.546872e-02
0.000000e+00
0.000000e+00
0.000000e+00
7.867000e+00
5.473736e+01
9.129908e+01
3.072464e+01
1.894413e+00
8.489459e+00
1.519185e-01
3.447584e-03
0.000000e+00
0.000000e+00
0.000000e+00
2.373370e+01
3.292067e+01
2.937282e+01
7.475592e+01
5.210863e+00
3.925777e+00
2.671140e+00
1.361327e-01
0.000000e+00
0.000000e+00
0.000000e+00
0.000000e+00
0.000000e+00
0.000000e+00
0.000000e+00
0.000000e+00
0.000000e+00
0.000000e+00
0.000000e+00
0.000000e+00
0.000000e+00
0.000000e+00
0.000000e+00
0.000000e+00
0.000000e+00
0.000000e+00
0.000000e+00
2.795916e-03
0.000000e+00
3.102573e-05
0.000000e+00
0.000000e+00
0.000000e+00
7.411000e-02
2.084740e-02
8.273968e-03
1.434682e-02
7.405915e-03
0.000000e+00
1.534443e-03
0.000000e+00
0.000000e+00
0.000000e+00
0.000000e+00
