3.638480e-01
0.000000e+00
1.862807e-01
0.000000e+00
0.000000e+00
2.312980e-03
0.000000e+00
9.204311e-05
0.000000e+00
0.000000e+00
4.813880e-06
0.000000e+00
5.695694e-01
0.000000e+00
1.200250e-02
2.896882e-03
0.000000e+00
4.523063e-04
0.000000e+00
5.040657e-06
7.428717e-06
0.000000e+00
0.000000e+00
5.264063e-01
0.000000e+00
4.083771e-02
2.436962e-03
0.000000e+00
4.056092e-04
0.000000e+00
0.000000e+00
6.156942e-06
0.000000e+00
4.780105e+00
2.108975e+01
5.702305e+00
3.073636e+00
1.054729e+00
1.945479e-01
9.901869e-02
2.550601e-02
9.688622e-03
3.185735e-03
9.663819e-04
3.430000e-01
3.790407e+01
7.948758e+00
1.422592e+00
9.962100e-01
1.878596e-01
6.583434e-02
2.132720e-02
6.559239e-03
2.532131e-03
5.768492e-04
3.083390e+01
1.297105e+02
3.602815e+01
1.261051e+01
3.789653e+00
1.118620e+00
3.445002e-01
1.099161e-01
3.613753e-02
1.207612e-02
4.140895e-03
0.000000e+00
0.000000e+00
0.000000e+00
0.000000e+00
0.000000e+00
0.000000e+00
0.000000e+00
0.000000e+00
0.000000e+00
0.000000e+00
0.000000e+00
0.000000e+00
0.000000e+00
0.000000e+00
0.000000e+00
0.000000e+00
0.000000e+00
0.000000e+00
0.000000e+00
0.000000e+00
0.000000e+00
0.000000e+00
7.349000e-02
4.467774e-02
3.473811e-02
2.755840e-02
7.930764e-03
2.309091e-03
7.071061e-04
2.222610e-04
7.211358e-05
2.404398e-05
8.151288e-06
