1.052210e-01
2.194222e-02
0.000000e+00
7.717718e-02
0.000000e+00
5.645143e-03
0.000000e+00
1.089648e-03
0.000000e+00
0.000000e+00
0.000000e+00
0.000000e+00
0.000000e+00
1.516233e-01
0.000000e+00
2.232620e-02
0.000000e+00
2.504448e-03
0.000000e+00
0.000000e+00
0.000000e+00
0.000000e+00
5.533600e-02
1.549370e-02
2.717379e-02
9.216244e-03
7.710252e-03
2.394494e-03
1.531817e-03
5.398717e-04
0.000000e+00
0.000000e+00
0.000000e+00
8.240277e+00
1.724472e+01
1.444279e+01
5.110845e+00
3.505692e+00
1.582279e+00
5.544328e-01
3.391532e-02
0.000000e+00
0.000000e+00
0.000000e+00
3.741000e+00
3.403614e+01
5.517193e+01
6.433081e+00
8.240161e+01
2.488091e+00
6.304163e-01
4.691042e-02
0.000000e+00
0.000000e+00
0.000000e+00
2.370690e+01
3.283415e+01
2.511876e+01
1.311820e+01
6.534003e+00
3.155356e+00
1.161478e+00
1.405598e-01
0.000000e+00
0.000000e+00
0.000000e+00
0.000000e+00
0.000000e+00
0.000000e+00
0.000000e+00
0.000000e+00
0.000000e+00
0.000000e+00
0.000000e+00
0.000000e+00
0.000000e+00
0.000000e+00
0.000000e+00
0.000000e+00
0.000000e+00
0.000000e+00
0.000000e+00
0.000000e+00
0.000000e+00
0.000000e+00
0.000000e+00
0.000000e+00
0.000000e+00
1.058400e-01
3.493346e-02
2.521737e-02
2.855438e-02
8.723168e-03
5.626163e-03
2.068490e-03
5.952344e-04
0.000000e+00
0.000000e+00
0.000000e+00
