5.075500e-02
0.000000e+00
6.592793e-02
0.000000e+00
9.042833e-03
0.000000e+00
0.000000e+00
0.000000e+00
3.087773e-04
0.000000e+00
0.000000e+00
0.000000e+00
1.029103e-01
0.000000e+00
2.651359e-02
0.000000e+00
2.844403e-04
4.131406e-04
3.775416e-04
0.000000e+00
0.000000e+00
0.000000e+00
0.000000e+00
3.183461e-02
0.000000e+00
9.781684e-03
8.038502e-04
2.719223e-03
0.000000e+00
3.420338e-04
2.235501e-05
0.000000e+00
0.000000e+00
1.447918e+01
1.281711e+01
1.024690e+01
3.424253e+00
1.226630e+00
6.824863e-01
3.181345e-01
1.310530e-01
3.834956e-02
0.000000e+00
0.000000e+00
7.020000e-01
1.153003e+02
9.166572e+00
1.222407e+01
3.892538e+00
2.389553e+00
7.609585e-01
3.614760e-01
3.481107e-03
0.000000e+00
0.000000e+00
3.081510e+01
8.272828e+01
3.578673e+01
9.835046e+00
3.451046e+00
7.580721e-01
3.020998e-01
5.207096e-01
9.900787e-02
0.000000e+00
0.000000e+00
0.000000e+00
0.000000e+00
0.000000e+00
0.000000e+00
0.000000e+00
0.000000e+00
0.000000e+00
0.000000e+00
0.000000e+00
0.000000e+00
0.000000e+00
0.000000e+00
0.000000e+00
0.000000e+00
0.000000e+00
0.000000e+00
0.000000e+00
0.000000e+00
0.000000e+00
0.000000e+00
0.000000e+00
0.000000e+00
1.300000e-01
4.665366e-02
7.248706e-02
1.432643e-02
9.391805e-03
1.820699e-03
1.123653e-03
8.114974e-04
4.078496e-04
0.000000e+00
0.000000e+00
