2.659520e-01
0.000000e+00
1.248891e-02
4.161021e-02
0.000000e+00
8.039515e-03
1.292356e-03
0.000000e+00
0.000000e+00
0.000000e+00
0.000000e+00
0.000000e+00
2.400230e-01
0.000000e+00
0.000000e+00
4.575772e-02
0.000000e+00
0.000000e+00
0.000000e+00
0.000000e+00
0.000000e+00
0.000000e+00
2.746000e-02
0.000000e+00
7.374089e-02
0.000000e+00
3.812543e-02
2.779244e-03
1.622975e-04
0.000000e+00
0.000000e+00
0.000000e+00
0.000000e+00
4.328546e+00
1.901241e+01
1.281313e+01
6.294008e+00
5.805127e+00
1.097608e+00
6.804946e-02
0.000000e+00
0.000000e+00
0.000000e+00
0.000000e+00
1.076000e+00
1.300614e+01
1.697170e+02
6.022536e+01
8.983760e+00
1.101069e+00
3.100532e-02
0.000000e+00
0.000000e+00
0.000000e+00
0.000000e+00
2.350060e+01
4.312233e+01
2.322883e+01
1.845044e+01
9.114857e+00
2.651086e+00
2.202015e-01
0.000000e+00
0.000000e+00
0.000000e+00
0.000000e+00
0.000000e+00
0.000000e+00
0.000000e+00
0.000000e+00
0.000000e+00
0.000000e+00
0.000000e+00
0.000000e+00
0.000000e+00
0.000000e+00
0.000000e+00
0.000000e+00
0.000000e+00
0.000000e+00
0.000000e+00
0.000000e+00
0.000000e+00
0.000000e+00
0.000000e+00
0.000000e+00
0.000000e+00
0.000000e+00
9.222000e-02
3.454796e-02
1.899156e-02
1.399404e-02
1.219725e-02
7.062589e-03
1.027259e-03
0.000000e+00
0.000000e+00
0.000000e+00
0.000000e+00
