0.000000e+00
1.597690e-01
0.000000e+00
1.099498e-02
0.000000e+00
3.438330e-03
2.503695e-04
0.000000e+00
0.000000e+00
9.621290e-06
0.000000e+00
6.020000e-04
0.000000e+00
7.912619e-02
0.000000e+00
4.113786e-03
0.000000e+00
0.000000e+00
2.980553e-05
1.207598e-05
0.000000e+00
3.983584e-06
1.276760e-01
0.000000e+00
9.272684e-02
2.426860e-02
0.000000e+00
5.753180e-03
0.000000e+00
1.357325e-05
6.722438e-06
0.000000e+00
4.624912e-07
8.722908e+00
5.701964e+00
1.032808e+01
5.068480e+00
1.837382e+00
5.453308e-01
5.294421e-02
2.045430e-02
6.316689e-03
1.883741e-03
7.236307e-04
1.231000e+00
9.000013e+00
3.212468e+01
2.537317e+01
4.380752e-01
3.295486e-01
2.929155e-02
1.370207e-02
6.174386e-03
8.630441e-04
8.615989e-04
2.956210e+01
8.333287e+01
4.371373e+01
2.146847e+01
8.472102e+00
2.064099e+00
2.331825e-01
7.405271e-02
2.403187e-02
8.096361e-03
3.048005e-03
0.000000e+00
0.000000e+00
0.000000e+00
0.000000e+00
0.000000e+00
0.000000e+00
0.000000e+00
0.000000e+00
0.000000e+00
0.000000e+00
0.000000e+00
0.000000e+00
0.000000e+00
0.000000e+00
0.000000e+00
0.000000e+00
0.000000e+00
0.000000e+00
0.000000e+00
0.000000e+00
0.000000e+00
0.000000e+00
1.168300e-01
3.200316e-02
5.019132e-02
3.072943e-02
7.239308e-03
6.205295e-03
4.791020e-04
1.500902e-04
4.854560e-05
1.603950e-05
5.259855e-06
