2.143540e-01
0.000000e+00
4.498187e-02
1.525636e-02
0.000000e+00
1.591691e-02
0.000000e+00
0.000000e+00
0.000000e+00
0.000000e+00
0.000000e+00
0.000000e+00
2.253977e-01
0.000000e+00
0.000000e+00
3.795714e-02
0.000000e+00
0.000000e+00
0.000000e+00
0.000000e+00
0.000000e+00
0.000000e+00
1.355190e-01
0.000000e+00
8.873003e-02
3.921727e-02
0.000000e+00
1.006124e-02
0.000000e+00
0.000000e+00
0.000000e+00
0.000000e+00
0.000000e+00
4.780105e+00
2.012164e+01
9.881057e+00
4.496698e+00
3.250876e+00
3.549015e-01
0.000000e+00
0.000000e+00
0.000000e+00
0.000000e+00
0.000000e+00
8.860000e-01
2.378592e+01
1.438337e+02
8.197128e+01
1.973730e+00
6.633839e-02
0.000000e+00
0.000000e+00
0.000000e+00
0.000000e+00
0.000000e+00
2.590290e+01
4.746760e+01
1.303896e+01
3.363914e+00
7.847640e+00
1.923000e+00
0.000000e+00
0.000000e+00
0.000000e+00
0.000000e+00
0.000000e+00
0.000000e+00
0.000000e+00
0.000000e+00
0.000000e+00
0.000000e+00
0.000000e+00
0.000000e+00
0.000000e+00
0.000000e+00
0.000000e+00
0.000000e+00
0.000000e+00
0.000000e+00
0.000000e+00
0.000000e+00
0.000000e+00
0.000000e+00
0.000000e+00
0.000000e+00
0.000000e+00
0.000000e+00
0.000000e+00
8.563000e-02
2.684694e-02
3.428621e-02
1.102289e-02
4.230322e-03
6.356904e-03
0.000000e+00
0.000000e+00
0.000000e+00
0.000000e+00
0.000000e+00
