2.393740e-01
0.000000e+00
1.042172e-01
0.000000e+00
1.615355e-02
0.000000e+00
0.000000e+00
3.283865e-04
1.713124e-04
0.000000e+00
0.000000e+00
0.000000e+00
3.041909e-01
0.000000e+00
3.171276e-02
0.000000e+00
2.358617e-03
4.203734e-04
0.000000e+00
0.000000e+00
0.000000e+00
0.000000e+00
0.000000e+00
8.912465e-02
0.000000e+00
2.490426e-02
0.000000e+00
4.426178e-03
0.000000e+00
1.091546e-03
3.245979e-05
0.000000e+00
0.000000e+00
4.367194e+00
1.877580e+01
8.774954e+00
4.486912e+00
1.044956e+00
5.973336e-01
3.818846e-01
1.373732e-01
1.540962e-02
0.000000e+00
0.000000e+00
1.220000e+00
3.050035e+01
8.831140e+01
8.659047e+00
5.141012e+00
2.431145e+00
9.674999e-01
4.581513e-01
1.273337e-02
0.000000e+00
0.000000e+00
2.597440e+01
3.912431e+01
1.990991e+01
1.396724e+01
3.096208e+00
1.145071e+00
6.992473e-01
3.063990e-01
3.841697e-02
0.000000e+00
0.000000e+00
0.000000e+00
0.000000e+00
0.000000e+00
0.000000e+00
0.000000e+00
0.000000e+00
0.000000e+00
0.000000e+00
0.000000e+00
0.000000e+00
0.000000e+00
0.000000e+00
0.000000e+00
0.000000e+00
0.000000e+00
0.000000e+00
0.000000e+00
0.000000e+00
0.000000e+00
0.000000e+00
0.000000e+00
0.000000e+00
1.097100e-01
4.384189e-02
4.534472e-02
1.880078e-02
9.700811e-03
1.495878e-03
1.509196e-03
6.566149e-04
1.746349e-04
0.000000e+00
0.000000e+00
