0.000000e+00
1.975541e-01
0.000000e+00
2.763839e-02
0.000000e+00
0.000000e+00
1.523585e-04
2.710936e-04
0.000000e+00
0.000000e+00
0.000000e+00
5.953600e-02
0.000000e+00
9.718412e-02
0.000000e+00
4.454744e-03
1.066800e-03
0.000000e+00
0.000000e+00
0.000000e+00
0.000000e+00
0.000000e+00
3.513900e-02
0.000000e+00
4.135891e-02
1.210540e-03
4.506639e-03
1.504084e-03
7.115946e-04
2.405488e-04
0.000000e+00
0.000000e+00
0.000000e+00
1.277005e+01
5.839539e+00
1.147158e+01
4.961426e+00
1.706563e+00
4.210346e-01
1.564569e-01
3.557335e-02
0.000000e+00
0.000000e+00
0.000000e+00
7.683000e+00
6.600783e+00
1.391683e+01
2.406317e+00
1.389416e+00
5.684989e-01
1.714908e-01
8.168884e-03
0.000000e+00
0.000000e+00
0.000000e+00
3.006800e+01
8.411396e+01
5.117685e+01
1.920183e+01
8.007413e+00
3.056502e+00
5.816466e-01
1.175159e-01
0.000000e+00
0.000000e+00
0.000000e+00
0.000000e+00
0.000000e+00
0.000000e+00
0.000000e+00
0.000000e+00
0.000000e+00
0.000000e+00
0.000000e+00
0.000000e+00
0.000000e+00
0.000000e+00
0.000000e+00
0.000000e+00
0.000000e+00
0.000000e+00
0.000000e+00
0.000000e+00
0.000000e+00
0.000000e+00
0.000000e+00
0.000000e+00
0.000000e+00
1.375200e-01
4.519878e-02
5.326183e-02
3.754842e-02
9.496494e-03
2.555854e-03
8.768861e-04
5.101711e-04
0.000000e+00
0.000000e+00
0.000000e+00
