1.585040e-01
0.000000e+00
0.000000e+00
6.461841e-03
3.258568e-03
4.938187e-03
0.000000e+00
2.583289e-03
0.000000e+00
0.000000e+00
0.000000e+00
0.000000e+00
8.978427e-02
4.502289e-02
0.000000e+00
0.000000e+00
0.000000e+00
5.486417e-03
0.000000e+00
0.000000e+00
0.000000e+00
0.000000e+00
1.049700e-02
5.463967e-02
0.000000e+00
2.713120e-02
0.000000e+00
1.656348e-03
4.360125e-03
0.000000e+00
0.000000e+00
0.000000e+00
0.000000e+00
6.140781e+00
1.907106e+01
1.291836e+01
7.660401e+00
2.764012e+00
1.646259e+00
7.306855e-01
9.821759e-02
0.000000e+00
0.000000e+00
0.000000e+00
6.734000e+00
3.675631e+01
4.424768e+01
7.050884e+01
1.513795e+01
2.586012e+01
1.197390e+00
1.656327e-01
0.000000e+00
0.000000e+00
0.000000e+00
2.362920e+01
3.167579e+01
2.669727e+01
1.399395e+01
8.698866e+00
1.665888e+00
2.537922e+00
2.253575e-01
0.000000e+00
0.000000e+00
0.000000e+00
0.000000e+00
0.000000e+00
0.000000e+00
0.000000e+00
0.000000e+00
0.000000e+00
0.000000e+00
0.000000e+00
0.000000e+00
0.000000e+00
0.000000e+00
0.000000e+00
0.000000e+00
0.000000e+00
0.000000e+00
0.000000e+00
0.000000e+00
0.000000e+00
0.000000e+00
0.000000e+00
0.000000e+00
0.000000e+00
1.035400e-01
3.466638e-02
2.788363e-02
2.376707e-02
9.534789e-03
3.564224e-04
2.969775e-03
5.194722e-04
0.000000e+00
0.000000e+00
0.000000e+00
