1.443820e-01
0.000000e+00
9.694043e-02
2.408344e-03
0.000000e+00
0.000000e+00
1.159233e-03
0.000000e+00
0.000000e+00
0.000000e+00
0.000000e+00
0.000000e+00
2.586887e-01
0.000000e+00
0.000000e+00
4.361670e-03
4.837837e-03
0.000000e+00
0.000000e+00
0.000000e+00
0.000000e+00
0.000000e+00
5.241900e-02
0.000000e+00
1.748203e-02
0.000000e+00
1.408868e-02
9.515187e-04
4.353446e-04
0.000000e+00
0.000000e+00
0.000000e+00
0.000000e+00
9.568546e+00
1.897979e+01
7.880428e+00
2.529956e+00
2.320553e+00
5.133424e-01
8.471749e-02
0.000000e+00
0.000000e+00
0.000000e+00
0.000000e+00
2.681000e+00
3.375312e+01
3.697733e+00
1.001471e+01
2.595696e+00
4.698255e-01
2.576676e-02
0.000000e+00
0.000000e+00
0.000000e+00
0.000000e+00
3.023700e+01
8.427794e+01
3.277818e+01
8.294461e+00
9.162345e-02
0.000000e+00
2.624391e-01
0.000000e+00
0.000000e+00
0.000000e+00
0.000000e+00
0.000000e+00
0.000000e+00
0.000000e+00
0.000000e+00
0.000000e+00
3.597986e-03
0.000000e+00
0.000000e+00
0.000000e+00
0.000000e+00
0.000000e+00
0.000000e+00
0.000000e+00
0.000000e+00
0.000000e+00
0.000000e+00
0.000000e+00
0.000000e+00
0.000000e+00
0.000000e+00
0.000000e+00
0.000000e+00
1.148300e-01
3.659668e-02
5.957396e-02
5.465041e-03
1.037301e-02
2.223631e-03
8.554053e-04
0.000000e+00
0.000000e+00
0.000000e+00
0.000000e+00
