0.000000e+00
8.538548e-02
0.000000e+00
1.263814e-02
0.000000e+00
1.863604e-04
0.000000e+00
1.155226e-04
0.000000e+00
4.251258e-05
0.000000e+00
2.884600e-02
0.000000e+00
4.465257e-02
0.000000e+00
1.008781e-03
0.000000e+00
4.058696e-05
0.000000e+00
1.486467e-04
0.000000e+00
0.000000e+00
3.408600e-02
0.000000e+00
1.742100e-02
2.253357e-03
1.700923e-03
4.925597e-04
7.630691e-05
1.329788e-04
1.254434e-04
3.583745e-07
0.000000e+00
1.242965e+01
1.210767e+01
1.022820e+01
5.183084e+00
7.616865e-01
1.955887e-01
7.228587e-02
1.643135e-02
1.026343e-02
4.436918e-04
0.000000e+00
4.678000e+00
1.020633e+01
1.537477e+01
1.970908e+00
3.712354e-01
3.359323e-01
2.696507e-02
8.039923e-02
2.885869e-02
1.689162e-03
0.000000e+00
3.024260e+01
8.080760e+01
5.194815e+01
1.574163e+01
2.705186e+00
7.891978e-01
2.543460e-01
6.218508e-02
3.481613e-02
3.910521e-03
0.000000e+00
0.000000e+00
0.000000e+00
0.000000e+00
0.000000e+00
0.000000e+00
0.000000e+00
0.000000e+00
0.000000e+00
0.000000e+00
0.000000e+00
0.000000e+00
0.000000e+00
0.000000e+00
0.000000e+00
0.000000e+00
0.000000e+00
0.000000e+00
0.000000e+00
0.000000e+00
0.000000e+00
0.000000e+00
0.000000e+00
1.353900e-01
4.350502e-02
5.395067e-02
4.604126e-02
5.538195e-03
1.531999e-03
4.271474e-04
1.218053e-04
2.554080e-05
6.565620e-06
0.000000e+00
