1.955190e-01
0.000000e+00
5.405093e-02
0.000000e+00
1.165082e-02
0.000000e+00
1.958005e-03
0.000000e+00
8.547047e-04
0.000000e+00
2.590890e-04
0.000000e+00
1.792784e-01
0.000000e+00
3.483727e-02
0.000000e+00
3.962281e-03
0.000000e+00
1.792918e-03
0.000000e+00
7.812711e-04
0.000000e+00
0.000000e+00
5.343831e-02
0.000000e+00
1.818315e-02
3.862217e-03
3.040806e-04
2.148523e-03
0.000000e+00
2.526180e-04
2.781260e-05
5.126148e-05
5.469518e+00
1.807524e+01
9.649177e+00
8.097680e+00
3.648423e+00
1.618052e+00
5.137426e-01
3.016059e-01
1.185079e-01
8.747526e-02
1.389445e-02
2.057000e+00
3.967294e+01
8.967044e+01
2.030304e+01
1.770379e+01
3.243070e+00
9.209313e-01
1.580252e+00
3.914495e-01
1.534080e-01
1.464261e-02
2.254690e+01
3.348169e+01
2.526985e+01
1.495971e+01
1.005747e+01
4.143829e+00
1.157406e+00
5.717246e-01
2.596354e-01
2.357077e-01
4.529951e-02
0.000000e+00
0.000000e+00
0.000000e+00
0.000000e+00
0.000000e+00
0.000000e+00
0.000000e+00
0.000000e+00
0.000000e+00
0.000000e+00
0.000000e+00
0.000000e+00
0.000000e+00
0.000000e+00
0.000000e+00
0.000000e+00
0.000000e+00
0.000000e+00
0.000000e+00
0.000000e+00
0.000000e+00
0.000000e+00
1.097200e-01
4.025826e-02
2.905152e-02
2.559014e-02
1.284362e-02
7.843784e-03
2.616862e-03
8.958999e-04
5.215484e-04
2.598789e-04
1.935547e-04
