3.359300e-02
0.000000e+00
3.197446e-02
0.000000e+00
3.431353e-03
0.000000e+00
1.227262e-03
0.000000e+00
0.000000e+00
0.000000e+00
0.000000e+00
0.000000e+00
3.704282e-02
0.000000e+00
5.967250e-03
0.000000e+00
4.396153e-03
0.000000e+00
0.000000e+00
0.000000e+00
0.000000e+00
0.000000e+00
2.272900e-02
3.742740e-02
0.000000e+00
1.458583e-02
8.223307e-03
4.164805e-03
5.836582e-05
0.000000e+00
0.000000e+00
0.000000e+00
0.000000e+00
9.139207e+00
1.309351e+01
8.565245e+00
5.270249e+00
1.592103e+00
8.703349e-01
4.714184e-02
0.000000e+00
0.000000e+00
0.000000e+00
0.000000e+00
7.922000e+00
2.325473e+01
1.348859e+01
7.611354e+00
5.951276e+00
1.063762e+00
8.849344e-03
0.000000e+00
0.000000e+00
0.000000e+00
0.000000e+00
2.911920e+01
7.868474e+01
4.791144e+01
1.812449e+01
3.835462e+00
1.548765e+00
1.876076e-01
0.000000e+00
0.000000e+00
0.000000e+00
0.000000e+00
0.000000e+00
0.000000e+00
0.000000e+00
0.000000e+00
0.000000e+00
0.000000e+00
0.000000e+00
0.000000e+00
0.000000e+00
0.000000e+00
0.000000e+00
0.000000e+00
0.000000e+00
0.000000e+00
0.000000e+00
0.000000e+00
0.000000e+00
0.000000e+00
0.000000e+00
0.000000e+00
0.000000e+00
0.000000e+00
1.319600e-01
4.345368e-02
5.110360e-02
3.223259e-02
9.277471e-03
3.416170e-03
8.548954e-04
0.000000e+00
0.000000e+00
0.000000e+00
0.000000e+00
