6.779000e-02
0.000000e+00
5.210059e-02
0.000000e+00
9.959377e-03
0.000000e+00
1.483417e-03
0.000000e+00
0.000000e+00
0.000000e+00
0.000000e+00
0.000000e+00
4.759975e-02
0.000000e+00
4.026097e-02
0.000000e+00
6.302647e-03
0.000000e+00
0.000000e+00
0.000000e+00
0.000000e+00
0.000000e+00
1.046830e-01
0.000000e+00
8.810558e-02
7.571411e-03
1.198982e-02
0.000000e+00
4.375570e-03
0.000000e+00
0.000000e+00
0.000000e+00
0.000000e+00
8.083448e+00
1.818152e+01
6.236790e+00
5.089385e+00
7.596452e-01
1.079519e+00
5.914048e-01
0.000000e+00
0.000000e+00
0.000000e+00
0.000000e+00
1.338000e+00
1.378919e+01
2.606063e+00
7.056159e+01
4.968809e-01
1.566138e+01
3.034100e-01
0.000000e+00
0.000000e+00
0.000000e+00
0.000000e+00
2.969250e+01
9.370925e+01
3.322239e+01
1.711806e+01
1.029832e+01
3.640930e+00
1.206076e+01
0.000000e+00
0.000000e+00
0.000000e+00
0.000000e+00
0.000000e+00
0.000000e+00
0.000000e+00
0.000000e+00
0.000000e+00
0.000000e+00
0.000000e+00
0.000000e+00
0.000000e+00
0.000000e+00
0.000000e+00
0.000000e+00
0.000000e+00
0.000000e+00
0.000000e+00
0.000000e+00
0.000000e+00
1.279653e-04
0.000000e+00
0.000000e+00
0.000000e+00
0.000000e+00
8.428000e-02
1.938364e-02
4.704205e-02
6.268325e-03
1.626052e-03
5.269883e-04
0.000000e+00
0.000000e+00
0.000000e+00
0.000000e+00
0.000000e+00
