1.334880e-01
0.000000e+00
1.803049e-01
0.000000e+00
3.351533e-02
0.000000e+00
3.663646e-03
0.000000e+00
0.000000e+00
0.000000e+00
0.000000e+00
0.000000e+00
3.139551e-01
0.000000e+00
7.205567e-02
0.000000e+00
1.094251e-02
0.000000e+00
0.000000e+00
0.000000e+00
0.000000e+00
0.000000e+00
0.000000e+00
9.023880e-02
0.000000e+00
2.193508e-02
0.000000e+00
3.951209e-04
1.008324e-03
0.000000e+00
0.000000e+00
0.000000e+00
0.000000e+00
1.298259e+01
1.589450e+01
9.530735e+00
4.360713e+00
1.828720e+00
6.194972e-01
3.577221e-01
0.000000e+00
0.000000e+00
0.000000e+00
0.000000e+00
1.592000e+00
4.599719e+01
1.167251e+01
3.786771e+01
2.100568e+00
1.648930e+00
4.228577e-02
0.000000e+00
0.000000e+00
0.000000e+00
0.000000e+00
3.149900e+01
9.857358e+01
6.646065e+01
2.875628e+01
1.339019e+01
3.619838e+00
8.717257e-01
0.000000e+00
0.000000e+00
0.000000e+00
0.000000e+00
0.000000e+00
0.000000e+00
0.000000e+00
0.000000e+00
0.000000e+00
0.000000e+00
0.000000e+00
0.000000e+00
0.000000e+00
0.000000e+00
0.000000e+00
0.000000e+00
0.000000e+00
0.000000e+00
0.000000e+00
0.000000e+00
0.000000e+00
0.000000e+00
0.000000e+00
0.000000e+00
0.000000e+00
0.000000e+00
1.174800e-01
5.249236e-02
6.492262e-02
8.912674e-03
1.187778e-02
2.334506e-03
3.263304e-03
0.000000e+00
0.000000e+00
0.000000e+00
0.000000e+00
