1.537500e-02
6.084086e-02
0.000000e+00
4.196931e-03
0.000000e+00
4.278197e-03
0.000000e+00
5.115324e-04
1.281059e-04
0.000000e+00
0.000000e+00
0.000000e+00
0.000000e+00
5.283031e-02
0.000000e+00
6.214756e-04
0.000000e+00
2.178286e-03
0.000000e+00
0.000000e+00
0.000000e+00
0.000000e+00
8.174100e-02
0.000000e+00
1.246463e-01
0.000000e+00
1.852900e-02
0.000000e+00
1.060037e-03
7.699851e-05
2.270487e-05
0.000000e+00
0.000000e+00
1.352421e+01
1.293718e+01
1.275691e+01
4.785874e+00
2.234693e+00
4.999145e-01
2.224015e-01
8.796030e-02
4.620738e-03
0.000000e+00
0.000000e+00
1.584000e+00
1.601241e+01
1.938863e+01
4.648805e+00
2.716641e+00
2.506264e+00
2.944618e-01
2.911025e-01
6.147869e-03
0.000000e+00
0.000000e+00
2.897260e+01
7.054396e+01
5.313558e+01
2.871177e+01
6.655887e+00
1.273599e+00
7.425508e-01
1.826426e-01
1.935698e-02
0.000000e+00
0.000000e+00
0.000000e+00
0.000000e+00
0.000000e+00
0.000000e+00
0.000000e+00
0.000000e+00
0.000000e+00
0.000000e+00
0.000000e+00
0.000000e+00
0.000000e+00
0.000000e+00
0.000000e+00
0.000000e+00
0.000000e+00
0.000000e+00
0.000000e+00
0.000000e+00
0.000000e+00
0.000000e+00
0.000000e+00
0.000000e+00
1.164500e-01
2.820839e-02
4.317141e-02
2.730618e-02
1.119220e-02
3.812734e-03
6.892419e-04
2.865796e-04
8.467321e-05
0.000000e+00
0.000000e+00
