1.341800e-01
0.000000e+00
1.449468e-01
0.000000e+00
2.036985e-02
0.000000e+00
0.000000e+00
1.248790e-05
0.000000e+00
2.200459e-04
0.000000e+00
0.000000e+00
2.766363e-01
0.000000e+00
5.000828e-02
0.000000e+00
2.992332e-03
4.705631e-04
0.000000e+00
3.482216e-04
0.000000e+00
8.000154e-05
2.257300e-02
8.748640e-03
0.000000e+00
7.551650e-03
0.000000e+00
3.397441e-03
0.000000e+00
5.106925e-04
6.821465e-06
0.000000e+00
8.971614e-06
9.612204e+00
1.790129e+01
6.853241e+00
3.573252e+00
9.057293e-01
3.255589e-01
1.571955e-01
7.927985e-02
2.913013e-02
7.605331e-03
6.248873e-03
1.439000e+00
5.218853e+01
1.281598e+00
4.629467e+00
3.040494e+00
1.138750e+00
8.262655e-01
5.393633e-02
1.815201e-02
4.528782e-03
1.339170e-02
3.078940e+01
8.391757e+01
3.692909e+01
1.359592e+01
3.124018e+00
0.000000e+00
3.567682e-01
1.546035e-01
1.041969e-01
5.204706e-02
3.196543e-02
0.000000e+00
0.000000e+00
0.000000e+00
0.000000e+00
0.000000e+00
2.983009e-01
0.000000e+00
0.000000e+00
0.000000e+00
0.000000e+00
0.000000e+00
0.000000e+00
0.000000e+00
0.000000e+00
0.000000e+00
0.000000e+00
0.000000e+00
0.000000e+00
0.000000e+00
0.000000e+00
0.000000e+00
0.000000e+00
1.344000e-01
4.919146e-02
7.563627e-02
1.656262e-02
1.246996e-02
2.344093e-04
4.029762e-04
1.628771e-04
4.061431e-05
7.837252e-05
2.358487e-05
