0.000000e+00
2.035940e-01
0.000000e+00
2.797901e-02
1.129015e-02
8.438084e-04
0.000000e+00
1.737919e-03
0.000000e+00
0.000000e+00
0.000000e+00
3.743100e-02
0.000000e+00
1.436966e-01
0.000000e+00
0.000000e+00
0.000000e+00
3.298121e-03
0.000000e+00
0.000000e+00
0.000000e+00
0.000000e+00
2.895400e-02
0.000000e+00
2.973557e-02
1.723862e-02
0.000000e+00
3.046658e-03
1.395866e-03
1.383371e-04
0.000000e+00
0.000000e+00
0.000000e+00
1.127379e+01
1.230276e+01
1.208105e+01
4.460335e+00
1.578707e+00
8.941128e-01
2.720121e-01
7.179182e-02
0.000000e+00
0.000000e+00
0.000000e+00
4.950000e+00
9.204359e+00
2.666252e+01
1.287862e+01
6.203465e+00
4.640752e+00
2.424804e-01
7.635572e-03
0.000000e+00
0.000000e+00
0.000000e+00
2.706900e+01
6.732342e+01
6.247557e+01
1.234073e+01
4.490674e+00
2.938960e+00
2.066002e+00
2.097736e-01
0.000000e+00
0.000000e+00
0.000000e+00
0.000000e+00
0.000000e+00
0.000000e+00
0.000000e+00
0.000000e+00
0.000000e+00
0.000000e+00
0.000000e+00
0.000000e+00
0.000000e+00
0.000000e+00
0.000000e+00
0.000000e+00
0.000000e+00
0.000000e+00
0.000000e+00
0.000000e+00
0.000000e+00
0.000000e+00
0.000000e+00
0.000000e+00
0.000000e+00
1.218800e-01
1.405489e-02
5.559220e-02
9.051024e-03
6.684370e-03
1.712088e-03
5.554172e-04
2.731483e-04
0.000000e+00
0.000000e+00
0.000000e+00
