9.087000e-03
4.627964e-02
1.753040e-03
0.000000e+00
0.000000e+00
2.708332e-03
5.556139e-04
0.000000e+00
0.000000e+00
0.000000e+00
0.000000e+00
0.000000e+00
0.000000e+00
0.000000e+00
1.810799e-02
1.586382e-03
0.000000e+00
0.000000e+00
0.000000e+00
0.000000e+00
0.000000e+00
0.000000e+00
2.008690e-01
0.000000e+00
2.331826e-02
5.827151e-02
0.000000e+00
0.000000e+00
2.486451e-03
0.000000e+00
0.000000e+00
0.000000e+00
0.000000e+00
1.053672e+01
1.365871e+01
1.001055e+01
5.802523e+00
1.807837e+00
7.136231e-01
1.444983e-01
0.000000e+00
0.000000e+00
0.000000e+00
0.000000e+00
2.015000e+00
1.821301e+01
2.879901e+01
2.376527e+01
5.788141e+00
5.642908e-01
1.848153e-02
0.000000e+00
0.000000e+00
0.000000e+00
0.000000e+00
2.925640e+01
8.383842e+01
4.143261e+01
1.721253e+01
7.956297e+00
3.668691e+00
4.526597e-01
0.000000e+00
0.000000e+00
0.000000e+00
0.000000e+00
0.000000e+00
0.000000e+00
0.000000e+00
0.000000e+00
0.000000e+00
0.000000e+00
0.000000e+00
0.000000e+00
0.000000e+00
0.000000e+00
0.000000e+00
0.000000e+00
0.000000e+00
0.000000e+00
0.000000e+00
0.000000e+00
0.000000e+00
0.000000e+00
0.000000e+00
0.000000e+00
0.000000e+00
0.000000e+00
1.044100e-01
2.196294e-02
4.259580e-02
2.605688e-02
4.461538e-03
3.641249e-03
1.643490e-03
0.000000e+00
0.000000e+00
0.000000e+00
0.000000e+00
