2.363800e-01
0.000000e+00
3.854456e-02
5.482095e-04
0.000000e+00
1.135890e-02
0.000000e+00
2.856761e-03
0.000000e+00
0.000000e+00
0.000000e+00
0.000000e+00
1.830578e-01
0.000000e+00
0.000000e+00
2.378695e-02
0.000000e+00
1.895584e-03
0.000000e+00
1.142492e-03
0.000000e+00
0.000000e+00
0.000000e+00
6.914170e-02
0.000000e+00
2.880358e-02
3.150898e-03
2.972100e-03
0.000000e+00
5.043014e-04
1.326047e-04
0.000000e+00
0.000000e+00
4.630738e+00
1.905771e+01
1.145994e+01
7.217096e+00
4.030789e+00
8.488585e-01
3.781846e-01
1.340072e-01
5.519377e-02
0.000000e+00
0.000000e+00
3.461000e+00
8.823643e+01
1.662401e+01
4.523942e+01
1.310692e+01
1.811053e+00
1.653954e+00
4.988279e-01
9.849871e-02
0.000000e+00
0.000000e+00
2.478010e+01
3.627093e+01
2.326223e+01
5.162545e+00
1.294685e+01
2.144875e+00
2.896162e-01
1.288527e-01
0.000000e+00
0.000000e+00
0.000000e+00
0.000000e+00
0.000000e+00
0.000000e+00
0.000000e+00
0.000000e+00
0.000000e+00
0.000000e+00
0.000000e+00
6.587156e-01
0.000000e+00
0.000000e+00
0.000000e+00
0.000000e+00
0.000000e+00
0.000000e+00
0.000000e+00
0.000000e+00
0.000000e+00
0.000000e+00
0.000000e+00
0.000000e+00
0.000000e+00
9.418000e-02
3.113355e-02
1.994054e-02
1.589748e-02
8.826503e-03
2.516556e-03
1.187954e-03
2.770605e-04
2.480374e-04
0.000000e+00
0.000000e+00
