9.548100e-02
0.000000e+00
1.596330e-01
0.000000e+00
1.360348e-03
1.859697e-03
0.000000e+00
1.472281e-04
0.000000e+00
0.000000e+00
0.000000e+00
0.000000e+00
2.514246e-01
0.000000e+00
6.375933e-02
0.000000e+00
0.000000e+00
4.216858e-04
0.000000e+00
0.000000e+00
0.000000e+00
0.000000e+00
1.243460e-01
0.000000e+00
3.122564e-02
3.331569e-02
6.434982e-03
4.134196e-04
1.392691e-04
4.193179e-05
0.000000e+00
0.000000e+00
0.000000e+00
1.191786e+01
1.781455e+01
7.022390e+00
5.894383e+00
1.403579e+00
3.530457e-01
7.115874e-02
1.570768e-02
0.000000e+00
0.000000e+00
0.000000e+00
1.030000e+00
1.191056e+01
3.669997e+01
2.341049e+00
1.258174e+00
1.366787e-01
5.564528e-02
4.568803e-03
0.000000e+00
0.000000e+00
0.000000e+00
2.905930e+01
6.814129e+01
2.690128e+01
0.000000e+00
5.595481e+00
1.278226e+00
2.688163e-01
4.578126e-02
0.000000e+00
0.000000e+00
0.000000e+00
0.000000e+00
0.000000e+00
0.000000e+00
7.122446e+00
0.000000e+00
0.000000e+00
0.000000e+00
0.000000e+00
0.000000e+00
0.000000e+00
0.000000e+00
0.000000e+00
0.000000e+00
0.000000e+00
0.000000e+00
0.000000e+00
0.000000e+00
0.000000e+00
0.000000e+00
0.000000e+00
0.000000e+00
0.000000e+00
1.049900e-01
3.717429e-02
3.315141e-02
3.410018e-02
9.920992e-03
3.620524e-03
4.764671e-04
1.929445e-04
0.000000e+00
0.000000e+00
0.000000e+00
