1.429490e-01
0.000000e+00
0.000000e+00
2.351289e-02
9.698283e-03
0.000000e+00
7.049893e-03
0.000000e+00
8.433707e-04
4.006779e-04
0.000000e+00
0.000000e+00
7.263990e-02
6.533595e-02
0.000000e+00
0.000000e+00
1.058299e-02
0.000000e+00
2.976885e-03
0.000000e+00
0.000000e+00
7.808981e-04
5.905000e-03
1.733901e-02
2.872289e-02
0.000000e+00
5.982800e-03
5.537273e-04
4.014868e-04
9.124932e-04
8.866779e-06
1.616081e-04
7.864548e-05
7.112298e+00
1.877789e+01
1.323895e+01
6.849241e+00
3.169208e+00
2.145027e+00
1.023058e+00
6.365743e-01
3.381882e-01
1.730245e-01
1.338251e-01
7.877000e+00
5.264286e+01
3.083390e+01
2.755890e+01
1.360009e+01
8.817299e+00
5.191675e+00
1.687934e+00
1.838589e+00
7.359227e-01
2.311782e-01
2.276650e+01
3.356558e+01
2.621379e+01
1.367732e+01
7.109291e+00
4.178451e+00
2.501924e+00
1.268853e+00
7.433736e-01
3.908277e-01
2.526234e-01
0.000000e+00
0.000000e+00
0.000000e+00
0.000000e+00
0.000000e+00
0.000000e+00
0.000000e+00
0.000000e+00
0.000000e+00
0.000000e+00
0.000000e+00
0.000000e+00
0.000000e+00
0.000000e+00
0.000000e+00
0.000000e+00
0.000000e+00
0.000000e+00
0.000000e+00
0.000000e+00
0.000000e+00
0.000000e+00
1.041200e-01
3.645882e-02
2.758480e-02
2.747667e-02
7.482900e-03
5.109499e-03
3.437258e-03
1.485689e-03
1.015426e-03
4.942604e-04
3.871969e-04
