1.026920e-01
0.000000e+00
4.419449e-02
0.000000e+00
0.000000e+00
2.810136e-03
0.000000e+00
5.778872e-04
0.000000e+00
0.000000e+00
0.000000e+00
0.000000e+00
1.317493e-01
0.000000e+00
1.748289e-02
4.870075e-04
0.000000e+00
1.850398e-03
0.000000e+00
0.000000e+00
0.000000e+00
0.000000e+00
6.877700e-02
0.000000e+00
4.281622e-02
1.175658e-02
2.682054e-03
5.807253e-03
0.000000e+00
3.725031e-04
0.000000e+00
0.000000e+00
0.000000e+00
9.438363e+00
1.689950e+01
9.214543e+00
5.932844e+00
2.524251e+00
9.166508e-01
2.541948e-01
5.339011e-02
0.000000e+00
0.000000e+00
0.000000e+00
6.504000e+00
1.808474e+01
3.765844e+01
1.752425e+01
7.786352e+00
2.022319e+00
2.073881e-01
4.390209e-02
0.000000e+00
0.000000e+00
0.000000e+00
2.863800e+01
7.580236e+01
3.283545e+01
1.568896e+01
6.675419e+00
2.145839e+00
1.042086e+00
1.651888e-01
0.000000e+00
0.000000e+00
0.000000e+00
0.000000e+00
0.000000e+00
0.000000e+00
0.000000e+00
0.000000e+00
0.000000e+00
0.000000e+00
0.000000e+00
0.000000e+00
0.000000e+00
0.000000e+00
0.000000e+00
0.000000e+00
0.000000e+00
0.000000e+00
0.000000e+00
0.000000e+00
0.000000e+00
0.000000e+00
0.000000e+00
0.000000e+00
0.000000e+00
1.261200e-01
3.772226e-02
5.131887e-02
2.856913e-02
1.428190e-02
5.434252e-03
9.344116e-04
7.223365e-04
0.000000e+00
0.000000e+00
0.000000e+00
