3.851300e-02
0.000000e+00
4.412879e-02
0.000000e+00
0.000000e+00
4.698420e-03
0.000000e+00
4.935862e-04
0.000000e+00
0.000000e+00
0.000000e+00
0.000000e+00
6.719017e-02
0.000000e+00
2.410904e-02
1.474516e-03
0.000000e+00
8.679354e-04
0.000000e+00
5.040538e-05
0.000000e+00
0.000000e+00
5.534700e-02
0.000000e+00
9.169064e-03
1.254726e-02
4.254237e-03
1.410931e-03
2.418706e-04
2.678541e-04
1.267572e-04
0.000000e+00
0.000000e+00
1.194311e+01
1.593556e+01
9.524794e+00
6.464463e+00
2.767110e+00
9.590540e-01
2.884897e-01
1.224064e-01
2.566968e-02
0.000000e+00
0.000000e+00
6.745000e+00
8.788593e+00
3.414663e+01
1.754263e+01
6.597715e+00
3.467362e+00
2.260004e-01
1.262530e-01
7.648277e-03
0.000000e+00
0.000000e+00
2.879760e+01
7.903954e+01
3.615193e+01
1.625053e+01
8.372054e+00
2.877918e+00
1.291937e+00
5.341919e-01
5.810056e-02
0.000000e+00
0.000000e+00
0.000000e+00
0.000000e+00
0.000000e+00
0.000000e+00
0.000000e+00
0.000000e+00
0.000000e+00
0.000000e+00
0.000000e+00
0.000000e+00
0.000000e+00
0.000000e+00
0.000000e+00
0.000000e+00
0.000000e+00
0.000000e+00
0.000000e+00
0.000000e+00
0.000000e+00
0.000000e+00
0.000000e+00
0.000000e+00
1.319700e-01
4.160703e-02
5.322090e-02
2.967289e-02
1.338569e-02
6.275408e-03
1.390997e-03
1.030813e-03
2.628730e-04
0.000000e+00
0.000000e+00
