1.360980e-01
0.000000e+00
0.000000e+00
0.000000e+00
2.117356e-02
0.000000e+00
0.000000e+00
4.469476e-03
0.000000e+00
4.023857e-04
0.000000e+00
0.000000e+00
7.056178e-02
3.097895e-02
8.117751e-03
0.000000e+00
1.303488e-03
3.039015e-03
0.000000e+00
2.445101e-03
0.000000e+00
0.000000e+00
2.318100e-02
1.076130e-01
2.744743e-04
2.720895e-02
0.000000e+00
4.643860e-03
8.258063e-05
2.983986e-05
3.076445e-04
1.992706e-06
0.000000e+00
7.813809e+00
1.825615e+01
1.368642e+01
6.882205e+00
2.370128e+00
7.899624e-01
4.919425e-01
1.585594e-01
1.240839e-01
6.272414e-03
0.000000e+00
8.771000e+00
4.914179e+01
4.427476e+01
2.402055e+01
1.974669e+01
2.386731e+00
4.619165e-01
2.252349e+00
2.067187e-02
1.075601e-02
0.000000e+00
2.376250e+01
3.067022e+01
2.410305e+01
1.435214e+01
5.639430e+00
1.488000e+00
1.262063e+00
1.036287e+00
6.159728e-01
4.119989e-02
0.000000e+00
0.000000e+00
0.000000e+00
0.000000e+00
0.000000e+00
0.000000e+00
0.000000e+00
0.000000e+00
0.000000e+00
0.000000e+00
0.000000e+00
0.000000e+00
0.000000e+00
0.000000e+00
0.000000e+00
0.000000e+00
0.000000e+00
0.000000e+00
0.000000e+00
1.442137e-04
0.000000e+00
0.000000e+00
0.000000e+00
9.014000e-02
2.830712e-02
2.218408e-02
2.391218e-02
9.591228e-03
5.971814e-04
1.450840e-03
0.000000e+00
4.201147e-04
9.758455e-05
0.000000e+00
