1.475980e-01
0.000000e+00
9.275665e-03
0.000000e+00
3.490584e-02
0.000000e+00
0.000000e+00
4.947073e-04
1.234911e-04
0.000000e+00
4.260863e-04
0.000000e+00
1.206007e-01
0.000000e+00
3.478302e-02
0.000000e+00
3.438867e-03
2.989898e-03
0.000000e+00
0.000000e+00
5.020747e-04
0.000000e+00
4.479900e-02
8.110282e-03
1.086064e-02
5.750868e-03
8.046181e-03
0.000000e+00
5.656877e-03
3.818194e-04
0.000000e+00
1.241116e-04
0.000000e+00
7.274481e+00
1.949502e+01
1.224821e+01
7.617583e+00
1.389877e+00
8.103269e-01
7.054924e-01
1.391014e-01
7.710435e-02
6.194185e-02
8.552580e-03
1.136300e+01
8.488257e+01
3.534546e+01
8.289754e+01
1.083596e+01
2.793785e+01
1.949131e+00
4.184184e-01
3.725493e-01
2.032423e-01
5.161023e-02
2.392760e+01
3.136085e+01
2.487431e+01
1.358106e+01
5.774618e+00
0.000000e+00
2.353855e+00
2.689025e-01
1.767567e-01
1.220434e-01
4.357887e-02
0.000000e+00
0.000000e+00
0.000000e+00
0.000000e+00
0.000000e+00
2.010797e-01
0.000000e+00
0.000000e+00
0.000000e+00
0.000000e+00
0.000000e+00
0.000000e+00
0.000000e+00
0.000000e+00
0.000000e+00
0.000000e+00
2.271224e-04
0.000000e+00
0.000000e+00
0.000000e+00
0.000000e+00
0.000000e+00
9.925000e-02
3.309610e-02
2.607663e-02
2.692253e-02
1.097034e-02
0.000000e+00
1.111547e-03
1.880424e-04
1.974782e-04
1.743676e-04
9.915054e-05
