1.333640e-01
0.000000e+00
1.168373e-01
0.000000e+00
0.000000e+00
4.205001e-03
0.000000e+00
0.000000e+00
2.917601e-04
0.000000e+00
0.000000e+00
0.000000e+00
2.579556e-01
0.000000e+00
1.425770e-02
6.482617e-03
0.000000e+00
1.296562e-03
7.731433e-04
0.000000e+00
0.000000e+00
0.000000e+00
9.033300e-02
0.000000e+00
2.105934e-02
0.000000e+00
1.359348e-02
0.000000e+00
4.757488e-04
7.087311e-06
6.115526e-05
0.000000e+00
0.000000e+00
7.775785e+00
1.826431e+01
6.710565e+00
3.341458e+00
2.030576e+00
2.567533e-01
1.259149e-01
5.322956e-02
2.343876e-02
0.000000e+00
0.000000e+00
1.122000e+00
6.527454e+01
5.565145e+00
2.718891e+01
3.385225e-01
3.197269e+00
9.879334e-02
2.160629e-01
1.565766e-03
0.000000e+00
0.000000e+00
3.051520e+01
8.134478e+01
3.335976e+01
1.119695e+01
2.697705e+00
2.993722e-01
8.662837e-01
2.583027e-01
6.824628e-02
0.000000e+00
0.000000e+00
0.000000e+00
0.000000e+00
0.000000e+00
0.000000e+00
0.000000e+00
0.000000e+00
0.000000e+00
0.000000e+00
0.000000e+00
0.000000e+00
0.000000e+00
0.000000e+00
0.000000e+00
0.000000e+00
0.000000e+00
0.000000e+00
0.000000e+00
0.000000e+00
0.000000e+00
0.000000e+00
0.000000e+00
0.000000e+00
1.171000e-01
3.869161e-02
6.511623e-02
6.465916e-03
1.616754e-02
5.992964e-04
5.090856e-04
1.253378e-04
2.690320e-04
0.000000e+00
0.000000e+00
