2.104830e-01
0.000000e+00
1.741687e-01
0.000000e+00
1.612818e-02
9.981189e-04
0.000000e+00
1.086221e-04
0.000000e+00
0.000000e+00
0.000000e+00
0.000000e+00
4.039213e-01
0.000000e+00
6.087655e-02
0.000000e+00
0.000000e+00
3.248181e-04
0.000000e+00
0.000000e+00
0.000000e+00
0.000000e+00
4.351900e-02
4.369237e-02
8.477398e-03
1.833209e-02
3.799963e-03
4.191211e-04
3.215021e-04
1.051392e-04
0.000000e+00
0.000000e+00
0.000000e+00
6.157012e+00
2.248353e+01
5.924415e+00
3.975816e+00
1.095244e+00
1.868935e-01
6.973286e-02
1.909156e-02
0.000000e+00
0.000000e+00
0.000000e+00
8.420000e-01
1.628573e+01
3.638902e+01
6.631163e+00
1.085227e+00
7.263738e-02
6.051591e-02
4.966653e-03
0.000000e+00
0.000000e+00
0.000000e+00
2.977790e+01
8.276499e+01
2.041135e+01
1.213569e+01
4.608457e+00
8.323036e-01
2.773961e-01
4.757174e-02
0.000000e+00
0.000000e+00
0.000000e+00
0.000000e+00
0.000000e+00
0.000000e+00
0.000000e+00
0.000000e+00
0.000000e+00
0.000000e+00
0.000000e+00
0.000000e+00
0.000000e+00
0.000000e+00
0.000000e+00
0.000000e+00
0.000000e+00
0.000000e+00
0.000000e+00
0.000000e+00
0.000000e+00
0.000000e+00
0.000000e+00
0.000000e+00
0.000000e+00
1.185400e-01
4.107764e-02
6.852709e-02
1.072407e-02
1.386202e-02
1.700974e-03
5.052139e-04
2.018278e-04
0.000000e+00
0.000000e+00
0.000000e+00
