1.375630e-01
0.000000e+00
3.845502e-02
0.000000e+00
0.000000e+00
8.902083e-03
0.000000e+00
3.696125e-03
0.000000e+00
5.890412e-04
0.000000e+00
0.000000e+00
1.437089e-01
0.000000e+00
2.800079e-02
1.523510e-03
0.000000e+00
4.909132e-03
0.000000e+00
1.366445e-03
0.000000e+00
0.000000e+00
2.480800e-02
5.373857e-02
0.000000e+00
2.653680e-02
2.196067e-03
2.207931e-03
1.280924e-03
1.464254e-04
1.840027e-04
2.712460e-05
0.000000e+00
6.691633e+00
1.851266e+01
1.140470e+01
8.116574e+00
3.633384e+00
1.254384e+00
4.827481e-01
1.799652e-01
6.262137e-02
7.719278e-03
0.000000e+00
2.260000e+00
5.850198e+01
7.357795e+01
2.323617e+01
1.335012e+01
9.787917e+00
2.895257e-01
1.450266e+00
9.095817e-02
1.564016e-02
0.000000e+00
2.318120e+01
3.164949e+01
2.505743e+01
1.485535e+01
8.358430e+00
2.457175e+00
1.387468e+00
3.488833e-01
5.235439e-01
3.820910e-02
0.000000e+00
0.000000e+00
0.000000e+00
0.000000e+00
0.000000e+00
0.000000e+00
0.000000e+00
0.000000e+00
0.000000e+00
0.000000e+00
0.000000e+00
0.000000e+00
0.000000e+00
0.000000e+00
0.000000e+00
0.000000e+00
0.000000e+00
0.000000e+00
0.000000e+00
0.000000e+00
0.000000e+00
3.637832e-05
0.000000e+00
1.055600e-01
3.761338e-02
2.803244e-02
2.521824e-02
1.403046e-02
5.529963e-03
1.398339e-03
5.628148e-04
1.602655e-04
0.000000e+00
0.000000e+00
