1.111380e-01
6.914591e-02
0.000000e+00
2.152496e-02
7.107382e-03
0.000000e+00
4.081002e-03
0.000000e+00
5.433249e-04
0.000000e+00
0.000000e+00
0.000000e+00
0.000000e+00
1.205828e-01
0.000000e+00
0.000000e+00
4.107374e-03
0.000000e+00
1.292235e-03
0.000000e+00
0.000000e+00
0.000000e+00
1.869400e-02
0.000000e+00
7.083443e-02
0.000000e+00
1.025527e-02
1.897114e-03
0.000000e+00
2.563982e-04
3.918928e-05
0.000000e+00
0.000000e+00
6.864834e+00
8.117727e+00
1.258650e+01
4.386857e+00
2.250658e+00
6.126538e-01
1.656031e-01
5.745206e-02
8.386162e-03
0.000000e+00
0.000000e+00
1.121000e+00
8.521261e+01
1.960233e+01
1.450134e+01
4.005643e+00
1.006032e+00
1.714256e+00
2.447135e-02
5.728048e-04
0.000000e+00
0.000000e+00
2.921320e+01
6.424938e+01
5.847575e+01
1.865358e+01
5.397623e+00
1.489434e+00
3.442109e-01
4.975135e-01
3.760605e-02
0.000000e+00
0.000000e+00
0.000000e+00
0.000000e+00
0.000000e+00
0.000000e+00
0.000000e+00
0.000000e+00
0.000000e+00
0.000000e+00
0.000000e+00
0.000000e+00
0.000000e+00
0.000000e+00
0.000000e+00
0.000000e+00
0.000000e+00
0.000000e+00
0.000000e+00
0.000000e+00
0.000000e+00
2.756202e-05
0.000000e+00
0.000000e+00
1.284400e-01
3.005777e-02
5.144424e-02
2.527948e-02
1.702551e-02
2.398436e-03
6.512878e-04
1.637604e-04
0.000000e+00
0.000000e+00
0.000000e+00
