6.833600e-02
0.000000e+00
1.181469e-01
0.000000e+00
0.000000e+00
1.931758e-03
0.000000e+00
0.000000e+00
0.000000e+00
0.000000e+00
0.000000e+00
0.000000e+00
2.064372e-01
0.000000e+00
2.391858e-02
1.708519e-03
0.000000e+00
4.513490e-05
0.000000e+00
0.000000e+00
0.000000e+00
0.000000e+00
2.865100e-02
1.425566e-01
0.000000e+00
2.779944e-02
1.021466e-02
0.000000e+00
1.698305e-03
0.000000e+00
0.000000e+00
0.000000e+00
0.000000e+00
1.352421e+01
1.477329e+01
6.962866e+00
2.942363e+00
9.524469e-01
1.696224e-01
1.209153e-01
0.000000e+00
0.000000e+00
0.000000e+00
0.000000e+00
2.344000e+00
3.065804e+01
2.252310e+00
7.943336e+00
3.669199e+00
7.643145e-02
9.673547e-02
0.000000e+00
0.000000e+00
0.000000e+00
0.000000e+00
3.034520e+01
8.838114e+01
3.728032e+01
6.287594e+00
1.979115e+00
1.463490e+00
2.878217e-01
0.000000e+00
0.000000e+00
0.000000e+00
0.000000e+00
0.000000e+00
0.000000e+00
0.000000e+00
0.000000e+00
0.000000e+00
0.000000e+00
0.000000e+00
0.000000e+00
0.000000e+00
0.000000e+00
0.000000e+00
0.000000e+00
0.000000e+00
0.000000e+00
0.000000e+00
0.000000e+00
0.000000e+00
0.000000e+00
0.000000e+00
0.000000e+00
0.000000e+00
0.000000e+00
1.271500e-01
4.233646e-02
7.220699e-02
2.066203e-02
4.368833e-03
1.753030e-03
1.165691e-03
0.000000e+00
0.000000e+00
0.000000e+00
0.000000e+00
