1.454480e-01
0.000000e+00
1.771915e-01
0.000000e+00
2.559096e-03
5.786216e-03
0.000000e+00
1.415723e-03
2.779445e-04
0.000000e+00
0.000000e+00
0.000000e+00
3.536209e-01
0.000000e+00
3.552650e-02
0.000000e+00
0.000000e+00
3.329673e-03
0.000000e+00
0.000000e+00
0.000000e+00
0.000000e+00
1.448500e-02
8.189025e-02
0.000000e+00
2.204125e-02
3.687778e-03
2.685856e-04
2.169611e-03
0.000000e+00
2.997304e-04
0.000000e+00
0.000000e+00
9.677941e+00
2.126343e+01
5.712567e+00
3.707978e+00
1.549259e+00
7.214362e-01
5.127661e-01
2.270485e-01
4.196257e-02
0.000000e+00
0.000000e+00
1.998000e+00
2.160438e+01
3.876618e+01
1.270721e+01
1.997677e+01
1.210412e+01
9.298878e-01
7.532618e-01
2.608755e-02
0.000000e+00
0.000000e+00
2.883870e+01
8.351943e+01
1.777555e+01
0.000000e+00
0.000000e+00
1.146773e-02
0.000000e+00
3.942763e-01
7.618017e-02
0.000000e+00
0.000000e+00
0.000000e+00
0.000000e+00
0.000000e+00
3.757897e+00
8.551906e-01
0.000000e+00
4.635843e-01
0.000000e+00
0.000000e+00
0.000000e+00
0.000000e+00
0.000000e+00
0.000000e+00
0.000000e+00
0.000000e+00
0.000000e+00
0.000000e+00
0.000000e+00
0.000000e+00
0.000000e+00
0.000000e+00
0.000000e+00
9.471000e-02
2.878748e-02
4.382322e-02
3.657782e-03
2.502110e-03
4.090424e-04
5.516677e-04
3.682215e-04
2.711402e-04
0.000000e+00
0.000000e+00
