2.025120e-01
0.000000e+00
1.721013e-01
0.000000e+00
2.059118e-02
0.000000e+00
0.000000e+00
0.000000e+00
9.741991e-04
0.000000e+00
0.000000e+00
0.000000e+00
3.746299e-01
0.000000e+00
4.601910e-02
0.000000e+00
2.913475e-03
1.280135e-03
1.828128e-03
0.000000e+00
0.000000e+00
0.000000e+00
7.249800e-02
0.000000e+00
2.781080e-02
1.896960e-02
0.000000e+00
3.953140e-03
3.979466e-03
3.922365e-04
2.322296e-06
0.000000e+00
0.000000e+00
6.470862e+00
2.118883e+01
4.841164e+00
4.206250e+00
1.251846e+00
1.245027e+00
4.902160e-01
1.409654e-01
1.572428e-02
0.000000e+00
0.000000e+00
9.265000e+00
2.307495e+01
3.853294e+01
1.657538e+01
2.843647e+00
1.083417e+01
9.918024e-01
1.392879e-01
1.013247e-02
0.000000e+00
0.000000e+00
2.927490e+01
8.493760e+01
2.053340e+01
7.068656e+00
4.410807e+00
9.097185e-01
2.892331e+00
1.269946e+00
7.117330e-02
0.000000e+00
0.000000e+00
0.000000e+00
0.000000e+00
0.000000e+00
0.000000e+00
0.000000e+00
0.000000e+00
0.000000e+00
0.000000e+00
0.000000e+00
0.000000e+00
0.000000e+00
0.000000e+00
0.000000e+00
0.000000e+00
0.000000e+00
0.000000e+00
0.000000e+00
0.000000e+00
0.000000e+00
1.115740e-06
0.000000e+00
0.000000e+00
9.119000e-02
2.475686e-02
4.569217e-02
4.297534e-03
4.270054e-03
4.465956e-05
4.051231e-04
3.690225e-04
0.000000e+00
0.000000e+00
0.000000e+00
