0.000000e+00
9.141407e-02
0.000000e+00
0.000000e+00
4.156224e-03
0.000000e+00
0.000000e+00
0.000000e+00
0.000000e+00
0.000000e+00
0.000000e+00
1.601900e-02
0.000000e+00
2.031304e-02
3.746391e-03
0.000000e+00
1.127455e-03
0.000000e+00
0.000000e+00
0.000000e+00
0.000000e+00
0.000000e+00
1.156080e-01
0.000000e+00
2.784429e-02
2.570304e-02
6.468239e-03
4.326257e-03
0.000000e+00
0.000000e+00
0.000000e+00
0.000000e+00
0.000000e+00
1.058327e+01
9.710410e+00
9.584839e+00
5.386456e+00
1.848002e+00
8.207567e-01
0.000000e+00
0.000000e+00
0.000000e+00
0.000000e+00
0.000000e+00
1.673000e+00
2.669434e+01
3.401474e+01
1.375465e+01
3.567747e+00
1.491529e+00
0.000000e+00
0.000000e+00
0.000000e+00
0.000000e+00
0.000000e+00
2.855580e+01
7.766108e+01
3.207459e+01
1.208106e+01
4.666751e+00
1.984038e+00
0.000000e+00
0.000000e+00
0.000000e+00
0.000000e+00
0.000000e+00
0.000000e+00
0.000000e+00
0.000000e+00
0.000000e+00
0.000000e+00
0.000000e+00
0.000000e+00
0.000000e+00
0.000000e+00
0.000000e+00
0.000000e+00
0.000000e+00
0.000000e+00
0.000000e+00
0.000000e+00
0.000000e+00
0.000000e+00
0.000000e+00
0.000000e+00
0.000000e+00
0.000000e+00
0.000000e+00
1.220900e-01
3.305380e-02
4.438846e-02
2.730699e-02
7.950654e-03
2.875767e-03
0.000000e+00
0.000000e+00
0.000000e+00
0.000000e+00
0.000000e+00
