0.000000e+00
4.863118e-02
8.929347e-03
0.000000e+00
1.452819e-02
0.000000e+00
0.000000e+00
5.317936e-04
1.622094e-05
0.000000e+00
0.000000e+00
3.582000e-02
0.000000e+00
0.000000e+00
1.755155e-02
0.000000e+00
6.102010e-03
1.805987e-04
0.000000e+00
0.000000e+00
2.436136e-05
0.000000e+00
5.609200e-02
0.000000e+00
0.000000e+00
2.727875e-02
0.000000e+00
1.802827e-03
0.000000e+00
2.179801e-04
7.791547e-05
3.440043e-05
0.000000e+00
1.380058e+01
1.028034e+01
1.095171e+01
5.108492e+00
4.367792e-01
4.062899e-01
2.239300e-01
7.526826e-02
3.554033e-02
1.205102e-02
0.000000e+00
5.295000e+00
1.072362e+01
8.579058e+00
3.258945e+00
1.196253e+00
6.622727e-01
7.639537e-02
5.745193e-02
3.417545e-02
2.385367e-03
0.000000e+00
3.010290e+01
8.269309e+01
4.830153e+01
2.198394e+01
1.985703e+00
3.810009e+00
7.666575e-01
4.457389e-01
1.557485e-01
2.510430e-02
0.000000e+00
0.000000e+00
0.000000e+00
0.000000e+00
0.000000e+00
0.000000e+00
0.000000e+00
0.000000e+00
0.000000e+00
0.000000e+00
0.000000e+00
0.000000e+00
0.000000e+00
0.000000e+00
0.000000e+00
0.000000e+00
0.000000e+00
0.000000e+00
0.000000e+00
0.000000e+00
0.000000e+00
0.000000e+00
0.000000e+00
1.281100e-01
4.244592e-02
4.693321e-02
4.807978e-02
6.701909e-04
1.887842e-03
3.023940e-04
8.412462e-04
2.745316e-04
1.082345e-04
0.000000e+00
