1.979700e-02
0.000000e+00
4.600011e-03
9.780507e-03
1.646293e-03
0.000000e+00
7.077608e-04
0.000000e+00
0.000000e+00
0.000000e+00
0.000000e+00
0.000000e+00
1.299657e-02
0.000000e+00
0.000000e+00
0.000000e+00
7.952874e-03
0.000000e+00
0.000000e+00
0.000000e+00
0.000000e+00
0.000000e+00
8.212000e-02
0.000000e+00
2.280150e-02
4.351533e-03
1.163609e-02
2.228263e-03
3.272832e-04
0.000000e+00
0.000000e+00
0.000000e+00
0.000000e+00
1.194311e+01
1.481846e+01
9.964655e+00
5.004385e+00
1.539057e+00
6.749073e-01
8.557493e-02
0.000000e+00
0.000000e+00
0.000000e+00
0.000000e+00
1.293000e+00
4.172850e+01
1.098579e+01
1.135447e+01
3.992866e+00
1.458444e-01
6.314139e-02
0.000000e+00
0.000000e+00
0.000000e+00
0.000000e+00
2.938190e+01
8.132100e+01
4.471373e+01
1.395820e+01
0.000000e+00
0.000000e+00
2.191826e-01
0.000000e+00
0.000000e+00
0.000000e+00
0.000000e+00
0.000000e+00
0.000000e+00
0.000000e+00
0.000000e+00
4.380891e+00
1.875607e+00
0.000000e+00
0.000000e+00
0.000000e+00
0.000000e+00
0.000000e+00
0.000000e+00
0.000000e+00
0.000000e+00
0.000000e+00
0.000000e+00
0.000000e+00
0.000000e+00
0.000000e+00
0.000000e+00
0.000000e+00
0.000000e+00
1.086400e-01
2.828741e-02
3.966036e-02
2.306930e-02
5.569408e-03
2.589351e-03
6.874587e-04
0.000000e+00
0.000000e+00
0.000000e+00
0.000000e+00
