4.481800e-02
0.000000e+00
3.954418e-02
0.000000e+00
5.228927e-03
6.573886e-04
0.000000e+00
0.000000e+00
0.000000e+00
0.000000e+00
0.000000e+00
0.000000e+00
8.746363e-03
0.000000e+00
2.455506e-02
0.000000e+00
0.000000e+00
0.000000e+00
0.000000e+00
0.000000e+00
0.000000e+00
0.000000e+00
1.221000e-03
9.013553e-02
0.000000e+00
5.320737e-02
1.025087e-03
1.027680e-04
0.000000e+00
0.000000e+00
0.000000e+00
0.000000e+00
0.000000e+00
1.049030e+01
1.218816e+01
9.101226e+00
5.593783e+00
9.613218e-01
1.864298e-01
0.000000e+00
0.000000e+00
0.000000e+00
0.000000e+00
0.000000e+00
9.150000e-01
1.442927e+02
3.292981e+00
1.512292e+01
9.799816e-01
2.784723e-02
0.000000e+00
0.000000e+00
0.000000e+00
0.000000e+00
0.000000e+00
3.046310e+01
7.893627e+01
4.622187e+01
1.529422e+01
3.726835e+00
4.561780e-01
0.000000e+00
0.000000e+00
0.000000e+00
0.000000e+00
0.000000e+00
0.000000e+00
0.000000e+00
0.000000e+00
0.000000e+00
0.000000e+00
0.000000e+00
0.000000e+00
0.000000e+00
0.000000e+00
0.000000e+00
0.000000e+00
0.000000e+00
0.000000e+00
0.000000e+00
0.000000e+00
0.000000e+00
0.000000e+00
0.000000e+00
0.000000e+00
0.000000e+00
0.000000e+00
0.000000e+00
1.353600e-01
4.490727e-02
5.266006e-02
3.377600e-02
9.499493e-03
1.932836e-03
0.000000e+00
0.000000e+00
0.000000e+00
0.000000e+00
0.000000e+00
