1.670170e-01
0.000000e+00
1.733560e-01
0.000000e+00
2.093589e-02
0.000000e+00
0.000000e+00
2.216542e-03
0.000000e+00
0.000000e+00
0.000000e+00
0.000000e+00
2.458152e-01
0.000000e+00
1.023478e-01
0.000000e+00
3.469156e-03
1.059899e-03
0.000000e+00
0.000000e+00
0.000000e+00
0.000000e+00
1.001700e-01
2.601944e-02
0.000000e+00
4.478368e-02
3.360076e-03
0.000000e+00
2.646085e-03
1.367525e-04
0.000000e+00
0.000000e+00
0.000000e+00
6.173272e+00
1.602186e+01
1.035102e+01
8.629860e+00
2.891416e+00
1.971576e+00
8.354707e-01
8.753452e-02
0.000000e+00
0.000000e+00
0.000000e+00
1.030000e+00
4.713296e+01
5.108215e+01
4.026698e+01
2.062474e+01
6.549705e+00
2.403181e+00
7.835405e-02
0.000000e+00
0.000000e+00
0.000000e+00
2.446740e+01
4.179449e+01
1.016147e+01
5.759436e+00
7.132339e+00
3.592834e+00
2.600527e+00
2.753504e-01
0.000000e+00
0.000000e+00
0.000000e+00
0.000000e+00
0.000000e+00
0.000000e+00
0.000000e+00
0.000000e+00
0.000000e+00
0.000000e+00
0.000000e+00
0.000000e+00
0.000000e+00
0.000000e+00
0.000000e+00
0.000000e+00
1.315670e-03
0.000000e+00
0.000000e+00
0.000000e+00
0.000000e+00
0.000000e+00
0.000000e+00
0.000000e+00
0.000000e+00
8.905000e-02
3.512297e-02
0.000000e+00
2.030314e-02
4.760343e-03
5.019000e-03
2.721212e-03
6.315651e-04
0.000000e+00
0.000000e+00
0.000000e+00
