3.351910e-01
0.000000e+00
1.286795e-02
3.401520e-02
0.000000e+00
1.827902e-02
0.000000e+00
0.000000e+00
7.632345e-04
0.000000e+00
1.678519e-04
0.000000e+00
2.457245e-01
0.000000e+00
0.000000e+00
3.035000e-02
0.000000e+00
4.450675e-03
5.775890e-04
0.000000e+00
5.724753e-04
0.000000e+00
3.592700e-02
2.957511e-02
2.018642e-02
3.622024e-03
7.330820e-03
0.000000e+00
1.736188e-03
2.503077e-03
0.000000e+00
1.793740e-04
0.000000e+00
9.118085e+00
1.735058e+01
9.435348e+00
5.072597e+00
3.639029e+00
1.617264e+00
7.461200e-01
2.511490e-01
7.540541e-02
6.788742e-02
9.239387e-03
1.419000e+00
1.012469e+01
4.868590e+01
1.435391e+02
2.003836e+01
4.543522e+01
2.694080e+00
3.113158e-01
3.805362e+00
1.303826e-01
8.822297e-02
2.251470e+01
1.260783e+02
1.029394e+01
1.211824e+01
3.811608e+00
2.091810e+00
0.000000e+00
0.000000e+00
3.333863e-02
2.405078e-01
1.496872e-02
0.000000e+00
0.000000e+00
0.000000e+00
0.000000e+00
0.000000e+00
0.000000e+00
1.695690e+00
8.915241e-01
0.000000e+00
0.000000e+00
0.000000e+00
2.683000e-02
0.000000e+00
0.000000e+00
0.000000e+00
0.000000e+00
0.000000e+00
0.000000e+00
0.000000e+00
2.704330e-05
0.000000e+00
0.000000e+00
0.000000e+00
3.845472e-02
1.119783e-03
1.018598e-02
8.703617e-03
3.410522e-03
1.571068e-03
4.489316e-04
0.000000e+00
6.400153e-05
1.317292e-05
