1.931060e-01
0.000000e+00
3.320002e-02
0.000000e+00
0.000000e+00
8.637863e-03
0.000000e+00
1.047405e-04
1.430710e-04
0.000000e+00
8.643805e-05
0.000000e+00
1.853458e-01
0.000000e+00
3.435109e-03
1.897031e-02
0.000000e+00
3.092934e-04
0.000000e+00
0.000000e+00
2.508733e-04
0.000000e+00
0.000000e+00
5.463686e-02
2.655360e-02
0.000000e+00
5.281264e-03
4.702407e-03
0.000000e+00
1.950506e-04
3.360976e-04
8.806473e-05
0.000000e+00
5.948227e+00
1.895296e+01
1.126408e+01
7.351561e+00
5.202193e+00
1.339996e+00
3.210785e-01
2.149787e-01
9.119917e-02
4.330060e-02
3.854326e-03
4.291000e+00
2.772519e+01
8.515337e+01
3.785722e+01
8.396526e+00
3.095790e+00
6.443172e-01
5.167438e-01
4.143704e-01
1.139388e-01
3.278846e-03
2.480200e+01
3.151674e+01
2.258569e+01
2.033208e+01
1.187798e+01
3.053091e+00
1.241418e+00
6.596603e-01
1.895509e-01
8.013766e-02
1.323543e-02
0.000000e+00
0.000000e+00
0.000000e+00
0.000000e+00
0.000000e+00
0.000000e+00
0.000000e+00
0.000000e+00
0.000000e+00
0.000000e+00
0.000000e+00
0.000000e+00
0.000000e+00
0.000000e+00
0.000000e+00
0.000000e+00
0.000000e+00
0.000000e+00
0.000000e+00
0.000000e+00
0.000000e+00
0.000000e+00
1.150100e-01
4.284472e-02
3.016472e-02
2.101658e-02
2.167600e-02
9.096732e-03
9.649070e-04
1.219051e-03
4.657362e-04
1.229284e-04
6.097562e-05
