7.585300e-02
0.000000e+00
1.579814e-02
0.000000e+00
0.000000e+00
4.726035e-03
0.000000e+00
0.000000e+00
0.000000e+00
0.000000e+00
0.000000e+00
0.000000e+00
5.835136e-02
0.000000e+00
4.480513e-03
5.018285e-04
0.000000e+00
1.592717e-03
0.000000e+00
0.000000e+00
0.000000e+00
0.000000e+00
3.884700e-02
0.000000e+00
2.276946e-03
3.039394e-02
0.000000e+00
5.010593e-03
2.049974e-03
0.000000e+00
0.000000e+00
0.000000e+00
0.000000e+00
9.245312e+00
1.601086e+01
9.208565e+00
6.057143e+00
1.903906e+00
7.330230e-01
2.179584e-01
0.000000e+00
0.000000e+00
0.000000e+00
0.000000e+00
1.367500e+01
6.553913e+01
8.709102e+01
1.164950e+01
3.966910e+00
6.581005e+00
2.251759e-01
0.000000e+00
0.000000e+00
0.000000e+00
0.000000e+00
2.875580e+01
7.752387e+01
3.557479e+01
1.215751e+01
2.784794e+00
7.014836e-01
0.000000e+00
0.000000e+00
0.000000e+00
0.000000e+00
0.000000e+00
0.000000e+00
0.000000e+00
0.000000e+00
0.000000e+00
0.000000e+00
0.000000e+00
1.439706e+00
0.000000e+00
0.000000e+00
0.000000e+00
0.000000e+00
0.000000e+00
0.000000e+00
0.000000e+00
0.000000e+00
0.000000e+00
0.000000e+00
0.000000e+00
0.000000e+00
0.000000e+00
0.000000e+00
0.000000e+00
1.085300e-01
2.907986e-02
4.010685e-02
2.696773e-02
5.304850e-03
5.228874e-04
1.127187e-03
0.000000e+00
0.000000e+00
0.000000e+00
0.000000e+00
