4.300000e-03
1.248198e-01
0.000000e+00
3.381370e-02
0.000000e+00
3.154170e-03
0.000000e+00
8.391326e-05
0.000000e+00
0.000000e+00
0.000000e+00
0.000000e+00
0.000000e+00
9.876444e-02
0.000000e+00
1.098444e-02
0.000000e+00
4.763326e-04
0.000000e+00
0.000000e+00
0.000000e+00
0.000000e+00
1.848900e-01
0.000000e+00
2.176829e-01
0.000000e+00
3.073286e-02
0.000000e+00
1.153271e-03
0.000000e+00
0.000000e+00
0.000000e+00
0.000000e+00
8.763957e+00
1.213204e+01
1.146405e+01
4.340202e+00
2.306015e+00
5.617258e-01
1.718731e-01
4.360267e-02
0.000000e+00
0.000000e+00
0.000000e+00
4.692000e+00
4.754059e+00
3.091446e+01
3.136335e+00
1.802599e+00
4.055848e-01
1.384568e-01
1.797902e-02
0.000000e+00
0.000000e+00
0.000000e+00
2.899840e+01
6.612984e+01
5.970114e+01
2.259370e+01
8.795533e+00
2.523361e+00
7.454711e-01
1.067888e-01
0.000000e+00
0.000000e+00
0.000000e+00
0.000000e+00
0.000000e+00
0.000000e+00
0.000000e+00
0.000000e+00
0.000000e+00
0.000000e+00
0.000000e+00
0.000000e+00
0.000000e+00
0.000000e+00
0.000000e+00
0.000000e+00
0.000000e+00
0.000000e+00
0.000000e+00
0.000000e+00
0.000000e+00
0.000000e+00
0.000000e+00
0.000000e+00
0.000000e+00
1.321800e-01
3.360859e-02
5.581704e-02
2.798787e-02
1.896190e-02
5.543017e-03
1.280013e-03
5.227210e-04
0.000000e+00
0.000000e+00
0.000000e+00
