1.634700e-02
0.000000e+00
3.713204e-02
0.000000e+00
1.153187e-02
0.000000e+00
1.171484e-03
0.000000e+00
0.000000e+00
0.000000e+00
0.000000e+00
0.000000e+00
6.524420e-02
0.000000e+00
2.357572e-02
0.000000e+00
3.337379e-03
0.000000e+00
7.247032e-05
0.000000e+00
0.000000e+00
0.000000e+00
2.708000e-03
1.193299e-01
0.000000e+00
4.659816e-02
0.000000e+00
8.408132e-03
0.000000e+00
7.107034e-04
0.000000e+00
0.000000e+00
0.000000e+00
1.242965e+01
1.428531e+01
9.965979e+00
5.304485e+00
1.823868e+00
5.947098e-01
1.543270e-01
4.010640e-02
0.000000e+00
0.000000e+00
0.000000e+00
4.192000e+00
1.383050e+01
9.478212e+00
3.969331e+00
1.269659e+00
9.798549e-01
5.394662e-02
2.888996e-02
0.000000e+00
0.000000e+00
0.000000e+00
2.983340e+01
7.481855e+01
4.865033e+01
2.261684e+01
8.000667e+00
2.566460e+00
7.143789e-01
1.086321e-01
0.000000e+00
0.000000e+00
0.000000e+00
0.000000e+00
0.000000e+00
0.000000e+00
0.000000e+00
0.000000e+00
0.000000e+00
0.000000e+00
0.000000e+00
0.000000e+00
0.000000e+00
0.000000e+00
0.000000e+00
0.000000e+00
0.000000e+00
0.000000e+00
0.000000e+00
0.000000e+00
0.000000e+00
0.000000e+00
0.000000e+00
0.000000e+00
0.000000e+00
1.482700e-01
4.828863e-02
5.815208e-02
3.770250e-02
1.735536e-02
4.996443e-03
1.048310e-03
5.004856e-04
0.000000e+00
0.000000e+00
0.000000e+00
