7.202900e-02
0.000000e+00
6.689905e-02
0.000000e+00
5.626348e-03
0.000000e+00
1.286674e-03
0.000000e+00
0.000000e+00
3.342592e-05
3.046518e-05
0.000000e+00
1.327536e-01
0.000000e+00
1.453578e-02
0.000000e+00
5.663060e-03
0.000000e+00
4.756481e-04
1.280682e-05
0.000000e+00
0.000000e+00
0.000000e+00
5.697644e-02
4.278969e-03
0.000000e+00
1.028106e-03
4.685233e-03
0.000000e+00
5.839008e-04
0.000000e+00
1.673785e-04
0.000000e+00
1.055998e+01
1.474249e+01
7.387706e+00
3.357734e+00
6.151475e-01
7.373591e-01
1.595200e-01
7.174090e-02
5.123989e-02
1.997148e-02
2.398735e-03
2.076000e+00
1.106251e+01
1.143269e+01
3.929613e+00
1.953165e+00
5.178166e-01
1.113139e+00
2.256184e-01
1.143021e-01
4.611710e-02
1.798572e-03
3.086550e+01
9.235314e+01
3.790665e+01
1.000654e+01
4.339092e+00
2.548027e+00
4.594959e-01
1.440564e-01
9.888525e-02
4.568039e-02
5.937635e-03
0.000000e+00
0.000000e+00
0.000000e+00
0.000000e+00
0.000000e+00
0.000000e+00
0.000000e+00
0.000000e+00
0.000000e+00
0.000000e+00
0.000000e+00
0.000000e+00
0.000000e+00
0.000000e+00
0.000000e+00
0.000000e+00
0.000000e+00
0.000000e+00
0.000000e+00
0.000000e+00
0.000000e+00
0.000000e+00
1.255500e-01
4.336072e-02
7.093928e-02
2.028546e-02
2.937762e-03
3.912210e-03
1.340193e-03
1.888394e-04
1.987626e-04
9.285107e-05
2.605493e-05
