0.000000e+00
1.773733e-01
0.000000e+00
2.313337e-02
0.000000e+00
1.499746e-02
0.000000e+00
2.142307e-03
0.000000e+00
0.000000e+00
0.000000e+00
5.802500e-02
0.000000e+00
6.825325e-02
0.000000e+00
3.444944e-02
0.000000e+00
4.570114e-03
0.000000e+00
2.295058e-04
0.000000e+00
0.000000e+00
8.903500e-02
0.000000e+00
1.708105e-02
1.517276e-02
7.338401e-03
8.693716e-04
0.000000e+00
0.000000e+00
3.380851e-04
0.000000e+00
0.000000e+00
1.295589e+01
5.932521e+00
1.164636e+01
5.247766e+00
3.459692e+00
1.259461e+00
4.879683e-01
1.243511e-01
4.704040e-02
0.000000e+00
0.000000e+00
4.457000e+00
5.846111e+00
1.221715e+01
3.565936e+01
1.520965e+01
6.614046e+00
9.387770e-01
9.451717e-02
1.444819e-02
0.000000e+00
0.000000e+00
2.889730e+01
7.623694e+01
3.362200e+01
1.112494e+01
8.032403e+00
3.396352e+00
1.743902e+00
8.109170e-01
9.816528e-02
0.000000e+00
0.000000e+00
0.000000e+00
0.000000e+00
0.000000e+00
0.000000e+00
0.000000e+00
0.000000e+00
0.000000e+00
0.000000e+00
0.000000e+00
0.000000e+00
0.000000e+00
0.000000e+00
0.000000e+00
0.000000e+00
0.000000e+00
0.000000e+00
0.000000e+00
0.000000e+00
0.000000e+00
0.000000e+00
0.000000e+00
0.000000e+00
1.285100e-01
3.775796e-02
5.005306e-02
2.705059e-02
1.014488e-02
9.244438e-03
1.368387e-03
1.260424e-03
4.378659e-04
0.000000e+00
0.000000e+00
