1.040870e-01
7.645181e-03
0.000000e+00
2.066023e-02
1.822452e-02
0.000000e+00
1.376470e-02
0.000000e+00
2.334137e-03
1.695075e-04
0.000000e+00
0.000000e+00
0.000000e+00
1.026721e-01
0.000000e+00
0.000000e+00
1.798937e-02
0.000000e+00
7.252202e-03
0.000000e+00
0.000000e+00
0.000000e+00
3.331200e-02
4.943060e-02
3.049915e-02
8.029279e-03
0.000000e+00
5.431705e-03
0.000000e+00
7.342399e-04
6.617128e-04
6.349801e-05
0.000000e+00
9.546766e+00
1.656065e+01
1.453678e+01
6.361847e+00
2.619060e+00
1.611352e+00
3.287402e-01
5.055713e-01
1.777406e-01
1.632595e-02
0.000000e+00
8.347000e+00
5.664392e+01
2.539146e+01
3.828946e+01
1.208659e+01
2.243511e+00
6.441114e+00
6.213663e-01
5.053276e-01
1.271321e-02
0.000000e+00
2.358280e+01
3.359759e+01
2.473039e+01
1.378330e+01
6.013984e+00
2.790489e+00
1.434800e+00
1.070663e+00
4.843409e-01
4.476148e-02
0.000000e+00
0.000000e+00
0.000000e+00
0.000000e+00
0.000000e+00
0.000000e+00
0.000000e+00
0.000000e+00
0.000000e+00
0.000000e+00
0.000000e+00
0.000000e+00
0.000000e+00
0.000000e+00
0.000000e+00
0.000000e+00
0.000000e+00
0.000000e+00
0.000000e+00
0.000000e+00
0.000000e+00
0.000000e+00
0.000000e+00
1.061900e-01
3.865938e-02
2.954635e-02
3.010431e-02
1.009522e-02
3.894628e-03
2.590782e-03
1.109311e-03
1.237277e-03
2.008532e-04
0.000000e+00
