1.428190e-01
0.000000e+00
1.403451e-01
0.000000e+00
2.559499e-03
3.759434e-03
0.000000e+00
0.000000e+00
0.000000e+00
0.000000e+00
0.000000e+00
0.000000e+00
2.684850e-01
0.000000e+00
3.969677e-02
0.000000e+00
0.000000e+00
0.000000e+00
0.000000e+00
0.000000e+00
0.000000e+00
0.000000e+00
2.844800e-02
1.167601e-04
0.000000e+00
1.309056e-02
1.833191e-02
1.627760e-04
0.000000e+00
0.000000e+00
0.000000e+00
0.000000e+00
0.000000e+00
1.250766e+01
1.554918e+01
7.625162e+00
3.363595e+00
2.263382e+00
4.775067e-02
0.000000e+00
0.000000e+00
0.000000e+00
0.000000e+00
0.000000e+00
6.320000e-01
5.127403e+01
1.908458e+00
1.566573e+01
2.721140e+00
1.478540e-01
0.000000e+00
0.000000e+00
0.000000e+00
0.000000e+00
0.000000e+00
3.016990e+01
8.086655e+01
3.583547e+01
1.493808e+01
6.498289e+00
3.790107e-01
0.000000e+00
0.000000e+00
0.000000e+00
0.000000e+00
0.000000e+00
0.000000e+00
0.000000e+00
0.000000e+00
0.000000e+00
0.000000e+00
0.000000e+00
0.000000e+00
0.000000e+00
0.000000e+00
0.000000e+00
0.000000e+00
0.000000e+00
0.000000e+00
0.000000e+00
0.000000e+00
0.000000e+00
0.000000e+00
0.000000e+00
0.000000e+00
0.000000e+00
0.000000e+00
0.000000e+00
1.216100e-01
4.039209e-02
6.401694e-02
9.008979e-03
1.471917e-02
6.353012e-04
0.000000e+00
0.000000e+00
0.000000e+00
0.000000e+00
0.000000e+00
