1.170300e-02
0.000000e+00
0.000000e+00
0.000000e+00
7.745251e-03
0.000000e+00
8.365529e-04
0.000000e+00
6.239149e-05
1.738966e-05
0.000000e+00
0.000000e+00
1.452103e-03
2.043761e-03
8.643674e-03
0.000000e+00
1.622698e-03
0.000000e+00
3.927067e-04
0.000000e+00
0.000000e+00
4.079064e-05
1.216800e-02
1.484993e-02
0.000000e+00
4.180617e-03
0.000000e+00
1.955219e-04
0.000000e+00
1.571964e-04
2.437167e-05
1.465715e-06
4.802500e-05
1.382842e+01
1.045798e+01
1.162945e+01
2.792485e+00
6.083958e-01
2.289674e-01
4.635983e-02
5.004991e-02
2.632755e-02
1.380412e-02
3.635776e-03
1.736000e+00
3.929968e+01
4.055464e+00
1.510424e+00
1.190734e+00
1.645437e-01
6.024368e-01
1.471803e-01
6.336057e-02
6.204856e-02
1.918850e-03
3.019170e+01
8.850440e+01
3.766592e+01
1.012896e+01
2.472004e+00
1.141035e+00
7.646197e-02
1.048906e-01
5.416889e-02
2.392208e-02
7.838627e-03
0.000000e+00
0.000000e+00
0.000000e+00
0.000000e+00
0.000000e+00
0.000000e+00
0.000000e+00
0.000000e+00
0.000000e+00
0.000000e+00
0.000000e+00
0.000000e+00
0.000000e+00
0.000000e+00
0.000000e+00
0.000000e+00
0.000000e+00
0.000000e+00
0.000000e+00
0.000000e+00
0.000000e+00
0.000000e+00
1.210200e-01
3.930271e-02
6.775709e-02
1.924943e-02
4.566445e-03
1.476740e-03
5.799234e-05
1.003315e-04
1.023813e-04
2.431786e-05
2.320258e-05
