0.000000e+00
1.252020e-02
0.000000e+00
0.000000e+00
6.800196e-03
0.000000e+00
5.628473e-04
0.000000e+00
4.254882e-05
1.076525e-05
0.000000e+00
2.048400e-02
0.000000e+00
1.590124e-02
8.754345e-04
0.000000e+00
2.697710e-03
0.000000e+00
1.053038e-04
0.000000e+00
0.000000e+00
1.062495e-06
1.264990e-01
0.000000e+00
8.822657e-02
1.051111e-02
0.000000e+00
8.352360e-03
0.000000e+00
7.501328e-04
5.657842e-06
0.000000e+00
1.618643e-05
1.587183e+01
1.084939e+01
1.148056e+01
2.663585e+00
4.036323e-01
3.468715e-01
3.183467e-02
5.027989e-02
1.373188e-02
4.373602e-03
1.951348e-03
2.826000e+00
2.260905e+01
6.089499e+00
1.934795e+00
7.260151e-01
1.067045e+00
1.252815e-01
3.127986e-02
1.096403e-02
4.699527e-03
3.503465e-04
3.063710e+01
8.816694e+01
3.752260e+01
1.054932e+01
2.950475e+00
1.755098e+00
3.808091e-01
1.916019e-01
6.142348e-02
2.259992e-02
4.004615e-03
0.000000e+00
0.000000e+00
0.000000e+00
0.000000e+00
0.000000e+00
0.000000e+00
0.000000e+00
0.000000e+00
0.000000e+00
0.000000e+00
0.000000e+00
0.000000e+00
0.000000e+00
0.000000e+00
0.000000e+00
0.000000e+00
0.000000e+00
0.000000e+00
0.000000e+00
0.000000e+00
0.000000e+00
0.000000e+00
1.291500e-01
4.494179e-02
7.309475e-02
2.165028e-02
5.997958e-03
1.578032e-03
2.316905e-04
3.446341e-04
1.214484e-04
3.918002e-05
1.694857e-05
