4.898340e-01
0.000000e+00
2.039777e-01
0.000000e+00
3.976106e-02
4.650255e-03
0.000000e+00
4.158133e-03
1.149376e-04
0.000000e+00
0.000000e+00
0.000000e+00
4.660320e-01
0.000000e+00
1.436072e-01
0.000000e+00
0.000000e+00
7.955677e-03
0.000000e+00
0.000000e+00
0.000000e+00
0.000000e+00
7.515000e-03
7.396216e-02
0.000000e+00
7.451649e-02
0.000000e+00
8.087944e-03
5.740533e-03
0.000000e+00
7.437983e-04
0.000000e+00
0.000000e+00
3.682859e+00
1.619665e+01
5.440772e+00
7.394916e+00
2.304976e+00
1.189313e+00
6.905007e-01
1.991954e-01
4.125472e-02
0.000000e+00
0.000000e+00
2.920000e-01
4.340579e+00
1.082761e+01
6.843641e+00
4.569064e+00
1.939922e+00
5.297183e-01
4.287652e-01
3.868597e-04
0.000000e+00
0.000000e+00
2.835240e+01
1.642848e+02
1.351732e+01
1.565914e+01
5.255553e+00
0.000000e+00
0.000000e+00
6.288185e-01
9.093783e-02
0.000000e+00
0.000000e+00
0.000000e+00
0.000000e+00
0.000000e+00
0.000000e+00
0.000000e+00
8.673602e-02
1.037438e+00
0.000000e+00
0.000000e+00
0.000000e+00
0.000000e+00
4.312000e-02
0.000000e+00
1.288989e-02
0.000000e+00
0.000000e+00
0.000000e+00
0.000000e+00
0.000000e+00
0.000000e+00
0.000000e+00
0.000000e+00
0.000000e+00
1.564914e-02
0.000000e+00
3.864850e-03
5.991825e-03
1.239384e-03
4.386882e-05
2.994253e-04
3.638899e-04
0.000000e+00
0.000000e+00
