1.231360e-01
0.000000e+00
1.677970e-01
0.000000e+00
2.598599e-02
0.000000e+00
2.030618e-04
0.000000e+00
1.085829e-04
0.000000e+00
0.000000e+00
0.000000e+00
2.652453e-01
0.000000e+00
7.543534e-02
0.000000e+00
1.947769e-03
0.000000e+00
6.320705e-05
0.000000e+00
0.000000e+00
0.000000e+00
2.155200e-02
0.000000e+00
2.282367e-02
0.000000e+00
4.871442e-03
1.318976e-03
0.000000e+00
5.133969e-04
2.081590e-06
0.000000e+00
0.000000e+00
1.012386e+01
1.611609e+01
6.090263e+00
3.989996e+00
1.304728e+00
2.523608e-01
1.419546e-01
5.905177e-02
4.659423e-03
0.000000e+00
0.000000e+00
3.630000e-01
3.197799e+01
8.923519e-01
5.328235e+00
3.818941e-01
3.861174e-01
1.238546e-01
5.741972e-02
8.455599e-05
0.000000e+00
0.000000e+00
3.140090e+01
8.782935e+01
3.798756e+01
1.751477e+01
4.752759e+00
5.364318e-01
3.259961e-01
1.440696e-01
1.709399e-02
0.000000e+00
0.000000e+00
0.000000e+00
0.000000e+00
0.000000e+00
0.000000e+00
0.000000e+00
0.000000e+00
0.000000e+00
0.000000e+00
0.000000e+00
0.000000e+00
0.000000e+00
0.000000e+00
0.000000e+00
0.000000e+00
0.000000e+00
0.000000e+00
0.000000e+00
0.000000e+00
0.000000e+00
0.000000e+00
0.000000e+00
0.000000e+00
1.321500e-01
2.739292e-02
6.669722e-02
5.380607e-03
1.752324e-02
3.125939e-04
5.077597e-04
2.205878e-04
7.462238e-05
0.000000e+00
0.000000e+00
