0.000000e+00
1.555942e-01
0.000000e+00
1.893226e-02
4.391194e-03
0.000000e+00
1.320538e-03
0.000000e+00
8.597645e-05
0.000000e+00
9.995217e-06
5.334400e-02
0.000000e+00
8.992344e-02
0.000000e+00
0.000000e+00
2.024155e-03
0.000000e+00
5.933541e-04
0.000000e+00
3.196657e-05
0.000000e+00
5.624000e-03
7.422105e-03
4.474831e-03
0.000000e+00
2.991621e-03
9.868506e-05
1.240711e-04
3.528697e-04
3.189921e-06
0.000000e+00
4.469548e-06
1.120101e+01
9.501529e+00
1.111906e+01
4.134560e+00
5.568670e-01
2.013535e-01
3.444375e-02
2.300228e-02
3.279630e-03
2.729987e-03
7.036697e-04
4.840000e-01
1.503940e+01
1.126473e+01
1.400283e+00
3.911786e-01
7.131061e-02
3.737647e-02
8.681667e-03
4.969193e-03
1.892363e-03
2.552193e-05
3.117830e+01
8.750400e+01
5.477558e+01
1.630299e+01
2.803731e+00
7.737981e-01
1.200771e-01
4.692374e-02
2.062476e-02
1.314367e-02
2.333817e-03
0.000000e+00
0.000000e+00
0.000000e+00
0.000000e+00
0.000000e+00
0.000000e+00
0.000000e+00
0.000000e+00
0.000000e+00
0.000000e+00
0.000000e+00
0.000000e+00
0.000000e+00
0.000000e+00
0.000000e+00
0.000000e+00
0.000000e+00
0.000000e+00
0.000000e+00
5.621199e-07
0.000000e+00
0.000000e+00
1.348500e-01
2.346480e-02
4.383198e-02
4.428322e-02
4.903636e-03
1.340001e-03
1.808267e-04
7.295340e-05
0.000000e+00
1.701163e-05
8.412173e-06
