7.115300e-02
0.000000e+00
4.128689e-02
8.981302e-04
0.000000e+00
1.688285e-03
0.000000e+00
6.266036e-05
0.000000e+00
0.000000e+00
0.000000e+00
0.000000e+00
1.305117e-01
0.000000e+00
0.000000e+00
3.043832e-03
0.000000e+00
3.035625e-04
0.000000e+00
0.000000e+00
0.000000e+00
0.000000e+00
2.014800e-02
0.000000e+00
1.190576e-02
0.000000e+00
1.698365e-03
0.000000e+00
2.703720e-04
4.351944e-04
0.000000e+00
0.000000e+00
0.000000e+00
9.988677e+00
1.451897e+01
8.925934e+00
2.197138e+00
7.506924e-01
1.307441e-01
8.630404e-02
2.851526e-02
0.000000e+00
0.000000e+00
0.000000e+00
3.020000e-01
2.352107e+01
3.981686e+00
1.462441e+00
3.346028e-01
1.317011e-01
4.489574e-02
8.646888e-02
0.000000e+00
0.000000e+00
0.000000e+00
3.123700e+01
9.286837e+01
3.924820e+01
1.064337e+01
2.940177e+00
1.441503e+00
2.509799e-01
1.357723e+00
0.000000e+00
0.000000e+00
0.000000e+00
0.000000e+00
0.000000e+00
0.000000e+00
0.000000e+00
0.000000e+00
0.000000e+00
0.000000e+00
0.000000e+00
0.000000e+00
0.000000e+00
0.000000e+00
0.000000e+00
0.000000e+00
0.000000e+00
0.000000e+00
0.000000e+00
0.000000e+00
0.000000e+00
0.000000e+00
0.000000e+00
0.000000e+00
0.000000e+00
1.237000e-01
2.186087e-02
6.484110e-02
1.817122e-02
4.770492e-03
1.264216e-03
2.980017e-04
8.439616e-05
0.000000e+00
0.000000e+00
0.000000e+00
