7.859600e-02
0.000000e+00
3.931703e-02
0.000000e+00
1.090459e-02
6.381635e-04
0.000000e+00
0.000000e+00
8.630865e-06
0.000000e+00
4.508767e-07
0.000000e+00
9.929008e-02
0.000000e+00
2.219226e-02
0.000000e+00
0.000000e+00
7.870443e-06
1.332472e-05
0.000000e+00
1.653114e-06
0.000000e+00
2.439000e-03
0.000000e+00
1.454890e-03
1.032922e-03
1.759353e-04
8.937561e-05
3.503747e-05
1.707958e-05
8.936921e-06
3.717608e-06
1.715837e-06
1.021466e+01
1.325711e+01
1.087126e+01
4.204023e+00
8.643581e-01
1.589307e-01
5.228541e-02
1.607850e-02
4.674218e-03
1.594101e-03
4.912197e-04
4.410000e-01
1.740871e+01
9.573600e+00
1.970681e+00
3.726270e-01
1.066386e-01
3.181919e-02
9.795311e-03
3.083264e-03
9.903569e-04
3.232037e-04
3.077170e+01
8.249956e+01
5.118462e+01
2.956754e+01
3.797029e+00
7.829769e-01
2.307718e-01
7.022045e-02
2.194498e-02
6.996503e-03
2.272814e-03
0.000000e+00
0.000000e+00
0.000000e+00
0.000000e+00
0.000000e+00
0.000000e+00
0.000000e+00
0.000000e+00
0.000000e+00
0.000000e+00
0.000000e+00
0.000000e+00
0.000000e+00
0.000000e+00
0.000000e+00
0.000000e+00
0.000000e+00
0.000000e+00
0.000000e+00
0.000000e+00
0.000000e+00
0.000000e+00
1.297800e-01
2.378498e-02
3.303114e-02
3.872937e-02
5.348412e-03
1.413981e-03
4.126852e-04
1.242317e-04
3.845117e-05
1.217757e-05
3.919642e-06
