1.456500e-02
0.000000e+00
1.696053e-02
6.142963e-03
0.000000e+00
0.000000e+00
1.132118e-03
0.000000e+00
0.000000e+00
0.000000e+00
0.000000e+00
0.000000e+00
3.154227e-02
0.000000e+00
0.000000e+00
3.792968e-03
2.643225e-03
0.000000e+00
0.000000e+00
0.000000e+00
0.000000e+00
0.000000e+00
0.000000e+00
0.000000e+00
8.874280e-03
8.096946e-03
1.616601e-03
5.012488e-03
1.084513e-04
0.000000e+00
0.000000e+00
0.000000e+00
0.000000e+00
9.699920e+00
1.366343e+01
8.761830e+00
4.233508e+00
1.610571e+00
4.855104e-01
1.081151e-02
0.000000e+00
0.000000e+00
0.000000e+00
0.000000e+00
5.320000e-01
1.586161e+01
1.100369e+01
1.442446e+00
2.044158e+00
1.095878e-01
5.010309e-04
0.000000e+00
0.000000e+00
0.000000e+00
0.000000e+00
3.134800e+01
8.811423e+01
5.347957e+01
2.019365e+01
6.405667e+00
1.565287e+00
6.577368e-02
0.000000e+00
0.000000e+00
0.000000e+00
0.000000e+00
0.000000e+00
0.000000e+00
0.000000e+00
0.000000e+00
0.000000e+00
0.000000e+00
0.000000e+00
0.000000e+00
0.000000e+00
0.000000e+00
0.000000e+00
0.000000e+00
0.000000e+00
0.000000e+00
0.000000e+00
0.000000e+00
0.000000e+00
1.122455e-04
0.000000e+00
0.000000e+00
0.000000e+00
0.000000e+00
1.292800e-01
2.264549e-02
4.100691e-02
3.492337e-02
5.142116e-03
4.664220e-03
0.000000e+00
0.000000e+00
0.000000e+00
0.000000e+00
0.000000e+00
