2.118100e-01
0.000000e+00
1.661628e-01
0.000000e+00
3.557819e-03
0.000000e+00
0.000000e+00
1.592792e-03
0.000000e+00
3.374929e-04
0.000000e+00
0.000000e+00
3.597358e-01
0.000000e+00
2.523337e-02
0.000000e+00
1.845699e-03
5.743750e-04
0.000000e+00
1.127308e-03
0.000000e+00
0.000000e+00
0.000000e+00
5.889532e-02
0.000000e+00
3.991135e-04
1.478881e-04
1.797631e-03
0.000000e+00
2.956329e-04
3.470089e-04
4.367339e-05
0.000000e+00
5.932365e+00
1.867925e+01
6.669196e+00
2.556884e+00
6.593991e-01
5.237695e-01
2.622312e-01
1.015801e-01
5.238907e-02
8.315633e-03
0.000000e+00
3.130000e-01
2.148240e+01
4.521071e+00
4.093825e-01
1.030845e+00
6.422627e-01
2.658577e-01
1.039369e-01
3.440108e-02
5.355679e-04
0.000000e+00
3.069220e+01
9.176255e+01
3.593943e+01
1.646473e+01
1.166130e+00
1.244529e+00
6.196070e-01
2.438097e-01
1.943208e-01
4.003615e-02
0.000000e+00
0.000000e+00
0.000000e+00
0.000000e+00
0.000000e+00
0.000000e+00
0.000000e+00
0.000000e+00
0.000000e+00
0.000000e+00
0.000000e+00
0.000000e+00
0.000000e+00
0.000000e+00
0.000000e+00
0.000000e+00
4.212014e-04
0.000000e+00
0.000000e+00
0.000000e+00
0.000000e+00
0.000000e+00
0.000000e+00
1.141500e-01
1.891222e-02
4.839180e-02
1.684206e-02
0.000000e+00
5.153160e-04
7.169680e-04
1.095300e-04
9.641350e-05
1.327811e-04
0.000000e+00
