2.042740e-01
0.000000e+00
1.379272e-01
0.000000e+00
0.000000e+00
0.000000e+00
1.426417e-03
0.000000e+00
2.839354e-04
3.946342e-05
1.851354e-05
0.000000e+00
3.246988e-01
0.000000e+00
5.078065e-03
1.842878e-03
4.256865e-03
0.000000e+00
7.906247e-04
0.000000e+00
0.000000e+00
0.000000e+00
0.000000e+00
0.000000e+00
8.174181e-03
4.692193e-03
0.000000e+00
9.292347e-04
3.785260e-05
9.393913e-05
1.276040e-05
0.000000e+00
3.619016e-05
6.623177e+00
1.693385e+01
8.336430e+00
2.378361e+00
1.225045e+00
5.520307e-01
1.273754e-01
9.236876e-02
3.532134e-02
1.231904e-02
4.739143e-03
3.230000e-01
1.953237e+01
4.487597e+00
6.849546e-01
3.266921e+00
1.293606e+00
1.452053e-01
9.714507e-02
3.372714e-02
1.266021e-02
7.403649e-03
3.088620e+01
9.176545e+01
3.660270e+01
1.802351e+01
7.805577e+00
9.413887e+00
4.475464e-01
3.029970e-01
1.127263e-01
3.586611e-02
3.101252e-02
0.000000e+00
0.000000e+00
0.000000e+00
0.000000e+00
0.000000e+00
0.000000e+00
0.000000e+00
0.000000e+00
0.000000e+00
0.000000e+00
0.000000e+00
0.000000e+00
0.000000e+00
0.000000e+00
0.000000e+00
2.671732e-03
0.000000e+00
6.516940e-05
0.000000e+00
0.000000e+00
0.000000e+00
7.113424e-06
1.019300e-01
1.292998e-02
4.016272e-02
1.411713e-02
0.000000e+00
8.443456e-04
0.000000e+00
2.306227e-04
1.491676e-04
2.824681e-05
0.000000e+00
