0.000000e+00
2.606606e-01
0.000000e+00
6.361586e-02
2.591284e-03
7.620727e-04
4.258044e-03
0.000000e+00
6.611990e-04
0.000000e+00
0.000000e+00
1.295400e-02
0.000000e+00
2.067419e-01
0.000000e+00
0.000000e+00
0.000000e+00
0.000000e+00
3.354178e-03
0.000000e+00
0.000000e+00
0.000000e+00
2.089690e-01
0.000000e+00
2.957232e-01
0.000000e+00
1.508986e-02
0.000000e+00
3.097102e-04
1.184179e-04
0.000000e+00
0.000000e+00
0.000000e+00
9.525019e+00
1.006709e+01
1.317012e+01
3.812854e+00
1.874387e+00
6.535431e-01
2.085432e-01
1.383838e-01
6.141983e-03
0.000000e+00
0.000000e+00
5.320000e-01
7.457759e+00
1.023818e+01
4.658994e+00
2.010796e+00
5.184202e-01
3.844193e-01
6.423064e-02
2.243328e-04
0.000000e+00
0.000000e+00
2.891900e+01
7.796923e+01
5.056995e+01
1.303896e+01
4.413701e+00
1.833008e+00
1.240746e+00
1.032280e+00
4.377719e-02
0.000000e+00
0.000000e+00
0.000000e+00
0.000000e+00
0.000000e+00
0.000000e+00
0.000000e+00
0.000000e+00
0.000000e+00
0.000000e+00
0.000000e+00
0.000000e+00
0.000000e+00
0.000000e+00
3.777879e-03
0.000000e+00
0.000000e+00
0.000000e+00
0.000000e+00
1.057625e-03
0.000000e+00
1.643086e-05
0.000000e+00
0.000000e+00
1.080700e-01
0.000000e+00
3.054096e-02
1.135612e-02
3.374547e-03
1.486786e-03
0.000000e+00
3.222026e-04
0.000000e+00
0.000000e+00
0.000000e+00
