2.010230e-01
0.000000e+00
1.375302e-01
0.000000e+00
0.000000e+00
0.000000e+00
8.266078e-04
4.362291e-04
0.000000e+00
0.000000e+00
0.000000e+00
0.000000e+00
1.798049e-01
0.000000e+00
6.186697e-02
6.518424e-03
5.618045e-03
0.000000e+00
0.000000e+00
0.000000e+00
0.000000e+00
0.000000e+00
0.000000e+00
0.000000e+00
4.357390e-02
9.323000e-03
1.422114e-03
3.062923e-03
0.000000e+00
2.672898e-04
0.000000e+00
0.000000e+00
0.000000e+00
6.027961e+00
1.698542e+01
9.800468e+00
6.964211e+00
2.537797e+00
9.604208e-01
2.639662e-01
6.901215e-02
0.000000e+00
0.000000e+00
0.000000e+00
4.350000e-01
9.602867e+00
8.774336e+00
9.567545e+00
5.224384e+00
1.229490e+00
1.908536e-01
2.067137e-03
0.000000e+00
0.000000e+00
0.000000e+00
3.022490e+01
8.173839e+01
3.510028e+01
3.874732e+01
1.214033e+01
1.178257e+01
1.210431e+00
2.090582e-01
0.000000e+00
0.000000e+00
0.000000e+00
0.000000e+00
0.000000e+00
0.000000e+00
0.000000e+00
0.000000e+00
0.000000e+00
0.000000e+00
0.000000e+00
0.000000e+00
0.000000e+00
0.000000e+00
0.000000e+00
4.594923e-03
6.864530e-03
0.000000e+00
9.656409e-04
0.000000e+00
0.000000e+00
0.000000e+00
0.000000e+00
0.000000e+00
0.000000e+00
7.372000e-02
0.000000e+00
0.000000e+00
7.850973e-03
0.000000e+00
2.642059e-03
1.381059e-03
7.295151e-04
0.000000e+00
0.000000e+00
0.000000e+00
