3.318300e-02
2.406809e-03
0.000000e+00
1.536137e-02
0.000000e+00
0.000000e+00
6.223031e-04
3.050903e-04
0.000000e+00
0.000000e+00
0.000000e+00
0.000000e+00
0.000000e+00
3.202298e-02
0.000000e+00
5.198308e-03
3.400286e-05
0.000000e+00
0.000000e+00
0.000000e+00
0.000000e+00
0.000000e+00
1.217020e-01
0.000000e+00
1.125539e-01
0.000000e+00
1.365901e-02
0.000000e+00
8.228717e-04
7.989712e-05
0.000000e+00
0.000000e+00
0.000000e+00
1.129812e+01
1.396192e+01
1.027063e+01
2.735693e+00
1.970247e+00
6.254628e-01
2.236075e-01
2.048820e-02
0.000000e+00
0.000000e+00
0.000000e+00
2.570000e-01
2.469890e+01
1.111037e+00
4.794992e+00
1.790887e+00
5.705403e-01
2.116732e-01
3.565774e-04
0.000000e+00
0.000000e+00
0.000000e+00
2.918140e+01
8.292002e+01
4.812227e+01
9.891949e+00
5.110131e+00
1.405851e+00
6.396402e-01
6.700803e-02
0.000000e+00
0.000000e+00
0.000000e+00
0.000000e+00
0.000000e+00
0.000000e+00
0.000000e+00
0.000000e+00
0.000000e+00
0.000000e+00
0.000000e+00
0.000000e+00
0.000000e+00
0.000000e+00
0.000000e+00
0.000000e+00
0.000000e+00
0.000000e+00
0.000000e+00
0.000000e+00
0.000000e+00
0.000000e+00
0.000000e+00
0.000000e+00
0.000000e+00
1.168200e-01
3.229628e-03
5.691006e-02
1.093273e-03
9.087401e-03
2.516652e-03
1.030367e-03
3.108035e-04
0.000000e+00
0.000000e+00
0.000000e+00
