1.192220e-01
0.000000e+00
2.545872e-02
2.006754e-02
0.000000e+00
4.639632e-03
0.000000e+00
2.209601e-03
0.000000e+00
1.665524e-04
0.000000e+00
0.000000e+00
1.136648e-01
0.000000e+00
0.000000e+00
1.792356e-02
0.000000e+00
4.072022e-03
0.000000e+00
1.006304e-03
0.000000e+00
0.000000e+00
3.599100e-02
0.000000e+00
2.355508e-02
0.000000e+00
1.952492e-03
3.910750e-04
4.933055e-04
0.000000e+00
3.952349e-04
4.532560e-05
0.000000e+00
7.202099e+00
1.731182e+01
8.888398e+00
2.824658e+00
1.620573e+00
1.826446e-01
1.960671e-01
5.364097e-02
4.456506e-02
8.379054e-03
0.000000e+00
2.900000e-01
2.715051e+01
1.137715e+00
4.389777e+00
4.245882e-01
1.712454e-01
2.646985e-01
2.485737e-02
5.620984e-02
3.278970e-04
0.000000e+00
3.004460e+01
8.613254e+01
4.478329e+01
1.092348e+01
7.501033e+00
2.688627e-01
5.355847e-01
2.058059e-01
0.000000e+00
2.974737e-02
0.000000e+00
0.000000e+00
0.000000e+00
0.000000e+00
0.000000e+00
0.000000e+00
0.000000e+00
0.000000e+00
0.000000e+00
3.364295e-02
0.000000e+00
0.000000e+00
0.000000e+00
3.996796e-03
0.000000e+00
6.275520e-03
0.000000e+00
2.676102e-04
0.000000e+00
0.000000e+00
0.000000e+00
0.000000e+00
0.000000e+00
1.033400e-01
0.000000e+00
4.425459e-02
0.000000e+00
8.552518e-03
0.000000e+00
2.087298e-04
2.933951e-04
1.037696e-04
1.092321e-04
0.000000e+00
