1.966400e-01
0.000000e+00
1.733460e-01
0.000000e+00
2.595166e-02
0.000000e+00
2.107182e-03
0.000000e+00
4.537600e-05
8.463385e-05
0.000000e+00
0.000000e+00
3.718123e-01
0.000000e+00
3.714164e-02
0.000000e+00
1.445077e-02
0.000000e+00
7.054281e-04
0.000000e+00
0.000000e+00
0.000000e+00
3.845700e-02
0.000000e+00
9.671996e-03
1.287510e-02
0.000000e+00
2.309454e-03
1.038747e-03
8.045804e-04
3.868991e-05
1.220272e-05
0.000000e+00
6.606137e+00
1.903792e+01
7.107863e+00
3.328650e+00
2.124884e+00
1.211433e+00
2.248429e-01
8.974035e-02
2.459636e-02
6.779039e-03
0.000000e+00
4.190000e-01
1.315608e+01
5.703175e+00
4.967742e+00
2.137109e+00
1.034491e+00
5.080066e-01
2.013660e-01
2.489119e-02
2.587820e-04
0.000000e+00
3.038980e+01
8.812198e+01
2.165531e+01
7.136547e+00
1.739889e+00
5.242538e-01
1.594897e+00
1.581759e+00
1.074493e-01
2.694548e-02
0.000000e+00
0.000000e+00
0.000000e+00
0.000000e+00
0.000000e+00
0.000000e+00
0.000000e+00
0.000000e+00
0.000000e+00
0.000000e+00
0.000000e+00
0.000000e+00
0.000000e+00
0.000000e+00
0.000000e+00
1.314838e-03
3.339603e-03
0.000000e+00
0.000000e+00
0.000000e+00
0.000000e+00
0.000000e+00
0.000000e+00
1.018000e-01
1.028936e-02
4.355173e-02
0.000000e+00
0.000000e+00
1.318139e-03
1.549783e-04
1.280070e-04
1.177877e-06
7.746021e-05
0.000000e+00
