2.017480e-01
0.000000e+00
1.931597e-01
0.000000e+00
2.146386e-02
0.000000e+00
2.464035e-03
0.000000e+00
1.866585e-04
5.903500e-06
0.000000e+00
0.000000e+00
3.401148e-01
0.000000e+00
7.204003e-02
0.000000e+00
1.339452e-02
0.000000e+00
6.439688e-04
0.000000e+00
0.000000e+00
0.000000e+00
0.000000e+00
1.338538e-01
0.000000e+00
9.779099e-02
0.000000e+00
1.694215e-02
0.000000e+00
2.844756e-04
1.909673e-06
6.030663e-07
0.000000e+00
6.287892e+00
1.905525e+01
4.764923e+00
4.064279e+00
1.615221e+00
1.276115e+00
1.857843e-01
7.812322e-02
6.916788e-03
1.635701e-03
0.000000e+00
3.690000e-01
1.714649e+01
4.422819e+00
5.527141e+00
2.231988e+00
1.406850e+00
2.381923e-01
5.609642e-02
6.807941e-03
4.950650e-05
0.000000e+00
2.942730e+01
8.910973e+01
2.241688e+01
1.531274e+00
5.792354e+00
3.128258e+00
6.489600e-01
2.677856e-01
3.642817e-02
5.318407e-03
0.000000e+00
0.000000e+00
0.000000e+00
0.000000e+00
0.000000e+00
0.000000e+00
0.000000e+00
0.000000e+00
0.000000e+00
0.000000e+00
0.000000e+00
0.000000e+00
0.000000e+00
0.000000e+00
0.000000e+00
0.000000e+00
0.000000e+00
0.000000e+00
0.000000e+00
0.000000e+00
0.000000e+00
0.000000e+00
0.000000e+00
1.153700e-01
1.767235e-02
4.957807e-02
2.745071e-03
8.056064e-04
2.264155e-03
9.952240e-04
2.517401e-04
6.596527e-05
1.824787e-05
0.000000e+00
