2.324850e-01
0.000000e+00
1.599717e-01
0.000000e+00
0.000000e+00
8.527579e-03
0.000000e+00
0.000000e+00
6.919250e-04
0.000000e+00
1.381147e-04
0.000000e+00
4.096002e-01
0.000000e+00
2.462119e-02
4.188532e-03
0.000000e+00
1.302125e-04
1.903387e-03
0.000000e+00
3.144740e-04
0.000000e+00
6.970000e-04
2.426365e-02
7.146046e-03
0.000000e+00
4.320383e-03
1.348274e-03
0.000000e+00
2.358039e-03
4.672080e-05
0.000000e+00
5.941757e-05
5.529788e+00
2.107928e+01
6.564101e+00
3.438662e+00
2.092212e+00
3.776525e-01
2.598763e-01
2.204854e-01
3.369123e-02
3.015634e-02
1.238210e-02
4.140000e-01
1.554148e+01
4.490499e+00
5.427998e+00
2.744955e+00
5.667230e-01
2.261271e-01
4.901177e-01
2.988682e-02
4.021290e-02
2.144738e-02
3.022760e+01
8.971111e+01
2.254714e+01
8.179649e+00
4.179028e+00
2.212485e+00
0.000000e+00
1.292041e+00
1.475371e-01
5.884204e-02
1.540843e-01
0.000000e+00
0.000000e+00
0.000000e+00
0.000000e+00
0.000000e+00
0.000000e+00
7.428244e-02
0.000000e+00
0.000000e+00
0.000000e+00
0.000000e+00
0.000000e+00
0.000000e+00
0.000000e+00
0.000000e+00
0.000000e+00
0.000000e+00
5.216467e-04
0.000000e+00
3.197969e-05
0.000000e+00
0.000000e+00
1.034900e-01
1.261319e-02
5.001102e-02
2.874389e-03
4.813938e-03
2.040303e-03
0.000000e+00
1.575697e-04
0.000000e+00
2.279927e-06
1.923607e-05
