1.402340e-01
6.992353e-02
0.000000e+00
1.228182e-01
0.000000e+00
2.436810e-02
0.000000e+00
2.100288e-03
0.000000e+00
1.512906e-04
0.000000e+00
0.000000e+00
0.000000e+00
1.737047e-01
0.000000e+00
7.404977e-02
0.000000e+00
7.867882e-03
0.000000e+00
6.749678e-04
0.000000e+00
0.000000e+00
1.954000e-03
4.596348e-02
0.000000e+00
9.876600e-03
2.146133e-03
6.357843e-04
2.639754e-03
2.376182e-04
1.839753e-05
2.480507e-06
0.000000e+00
6.387260e+00
1.679977e+01
1.424302e+01
6.851280e+00
4.280753e+00
4.858928e-01
3.315816e-01
5.497897e-02
3.156513e-02
3.700792e-03
0.000000e+00
1.210000e-01
2.445158e+01
1.432275e+01
1.043276e+01
3.571523e+00
5.870814e-01
2.366208e-01
6.958783e-02
3.643645e-02
1.791694e-04
0.000000e+00
2.390790e+01
3.448335e+01
3.238720e+01
2.504391e+01
1.813438e+01
1.453419e+00
2.695595e-01
1.934278e-01
1.084537e-01
1.804695e-02
0.000000e+00
0.000000e+00
0.000000e+00
0.000000e+00
0.000000e+00
0.000000e+00
0.000000e+00
0.000000e+00
0.000000e+00
0.000000e+00
0.000000e+00
0.000000e+00
0.000000e+00
0.000000e+00
0.000000e+00
4.276203e-03
0.000000e+00
0.000000e+00
0.000000e+00
0.000000e+00
0.000000e+00
0.000000e+00
0.000000e+00
8.000000e-02
1.170280e-03
3.554038e-03
0.000000e+00
7.196530e-03
1.441540e-03
5.385644e-04
2.573097e-04
4.869758e-05
5.564133e-05
0.000000e+00
