2.356640e-01
0.000000e+00
5.727571e-03
3.109567e-02
0.000000e+00
1.614581e-02
0.000000e+00
8.260805e-04
0.000000e+00
0.000000e+00
0.000000e+00
0.000000e+00
1.935223e-01
0.000000e+00
0.000000e+00
4.361243e-02
0.000000e+00
1.744870e-03
0.000000e+00
1.954581e-04
1.072313e-05
0.000000e+00
0.000000e+00
1.278986e-01
0.000000e+00
0.000000e+00
2.703817e-02
9.712450e-04
0.000000e+00
3.173573e-04
0.000000e+00
3.929714e-05
0.000000e+00
4.251937e+00
2.132023e+01
8.760759e+00
7.490969e+00
4.787003e+00
5.979897e-01
1.959021e-01
6.660795e-02
5.411472e-02
1.824439e-02
0.000000e+00
1.250000e-01
2.915555e+01
1.389358e+01
9.193581e+00
7.886118e+00
2.540638e-01
2.829475e-01
1.087911e-01
3.951143e-02
5.762239e-02
0.000000e+00
2.387230e+01
3.382591e+01
2.792841e+01
1.259001e+01
1.961878e+01
2.458380e+00
6.829690e-01
6.860456e-01
7.990114e-02
9.882017e-01
0.000000e+00
0.000000e+00
0.000000e+00
0.000000e+00
0.000000e+00
0.000000e+00
0.000000e+00
0.000000e+00
0.000000e+00
0.000000e+00
0.000000e+00
0.000000e+00
0.000000e+00
0.000000e+00
0.000000e+00
0.000000e+00
0.000000e+00
0.000000e+00
0.000000e+00
0.000000e+00
0.000000e+00
1.194422e-05
0.000000e+00
9.451000e-02
8.916259e-03
6.532539e-03
6.635634e-03
6.077006e-03
5.325454e-03
2.005274e-05
1.258529e-04
2.628746e-05
0.000000e+00
0.000000e+00
