1.536270e-01
0.000000e+00
1.518770e-01
0.000000e+00
0.000000e+00
3.920093e-03
0.000000e+00
0.000000e+00
0.000000e+00
0.000000e+00
0.000000e+00
0.000000e+00
2.470448e-01
0.000000e+00
5.744242e-02
5.237847e-03
0.000000e+00
0.000000e+00
0.000000e+00
0.000000e+00
0.000000e+00
0.000000e+00
7.873000e-03
4.170111e-04
1.754724e-02
4.078860e-02
0.000000e+00
4.230828e-03
0.000000e+00
0.000000e+00
0.000000e+00
0.000000e+00
0.000000e+00
7.851956e+00
1.760435e+01
7.504333e+00
3.445421e+00
9.748525e-01
3.304109e-01
0.000000e+00
0.000000e+00
0.000000e+00
0.000000e+00
0.000000e+00
3.700000e-01
1.887928e+01
5.689873e+00
1.051066e+00
1.370551e+00
1.154643e-02
0.000000e+00
0.000000e+00
0.000000e+00
0.000000e+00
0.000000e+00
3.059080e+01
8.797109e+01
1.969774e+01
5.448924e+00
4.768298e+00
1.202579e+00
0.000000e+00
0.000000e+00
0.000000e+00
0.000000e+00
0.000000e+00
0.000000e+00
0.000000e+00
0.000000e+00
0.000000e+00
0.000000e+00
0.000000e+00
0.000000e+00
0.000000e+00
0.000000e+00
0.000000e+00
0.000000e+00
0.000000e+00
0.000000e+00
0.000000e+00
0.000000e+00
0.000000e+00
0.000000e+00
0.000000e+00
0.000000e+00
0.000000e+00
0.000000e+00
0.000000e+00
9.277000e-02
1.607909e-02
3.848428e-02
1.081154e-02
2.950362e-04
4.346361e-03
0.000000e+00
0.000000e+00
0.000000e+00
0.000000e+00
0.000000e+00
