1.042880e-01
3.536719e-02
0.000000e+00
0.000000e+00
2.432580e-02
0.000000e+00
0.000000e+00
1.781406e-03
0.000000e+00
2.873149e-04
0.000000e+00
0.000000e+00
0.000000e+00
6.637647e-02
1.299617e-02
0.000000e+00
8.817155e-04
5.130350e-03
0.000000e+00
7.394347e-04
0.000000e+00
4.619533e-05
5.062000e-03
9.043840e-02
0.000000e+00
3.861702e-02
0.000000e+00
0.000000e+00
7.070541e-03
1.030734e-04
0.000000e+00
1.287419e-04
0.000000e+00
1.346938e+01
1.155024e+01
1.630994e+01
8.959727e+00
2.410027e+00
7.940684e-01
6.362165e-01
9.317188e-02
7.736383e-02
3.226954e-02
2.231731e-02
1.310000e-01
2.110525e+01
1.637599e+01
2.338327e+01
1.617166e+00
7.128798e-01
1.365404e+00
7.567101e-02
1.035835e-01
4.204828e-02
1.746292e-02
2.471820e+01
4.040749e+01
4.747805e+01
2.143373e+02
6.782853e+00
0.000000e+00
3.685339e+00
2.955706e-01
1.519179e-01
1.849103e-01
3.404992e-02
0.000000e+00
0.000000e+00
0.000000e+00
0.000000e+00
0.000000e+00
2.666673e-01
0.000000e+00
0.000000e+00
0.000000e+00
0.000000e+00
0.000000e+00
0.000000e+00
6.499123e-04
7.346556e-03
0.000000e+00
0.000000e+00
1.770451e-03
0.000000e+00
1.213137e-04
5.334258e-06
0.000000e+00
0.000000e+00
7.268000e-02
0.000000e+00
0.000000e+00
3.474205e-03
4.670134e-03
0.000000e+00
3.190404e-04
0.000000e+00
0.000000e+00
4.911345e-05
6.292859e-06
