9.441500e-02
0.000000e+00
3.031080e-02
3.209811e-02
0.000000e+00
3.429491e-03
0.000000e+00
1.356290e-03
1.947750e-04
0.000000e+00
0.000000e+00
0.000000e+00
1.111158e-01
0.000000e+00
0.000000e+00
2.543662e-02
0.000000e+00
2.608039e-03
0.000000e+00
0.000000e+00
0.000000e+00
0.000000e+00
3.108300e-02
4.589785e-03
3.993460e-03
0.000000e+00
2.078257e-03
2.781482e-03
0.000000e+00
8.058076e-04
0.000000e+00
0.000000e+00
0.000000e+00
8.240277e+00
1.658148e+01
8.727242e+00
2.922435e+00
2.308286e+00
8.532195e-01
4.384014e-01
1.167440e-01
1.183591e-02
0.000000e+00
0.000000e+00
2.670000e-01
2.809616e+01
1.294893e+00
3.406416e+00
2.349974e+00
1.282079e+00
3.863246e-01
1.313881e-01
3.381734e-04
0.000000e+00
0.000000e+00
2.896630e+01
8.381398e+01
3.712790e+01
4.334160e+00
2.509385e+00
2.583255e+00
1.041703e+00
3.202273e-01
4.500010e-02
0.000000e+00
0.000000e+00
0.000000e+00
0.000000e+00
0.000000e+00
0.000000e+00
0.000000e+00
0.000000e+00
0.000000e+00
0.000000e+00
0.000000e+00
0.000000e+00
0.000000e+00
0.000000e+00
0.000000e+00
0.000000e+00
3.435910e-03
0.000000e+00
0.000000e+00
0.000000e+00
0.000000e+00
0.000000e+00
0.000000e+00
0.000000e+00
1.166300e-01
1.446304e-03
5.097647e-02
0.000000e+00
3.912328e-03
7.743378e-04
1.178694e-03
4.977941e-04
1.806837e-04
0.000000e+00
0.000000e+00
