5.261100e-02
0.000000e+00
1.904006e-02
0.000000e+00
0.000000e+00
4.668630e-04
1.876979e-04
0.000000e+00
1.551106e-04
0.000000e+00
1.853825e-05
0.000000e+00
4.043304e-02
0.000000e+00
4.032480e-03
2.097196e-03
0.000000e+00
0.000000e+00
1.493852e-04
0.000000e+00
4.201815e-05
0.000000e+00
4.062700e-02
0.000000e+00
3.049836e-02
1.561418e-04
1.332616e-03
4.398580e-04
8.728709e-04
0.000000e+00
7.635304e-05
9.207674e-06
4.932817e-07
1.001112e+01
1.531093e+01
8.580057e+00
3.608042e+00
2.042311e+00
1.103265e+00
2.852069e-01
3.581697e-02
2.010050e-02
4.839550e-03
2.306996e-04
3.370000e-01
1.656792e+01
4.490264e+00
6.431184e+00
1.250661e+00
1.776544e+00
7.330831e-02
4.473512e-02
1.212537e-02
9.759225e-04
8.882520e-06
3.009330e+01
9.219255e+01
2.650361e+01
7.381544e+00
8.932422e+00
4.413721e+00
1.812644e+00
1.799843e-01
1.059459e-01
3.303489e-02
1.267462e-03
0.000000e+00
0.000000e+00
0.000000e+00
0.000000e+00
0.000000e+00
0.000000e+00
0.000000e+00
0.000000e+00
0.000000e+00
0.000000e+00
0.000000e+00
0.000000e+00
0.000000e+00
0.000000e+00
2.846369e-03
0.000000e+00
1.529863e-03
0.000000e+00
0.000000e+00
0.000000e+00
0.000000e+00
0.000000e+00
8.386000e-02
1.924933e-03
3.889193e-02
0.000000e+00
2.262817e-03
0.000000e+00
1.931681e-03
1.265155e-05
9.523366e-05
4.567485e-05
1.063746e-06
