9.953200e-02
6.807264e-02
0.000000e+00
7.051411e-02
0.000000e+00
0.000000e+00
3.856022e-03
0.000000e+00
1.568501e-04
1.932770e-05
0.000000e+00
0.000000e+00
0.000000e+00
1.985784e-01
0.000000e+00
2.815637e-03
2.898528e-03
0.000000e+00
8.549633e-04
0.000000e+00
0.000000e+00
0.000000e+00
6.223000e-03
0.000000e+00
2.563146e-02
8.307658e-03
3.087920e-03
1.407151e-03
7.393116e-04
1.203799e-04
1.085197e-05
3.463899e-05
0.000000e+00
7.832867e+00
1.454816e+01
1.416742e+01
3.102849e+00
9.967592e-01
5.026077e-01
1.527134e-01
5.081459e-02
1.908106e-02
9.885405e-03
0.000000e+00
2.660000e-01
2.190261e+01
1.397857e+01
1.408226e+00
1.419963e+00
5.053031e-01
2.344421e-01
6.374892e-03
3.200087e-02
2.871402e-04
0.000000e+00
2.625440e+01
3.264276e+01
4.369885e+01
1.290244e+01
2.004889e+00
1.524052e+00
3.919245e-01
4.956957e-01
1.102887e-01
3.049074e-02
0.000000e+00
0.000000e+00
0.000000e+00
0.000000e+00
0.000000e+00
0.000000e+00
0.000000e+00
0.000000e+00
0.000000e+00
0.000000e+00
0.000000e+00
0.000000e+00
0.000000e+00
0.000000e+00
0.000000e+00
0.000000e+00
0.000000e+00
0.000000e+00
0.000000e+00
0.000000e+00
1.726368e-05
0.000000e+00
0.000000e+00
1.137400e-01
2.030650e-02
1.640534e-02
4.273756e-02
1.097471e-03
1.817193e-03
4.606201e-04
1.160196e-04
0.000000e+00
1.126478e-04
0.000000e+00
