2.377180e-01
0.000000e+00
1.944250e-01
0.000000e+00
5.556249e-02
0.000000e+00
1.840659e-03
0.000000e+00
0.000000e+00
0.000000e+00
0.000000e+00
0.000000e+00
3.464192e-01
0.000000e+00
1.117085e-01
0.000000e+00
1.019932e-02
0.000000e+00
0.000000e+00
0.000000e+00
0.000000e+00
0.000000e+00
1.928200e-02
6.721688e-02
0.000000e+00
3.423455e-02
0.000000e+00
5.971660e-03
3.440356e-04
0.000000e+00
0.000000e+00
0.000000e+00
0.000000e+00
5.203721e+00
1.835813e+01
1.055734e+01
8.148978e+00
3.033345e+00
7.647259e-01
3.148997e-02
0.000000e+00
0.000000e+00
0.000000e+00
0.000000e+00
1.390000e-01
2.303876e+01
1.714257e+01
5.775965e+00
4.243940e+00
3.694977e-01
1.839390e-03
0.000000e+00
0.000000e+00
0.000000e+00
0.000000e+00
2.567210e+01
4.657744e+01
2.332404e+01
3.155489e+01
1.191384e+01
4.879175e+00
2.026754e-01
0.000000e+00
0.000000e+00
0.000000e+00
0.000000e+00
0.000000e+00
0.000000e+00
0.000000e+00
0.000000e+00
0.000000e+00
0.000000e+00
0.000000e+00
0.000000e+00
0.000000e+00
0.000000e+00
0.000000e+00
0.000000e+00
0.000000e+00
1.345583e-02
0.000000e+00
3.110748e-03
0.000000e+00
0.000000e+00
0.000000e+00
0.000000e+00
0.000000e+00
0.000000e+00
6.689000e-02
4.173392e-03
0.000000e+00
8.359750e-03
0.000000e+00
3.615922e-03
4.214723e-04
0.000000e+00
0.000000e+00
0.000000e+00
0.000000e+00
