1.803260e-01
0.000000e+00
1.057805e-01
0.000000e+00
6.223826e-02
0.000000e+00
5.249625e-03
9.027484e-04
0.000000e+00
0.000000e+00
0.000000e+00
0.000000e+00
2.215148e-01
0.000000e+00
1.076403e-01
0.000000e+00
1.572481e-02
0.000000e+00
0.000000e+00
0.000000e+00
0.000000e+00
0.000000e+00
2.089900e-02
2.211724e-02
3.373039e-02
3.138895e-03
8.519502e-03
2.464427e-03
0.000000e+00
9.148196e-04
0.000000e+00
0.000000e+00
0.000000e+00
7.832867e+00
1.596345e+01
1.275172e+01
7.791997e+00
3.047486e+00
1.096850e+00
2.916390e-01
7.091998e-02
0.000000e+00
0.000000e+00
0.000000e+00
1.490000e-01
3.000001e+01
1.353871e+01
7.734914e+00
4.511761e+00
3.269193e-01
3.297318e-01
2.303270e-03
0.000000e+00
0.000000e+00
0.000000e+00
2.607300e+01
4.740197e+01
2.215462e+01
2.006982e+01
6.853944e+00
8.578261e+00
1.500750e+00
2.499961e-01
0.000000e+00
0.000000e+00
0.000000e+00
0.000000e+00
0.000000e+00
0.000000e+00
0.000000e+00
0.000000e+00
0.000000e+00
0.000000e+00
0.000000e+00
0.000000e+00
0.000000e+00
0.000000e+00
0.000000e+00
0.000000e+00
0.000000e+00
0.000000e+00
0.000000e+00
0.000000e+00
0.000000e+00
0.000000e+00
0.000000e+00
0.000000e+00
0.000000e+00
1.142200e-01
2.699679e-02
7.251606e-03
2.037260e-02
5.139023e-03
2.146980e-03
1.741862e-04
8.829908e-04
0.000000e+00
0.000000e+00
0.000000e+00
