4.202170e-01
0.000000e+00
1.684601e-01
0.000000e+00
0.000000e+00
7.460355e-04
2.518762e-04
3.347314e-04
0.000000e+00
8.633264e-06
0.000000e+00
0.000000e+00
3.466709e-01
0.000000e+00
1.023456e-01
1.083043e-03
0.000000e+00
0.000000e+00
0.000000e+00
6.111175e-06
0.000000e+00
0.000000e+00
8.316900e-02
9.870828e-02
0.000000e+00
1.009974e-01
4.339597e-03
0.000000e+00
7.573004e-04
4.542800e-05
0.000000e+00
1.176647e-05
0.000000e+00
6.504506e+00
1.269065e+01
9.997497e+00
4.881817e+00
1.573149e+00
5.703804e-01
2.276922e-01
7.972544e-02
2.083502e-02
7.677221e-03
0.000000e+00
2.320000e-01
7.308431e+00
3.969616e+00
4.814842e+00
2.725981e+00
1.635020e-01
2.024834e-01
3.845895e-02
2.374684e-02
2.035373e-04
0.000000e+00
2.700140e+01
1.151952e+02
1.242329e+01
3.462042e+00
6.162974e+00
2.892437e+00
1.212936e+00
3.657230e-01
1.204372e-01
1.991079e-02
0.000000e+00
0.000000e+00
0.000000e+00
0.000000e+00
0.000000e+00
0.000000e+00
0.000000e+00
0.000000e+00
0.000000e+00
0.000000e+00
0.000000e+00
0.000000e+00
5.436000e-02
0.000000e+00
3.145089e-02
0.000000e+00
0.000000e+00
0.000000e+00
0.000000e+00
0.000000e+00
0.000000e+00
0.000000e+00
0.000000e+00
0.000000e+00
8.875542e-03
0.000000e+00
1.458962e-02
1.250221e-03
8.894067e-05
1.401928e-03
5.488446e-04
1.669275e-04
7.629938e-05
0.000000e+00
