1.898980e-01
0.000000e+00
1.477997e-01
0.000000e+00
4.413344e-03
0.000000e+00
0.000000e+00
1.623230e-03
0.000000e+00
5.331601e-04
0.000000e+00
0.000000e+00
3.170914e-01
0.000000e+00
2.427666e-02
0.000000e+00
2.554979e-03
8.869486e-04
0.000000e+00
7.846160e-04
0.000000e+00
2.811808e-04
0.000000e+00
1.133315e-01
0.000000e+00
3.376127e-03
4.219630e-03
1.035887e-03
5.652608e-04
2.452154e-04
8.103536e-05
0.000000e+00
1.964400e-05
6.691633e+00
1.789435e+01
7.342856e+00
2.539477e+00
6.550080e-01
5.280361e-01
2.613690e-01
8.673595e-02
3.248153e-02
1.023086e-02
8.746363e-03
3.140000e-01
2.106843e+01
4.586179e+00
4.091744e-01
1.006878e+00
6.499180e-01
2.642004e-01
1.093099e-01
7.356019e-03
1.397878e-02
4.669492e-03
3.072060e+01
9.172504e+01
3.599710e+01
1.652533e+01
1.206366e+00
1.349380e+00
6.706045e-01
2.426822e-01
1.579120e-01
2.993763e-02
4.564216e-02
0.000000e+00
0.000000e+00
0.000000e+00
0.000000e+00
0.000000e+00
0.000000e+00
0.000000e+00
0.000000e+00
0.000000e+00
0.000000e+00
0.000000e+00
0.000000e+00
0.000000e+00
0.000000e+00
0.000000e+00
2.262312e-04
0.000000e+00
0.000000e+00
0.000000e+00
8.400958e-07
3.468922e-05
0.000000e+00
1.190200e-01
2.136138e-02
5.155115e-02
1.808672e-02
0.000000e+00
7.093950e-04
8.585129e-04
2.487851e-04
0.000000e+00
0.000000e+00
2.527083e-05
