0.000000e+00
2.411189e-01
0.000000e+00
3.469093e-02
0.000000e+00
0.000000e+00
1.391005e-03
0.000000e+00
1.595169e-04
0.000000e+00
4.517048e-05
3.630500e-02
0.000000e+00
1.252314e-01
0.000000e+00
7.331673e-03
3.524303e-03
0.000000e+00
2.836957e-04
0.000000e+00
1.701422e-04
0.000000e+00
8.102000e-03
0.000000e+00
6.840255e-03
0.000000e+00
1.062959e-03
9.150666e-04
0.000000e+00
1.539542e-04
0.000000e+00
1.109510e-04
0.000000e+00
9.481625e+00
1.022819e+01
1.099107e+01
4.753315e+00
1.508997e+00
5.449827e-01
9.765751e-02
4.801236e-02
2.717787e-02
1.709439e-02
4.529536e-03
4.300000e-01
2.239812e+01
8.615756e+00
3.535381e+00
1.152306e+00
2.537724e-01
7.033263e-02
7.299994e-02
3.281229e-02
1.591865e-02
3.490184e-03
3.049470e+01
8.150508e+01
5.506990e+01
1.438996e+01
4.392449e+00
2.540644e+00
2.753034e-01
1.204111e-01
6.606949e-02
3.883877e-02
1.232147e-02
0.000000e+00
0.000000e+00
0.000000e+00
0.000000e+00
0.000000e+00
0.000000e+00
0.000000e+00
0.000000e+00
0.000000e+00
0.000000e+00
0.000000e+00
0.000000e+00
0.000000e+00
0.000000e+00
0.000000e+00
0.000000e+00
0.000000e+00
0.000000e+00
0.000000e+00
0.000000e+00
0.000000e+00
0.000000e+00
1.138700e-01
8.796353e-04
3.423855e-02
2.170777e-02
6.852032e-03
2.616557e-03
5.884825e-04
6.343985e-05
7.075440e-05
3.504203e-05
2.687993e-05
