3.694020e-01
0.000000e+00
5.236318e-02
6.623840e-03
0.000000e+00
1.654900e-02
0.000000e+00
2.475208e-03
0.000000e+00
0.000000e+00
0.000000e+00
0.000000e+00
2.580037e-01
0.000000e+00
0.000000e+00
3.543147e-02
0.000000e+00
4.327266e-03
0.000000e+00
0.000000e+00
0.000000e+00
0.000000e+00
3.113300e-02
3.413718e-02
1.614603e-02
0.000000e+00
2.802242e-02
0.000000e+00
8.803158e-04
0.000000e+00
0.000000e+00
0.000000e+00
0.000000e+00
4.039796e+00
1.879456e+01
8.864953e+00
7.233489e+00
2.462884e+00
5.272640e-01
1.768313e-01
2.530629e-02
0.000000e+00
0.000000e+00
0.000000e+00
6.900000e-02
1.208928e+01
1.803803e+01
7.807791e+00
3.708704e+00
7.711174e-01
1.015988e-01
1.090420e-03
0.000000e+00
0.000000e+00
0.000000e+00
2.347560e+01
6.353729e+01
2.499548e+01
1.284146e+01
1.414564e+01
1.648948e+00
1.358227e+00
1.794940e-01
0.000000e+00
0.000000e+00
0.000000e+00
0.000000e+00
0.000000e+00
0.000000e+00
0.000000e+00
0.000000e+00
0.000000e+00
0.000000e+00
0.000000e+00
0.000000e+00
0.000000e+00
0.000000e+00
3.851000e-02
3.129228e-02
1.493477e-02
2.741740e-03
0.000000e+00
2.686931e-03
2.358284e-04
9.470205e-05
0.000000e+00
0.000000e+00
0.000000e+00
0.000000e+00
0.000000e+00
0.000000e+00
0.000000e+00
8.797880e-04
0.000000e+00
0.000000e+00
0.000000e+00
0.000000e+00
0.000000e+00
0.000000e+00
