1.938010e-01
0.000000e+00
1.626208e-01
0.000000e+00
0.000000e+00
0.000000e+00
0.000000e+00
0.000000e+00
0.000000e+00
0.000000e+00
0.000000e+00
0.000000e+00
3.374757e-01
0.000000e+00
1.830575e-02
1.904464e-03
1.098465e-03
0.000000e+00
0.000000e+00
0.000000e+00
0.000000e+00
0.000000e+00
1.016300e-02
5.159238e-03
0.000000e+00
5.907348e-04
8.425673e-03
6.398896e-03
0.000000e+00
0.000000e+00
0.000000e+00
0.000000e+00
0.000000e+00
6.743284e+00
1.810910e+01
6.377018e+00
3.119341e+00
2.044742e+00
4.491233e-01
0.000000e+00
0.000000e+00
0.000000e+00
0.000000e+00
0.000000e+00
2.950000e-01
3.199914e+01
7.424398e-01
4.947860e+00
1.512328e+00
1.003324e+00
0.000000e+00
0.000000e+00
0.000000e+00
0.000000e+00
0.000000e+00
3.115530e+01
8.898867e+01
3.443328e+01
1.350649e+01
4.765508e+00
4.821901e+00
0.000000e+00
0.000000e+00
0.000000e+00
0.000000e+00
0.000000e+00
0.000000e+00
0.000000e+00
0.000000e+00
0.000000e+00
0.000000e+00
0.000000e+00
0.000000e+00
0.000000e+00
0.000000e+00
0.000000e+00
0.000000e+00
0.000000e+00
0.000000e+00
0.000000e+00
5.371588e-03
0.000000e+00
0.000000e+00
0.000000e+00
0.000000e+00
0.000000e+00
0.000000e+00
0.000000e+00
8.634000e-02
4.037235e-03
3.240055e-02
0.000000e+00
3.047362e-03
4.231832e-04
0.000000e+00
0.000000e+00
0.000000e+00
0.000000e+00
0.000000e+00
