4.123450e-01
0.000000e+00
2.260303e-01
0.000000e+00
2.290861e-02
0.000000e+00
6.612007e-03
0.000000e+00
6.226616e-05
4.504585e-04
0.000000e+00
0.000000e+00
5.252880e-01
0.000000e+00
6.425206e-02
0.000000e+00
6.904918e-03
0.000000e+00
4.035531e-03
0.000000e+00
0.000000e+00
2.671231e-04
3.382100e-02
0.000000e+00
2.477056e-02
0.000000e+00
5.782685e-03
0.000000e+00
0.000000e+00
3.466475e-04
2.296326e-04
0.000000e+00
1.530988e-04
3.834832e+00
1.582995e+01
8.016659e+00
5.215900e+00
2.438161e+00
1.101532e+00
2.665988e-01
2.032053e-01
3.190533e-02
7.117963e-03
1.291477e-02
2.000000e-01
6.994075e+00
8.608135e+00
6.918969e+00
3.157631e+00
6.313084e-01
6.006517e-01
7.214940e-02
2.718693e-02
3.967397e-02
3.761483e-03
2.934060e+01
1.158236e+02
1.895634e+01
1.385807e+01
6.310790e+00
2.937600e+00
1.775402e+00
1.445317e+00
7.115134e-02
2.709466e-02
0.000000e+00
0.000000e+00
0.000000e+00
0.000000e+00
0.000000e+00
0.000000e+00
0.000000e+00
0.000000e+00
0.000000e+00
0.000000e+00
0.000000e+00
1.388117e-04
0.000000e+00
7.841767e-03
6.588515e-03
0.000000e+00
0.000000e+00
0.000000e+00
1.500619e-03
0.000000e+00
2.451241e-05
2.444201e-05
0.000000e+00
6.970000e-03
0.000000e+00
0.000000e+00
2.500301e-03
4.182321e-03
2.118825e-03
0.000000e+00
4.327481e-04
0.000000e+00
0.000000e+00
2.554429e-05
