2.055120e-01
0.000000e+00
5.089172e-03
0.000000e+00
1.850595e-02
0.000000e+00
0.000000e+00
0.000000e+00
2.978486e-04
8.774121e-05
0.000000e+00
0.000000e+00
1.846382e-01
0.000000e+00
6.958725e-03
0.000000e+00
2.555721e-03
6.186063e-04
7.644204e-04
0.000000e+00
0.000000e+00
0.000000e+00
8.379000e-03
4.528323e-02
2.778307e-03
1.649210e-02
1.637311e-03
9.859903e-04
6.646391e-04
4.413087e-04
3.815006e-06
4.897832e-06
0.000000e+00
5.424605e+00
1.906207e+01
1.229211e+01
6.678517e+00
2.878296e+00
9.887379e-01
5.475814e-01
1.880755e-01
6.155002e-02
3.957599e-03
0.000000e+00
1.380000e-01
2.070755e+01
1.711292e+01
6.387635e+00
3.036172e+00
6.161197e-01
6.347341e-01
2.046916e-01
5.623279e-02
8.136342e-05
0.000000e+00
2.491170e+01
3.836111e+01
2.938133e+01
1.667008e+01
7.296106e+00
6.083176e+00
8.781499e-01
4.552647e-01
1.422600e-01
1.513730e-02
0.000000e+00
0.000000e+00
0.000000e+00
0.000000e+00
0.000000e+00
0.000000e+00
0.000000e+00
0.000000e+00
0.000000e+00
0.000000e+00
0.000000e+00
0.000000e+00
0.000000e+00
0.000000e+00
0.000000e+00
0.000000e+00
0.000000e+00
0.000000e+00
0.000000e+00
0.000000e+00
0.000000e+00
0.000000e+00
0.000000e+00
9.248000e-02
1.049338e-02
6.999593e-03
1.476616e-02
5.358377e-04
1.096067e-04
1.067955e-03
4.956984e-04
2.130845e-04
5.561683e-05
0.000000e+00
