1.584190e-01
0.000000e+00
0.000000e+00
6.951863e-02
0.000000e+00
8.799822e-03
0.000000e+00
3.009542e-04
2.024110e-04
0.000000e+00
0.000000e+00
0.000000e+00
3.742868e-02
9.049157e-02
0.000000e+00
4.350542e-02
0.000000e+00
1.529998e-03
0.000000e+00
0.000000e+00
0.000000e+00
0.000000e+00
0.000000e+00
1.929136e-03
1.085206e-02
0.000000e+00
1.737502e-02
0.000000e+00
5.021277e-04
3.508881e-04
1.502298e-05
0.000000e+00
0.000000e+00
6.255000e+00
1.777030e+01
1.361124e+01
6.841284e+00
4.070421e+00
8.369753e-01
3.147582e-01
1.370783e-01
7.601818e-03
0.000000e+00
0.000000e+00
1.220000e-01
2.692634e+01
1.454026e+01
8.194533e+00
3.048555e+00
9.033262e-01
3.729267e-01
1.080902e-01
1.645437e-04
0.000000e+00
0.000000e+00
2.383450e+01
3.272558e+01
2.966472e+01
1.327340e+01
1.299730e+01
2.357514e+00
9.570873e-01
3.444386e-01
3.037989e-02
0.000000e+00
0.000000e+00
0.000000e+00
0.000000e+00
0.000000e+00
0.000000e+00
0.000000e+00
0.000000e+00
0.000000e+00
0.000000e+00
0.000000e+00
0.000000e+00
0.000000e+00
0.000000e+00
0.000000e+00
0.000000e+00
0.000000e+00
0.000000e+00
0.000000e+00
0.000000e+00
0.000000e+00
0.000000e+00
0.000000e+00
0.000000e+00
9.767000e-02
9.120678e-03
8.686604e-03
3.252438e-03
8.226197e-03
2.027090e-03
8.161756e-04
5.969651e-04
1.121714e-04
0.000000e+00
0.000000e+00
