1.009000e-03
1.252953e-01
0.000000e+00
5.762785e-02
0.000000e+00
5.350686e-03
0.000000e+00
0.000000e+00
4.193793e-05
0.000000e+00
5.124511e-06
0.000000e+00
0.000000e+00
7.843631e-02
0.000000e+00
3.873597e-02
0.000000e+00
3.171881e-04
2.640794e-05
0.000000e+00
1.230681e-05
0.000000e+00
1.922300e-02
3.838451e-02
3.514026e-02
2.325461e-03
1.982026e-02
1.968991e-03
0.000000e+00
1.152455e-04
0.000000e+00
0.000000e+00
8.998866e-07
9.395233e+00
1.377148e+01
9.083954e+00
1.119390e+00
1.523417e+00
2.178899e-01
9.594701e-02
3.099296e-02
8.410031e-03
3.239143e-03
8.877263e-04
2.920000e-01
2.403605e+01
1.345402e+00
2.579921e+00
7.999643e-01
2.089683e-01
5.900714e-02
1.799487e-02
5.992594e-03
1.942353e-03
5.106989e-04
2.879800e+01
7.998381e+01
4.944346e+01
1.931738e+00
1.532870e+00
1.455393e+00
4.333542e-01
1.340927e-01
4.231229e-02
1.363153e-02
4.462426e-03
0.000000e+00
0.000000e+00
0.000000e+00
0.000000e+00
0.000000e+00
0.000000e+00
0.000000e+00
0.000000e+00
0.000000e+00
0.000000e+00
0.000000e+00
0.000000e+00
1.219392e-02
0.000000e+00
4.811329e-03
0.000000e+00
0.000000e+00
0.000000e+00
0.000000e+00
0.000000e+00
0.000000e+00
0.000000e+00
1.061900e-01
0.000000e+00
5.624932e-02
0.000000e+00
4.269171e-03
1.934384e-03
7.406606e-04
2.250108e-04
7.205431e-05
2.309095e-05
7.616404e-06
