1.035200e-02
3.015089e-01
0.000000e+00
1.307657e-01
0.000000e+00
0.000000e+00
1.689681e-03
0.000000e+00
0.000000e+00
0.000000e+00
0.000000e+00
0.000000e+00
0.000000e+00
2.514881e-01
0.000000e+00
4.736778e-02
9.157698e-03
0.000000e+00
0.000000e+00
0.000000e+00
0.000000e+00
0.000000e+00
2.073200e-02
0.000000e+00
3.854446e-02
0.000000e+00
5.486002e-03
9.214489e-03
0.000000e+00
0.000000e+00
0.000000e+00
0.000000e+00
0.000000e+00
9.876948e+00
5.071776e+00
1.463654e+01
4.756377e+00
3.699343e+00
5.061965e-01
3.539655e-02
0.000000e+00
0.000000e+00
0.000000e+00
0.000000e+00
1.060000e-01
2.921848e+01
1.437704e+01
8.496316e+00
1.684753e+00
2.155082e-01
2.437833e-04
0.000000e+00
0.000000e+00
0.000000e+00
0.000000e+00
2.284810e+01
2.811594e+01
2.471736e+01
9.490439e+00
0.000000e+00
1.394534e+00
1.048151e-01
0.000000e+00
0.000000e+00
0.000000e+00
0.000000e+00
0.000000e+00
0.000000e+00
0.000000e+00
0.000000e+00
8.401020e+00
0.000000e+00
0.000000e+00
0.000000e+00
0.000000e+00
0.000000e+00
0.000000e+00
0.000000e+00
1.115082e-02
5.558166e-03
6.166725e-03
0.000000e+00
0.000000e+00
2.474400e-04
0.000000e+00
0.000000e+00
0.000000e+00
0.000000e+00
6.042000e-02
0.000000e+00
0.000000e+00
0.000000e+00
2.012254e-03
1.069641e-03
0.000000e+00
0.000000e+00
0.000000e+00
0.000000e+00
0.000000e+00
