6.686700e-02
0.000000e+00
8.225309e-02
0.000000e+00
8.721800e-03
0.000000e+00
0.000000e+00
4.703112e-05
0.000000e+00
1.960775e-05
0.000000e+00
0.000000e+00
1.631093e-01
0.000000e+00
2.469615e-02
0.000000e+00
6.910043e-05
9.217778e-04
0.000000e+00
1.814110e-06
0.000000e+00
0.000000e+00
0.000000e+00
5.427242e-03
4.365147e-04
1.862176e-03
1.384243e-03
6.864984e-04
6.594608e-04
1.375688e-05
2.638034e-05
8.389946e-06
0.000000e+00
1.042093e+01
1.455774e+01
8.609704e+00
2.915011e+00
1.125973e+00
2.647272e-01
1.637569e-01
2.715068e-02
1.736030e-02
3.171582e-03
0.000000e+00
2.690000e-01
2.911292e+01
1.815472e+00
4.149715e+00
1.844794e-01
3.503075e-01
2.343503e-01
5.045155e-02
6.652349e-03
1.039978e-04
0.000000e+00
3.147130e+01
9.047911e+01
3.796888e+01
1.433887e+01
4.703775e+00
5.974933e-01
9.120137e-01
2.078199e-01
7.599592e-02
9.217512e-03
0.000000e+00
0.000000e+00
0.000000e+00
0.000000e+00
0.000000e+00
0.000000e+00
0.000000e+00
0.000000e+00
0.000000e+00
0.000000e+00
0.000000e+00
0.000000e+00
0.000000e+00
0.000000e+00
0.000000e+00
0.000000e+00
0.000000e+00
2.573817e-04
0.000000e+00
0.000000e+00
0.000000e+00
0.000000e+00
0.000000e+00
1.229700e-01
2.370500e-02
6.542458e-02
1.068291e-02
1.137883e-02
0.000000e+00
6.251623e-04
1.025200e-04
1.587406e-04
3.400458e-05
0.000000e+00
