8.395600e-02
0.000000e+00
7.694224e-02
0.000000e+00
9.227487e-03
0.000000e+00
0.000000e+00
7.772239e-05
0.000000e+00
2.231409e-05
0.000000e+00
0.000000e+00
1.285730e-01
0.000000e+00
2.750359e-02
0.000000e+00
1.126263e-04
9.182580e-04
0.000000e+00
1.191813e-05
0.000000e+00
0.000000e+00
0.000000e+00
0.000000e+00
1.458529e-02
5.491684e-03
5.322986e-04
6.907622e-04
7.075476e-04
1.040281e-05
2.869271e-05
9.540155e-06
0.000000e+00
1.053672e+01
1.374886e+01
8.272986e+00
3.051636e+00
1.194728e+00
2.734455e-01
1.667724e-01
2.745314e-02
1.844694e-02
3.608392e-03
0.000000e+00
3.520000e-01
3.051072e+01
1.975013e+00
4.122334e+00
2.271603e-01
3.571276e-01
2.413552e-01
5.178206e-02
7.674521e-03
1.183258e-04
0.000000e+00
3.166570e+01
9.012348e+01
3.867900e+01
1.459194e+01
4.925591e+00
6.213421e-01
9.468046e-01
2.158196e-01
8.299980e-02
1.048755e-02
0.000000e+00
0.000000e+00
0.000000e+00
0.000000e+00
0.000000e+00
0.000000e+00
0.000000e+00
0.000000e+00
0.000000e+00
0.000000e+00
0.000000e+00
0.000000e+00
0.000000e+00
0.000000e+00
0.000000e+00
0.000000e+00
0.000000e+00
2.073549e-04
0.000000e+00
0.000000e+00
0.000000e+00
0.000000e+00
0.000000e+00
1.371200e-01
3.046941e-02
7.058127e-02
1.040912e-02
1.083569e-02
0.000000e+00
6.352964e-04
1.032390e-04
1.636322e-04
3.869006e-05
0.000000e+00
