1.763480e-01
0.000000e+00
8.750290e-02
0.000000e+00
9.257712e-03
2.622570e-03
0.000000e+00
5.184061e-04
0.000000e+00
0.000000e+00
0.000000e+00
0.000000e+00
1.063012e-01
0.000000e+00
5.551276e-02
0.000000e+00
0.000000e+00
3.153866e-03
0.000000e+00
0.000000e+00
0.000000e+00
0.000000e+00
0.000000e+00
1.132875e-01
0.000000e+00
3.391278e-02
1.238305e-02
0.000000e+00
3.416588e-04
6.178123e-05
0.000000e+00
0.000000e+00
0.000000e+00
1.074729e+01
1.519324e+01
1.326124e+01
1.080955e+01
4.130645e+00
7.718444e-01
1.861216e-01
1.303091e-02
0.000000e+00
0.000000e+00
0.000000e+00
1.360000e-01
2.243139e+01
1.611260e+01
1.159440e+01
5.258337e+00
5.188506e-01
1.226189e-01
6.400473e-04
0.000000e+00
0.000000e+00
0.000000e+00
2.470010e+01
4.474081e+01
3.547132e+01
8.910500e+01
3.745117e+01
2.928588e+00
6.810023e-01
7.347427e-02
0.000000e+00
0.000000e+00
0.000000e+00
0.000000e+00
0.000000e+00
0.000000e+00
0.000000e+00
0.000000e+00
0.000000e+00
0.000000e+00
0.000000e+00
0.000000e+00
0.000000e+00
0.000000e+00
0.000000e+00
5.255125e-03
2.421673e-02
1.000353e-02
1.698767e-03
0.000000e+00
0.000000e+00
0.000000e+00
0.000000e+00
0.000000e+00
0.000000e+00
6.087000e-02
0.000000e+00
0.000000e+00
0.000000e+00
0.000000e+00
6.125618e-04
2.618516e-04
1.722191e-04
0.000000e+00
0.000000e+00
0.000000e+00
