1.343100e-01
0.000000e+00
0.000000e+00
2.275067e-02
0.000000e+00
3.499171e-03
1.679249e-03
0.000000e+00
2.874743e-04
0.000000e+00
0.000000e+00
0.000000e+00
9.117492e-02
3.084838e-02
0.000000e+00
2.162901e-02
0.000000e+00
0.000000e+00
4.358141e-04
0.000000e+00
0.000000e+00
0.000000e+00
3.794400e-02
1.435607e-02
2.135130e-02
1.273724e-03
1.691827e-02
0.000000e+00
3.333476e-04
3.002042e-04
2.415480e-05
0.000000e+00
0.000000e+00
7.700109e+00
1.743552e+01
1.293145e+01
6.893528e+00
4.224223e+00
1.404486e+00
3.286015e-01
1.344815e-01
8.953622e-03
0.000000e+00
0.000000e+00
1.700000e-01
2.208875e+01
2.054138e+01
8.499510e+00
4.298626e+00
1.987624e+00
3.358465e-01
1.351683e-01
2.452873e-04
0.000000e+00
0.000000e+00
2.328710e+01
3.874638e+01
2.771212e+01
1.624177e+01
8.822498e+00
3.606096e+00
8.856541e-01
3.119124e-01
3.751561e-02
0.000000e+00
0.000000e+00
0.000000e+00
0.000000e+00
0.000000e+00
0.000000e+00
0.000000e+00
0.000000e+00
0.000000e+00
0.000000e+00
0.000000e+00
0.000000e+00
0.000000e+00
0.000000e+00
0.000000e+00
0.000000e+00
0.000000e+00
0.000000e+00
0.000000e+00
0.000000e+00
0.000000e+00
0.000000e+00
0.000000e+00
0.000000e+00
1.021700e-01
1.615932e-02
1.002577e-02
1.564258e-02
7.086967e-03
4.672862e-03
1.335105e-03
3.693963e-04
1.538821e-04
0.000000e+00
0.000000e+00
