3.835000e-01
0.000000e+00
2.284139e-01
0.000000e+00
8.692508e-03
1.082899e-03
0.000000e+00
3.949006e-04
0.000000e+00
0.000000e+00
0.000000e+00
0.000000e+00
6.042020e-01
0.000000e+00
3.388974e-02
0.000000e+00
0.000000e+00
1.333299e-03
0.000000e+00
0.000000e+00
0.000000e+00
0.000000e+00
3.023400e-02
0.000000e+00
8.209360e-03
7.663906e-03
1.600676e-03
0.000000e+00
2.751190e-03
1.088688e-04
0.000000e+00
0.000000e+00
0.000000e+00
4.201369e+00
1.930836e+01
3.151085e+00
3.816367e+00
5.933228e-01
3.520396e-01
2.494876e-01
1.511459e-02
0.000000e+00
0.000000e+00
0.000000e+00
2.140000e-01
1.204623e+01
6.663716e+00
1.909375e+00
3.356432e-01
4.647959e-01
6.615663e-01
8.093591e-04
0.000000e+00
0.000000e+00
0.000000e+00
3.194230e+01
1.433553e+02
3.920735e+01
1.270411e+01
4.021505e+00
9.228203e-02
2.289408e+00
4.477838e-02
0.000000e+00
0.000000e+00
0.000000e+00
0.000000e+00
0.000000e+00
0.000000e+00
0.000000e+00
0.000000e+00
0.000000e+00
0.000000e+00
0.000000e+00
0.000000e+00
0.000000e+00
0.000000e+00
0.000000e+00
0.000000e+00
0.000000e+00
0.000000e+00
0.000000e+00
7.961132e-04
0.000000e+00
1.667013e-05
0.000000e+00
0.000000e+00
0.000000e+00
5.688000e-02
1.755633e-02
1.825444e-02
1.869946e-02
3.995758e-03
0.000000e+00
2.375457e-04
0.000000e+00
0.000000e+00
0.000000e+00
0.000000e+00
