5.255700e-02
3.881185e-02
0.000000e+00
1.784796e-03
0.000000e+00
2.212978e-03
0.000000e+00
2.643516e-04
0.000000e+00
0.000000e+00
0.000000e+00
0.000000e+00
0.000000e+00
3.285727e-04
0.000000e+00
1.289760e-02
0.000000e+00
7.743479e-05
0.000000e+00
3.956853e-05
4.374118e-06
0.000000e+00
2.599700e-02
9.708638e-03
1.194768e-02
0.000000e+00
6.344106e-03
1.041595e-03
5.463748e-04
5.496762e-04
0.000000e+00
9.684243e-05
0.000000e+00
8.805135e+00
1.724491e+01
8.760430e+00
4.173388e+00
1.831582e+00
4.680425e-01
3.066288e-01
1.315073e-01
6.209514e-02
1.860527e-02
0.000000e+00
3.330000e-01
1.995738e+01
2.015631e+00
1.093545e+01
4.823110e+00
5.018322e-01
2.813912e-01
1.706321e-01
6.153051e-02
5.748067e-02
0.000000e+00
2.854690e+01
8.214783e+01
6.601296e+01
2.720822e+01
3.297747e+01
1.932270e+00
1.525896e+00
1.733846e+00
4.704904e-01
9.827386e-01
0.000000e+00
0.000000e+00
0.000000e+00
0.000000e+00
0.000000e+00
0.000000e+00
0.000000e+00
0.000000e+00
0.000000e+00
0.000000e+00
0.000000e+00
0.000000e+00
0.000000e+00
2.552283e-02
0.000000e+00
9.909953e-03
0.000000e+00
5.363651e-04
0.000000e+00
2.725560e-05
2.448393e-05
1.477197e-05
0.000000e+00
8.440000e-02
0.000000e+00
4.176644e-02
0.000000e+00
2.179795e-03
0.000000e+00
5.476171e-04
0.000000e+00
0.000000e+00
0.000000e+00
0.000000e+00
