2.009340e-01
0.000000e+00
1.019377e-01
0.000000e+00
3.933434e-02
0.000000e+00
2.165472e-03
0.000000e+00
3.416225e-04
0.000000e+00
2.279051e-05
0.000000e+00
2.266985e-01
0.000000e+00
5.978828e-02
0.000000e+00
1.024860e-02
0.000000e+00
8.479554e-04
0.000000e+00
1.125644e-04
0.000000e+00
5.424000e-03
2.733801e-02
0.000000e+00
1.313563e-02
0.000000e+00
1.588721e-03
0.000000e+00
3.812336e-04
0.000000e+00
9.116723e-05
0.000000e+00
5.916531e+00
1.886318e+01
1.032617e+01
7.850292e+00
2.718473e+00
8.243419e-01
6.685294e-02
5.467057e-02
2.595785e-02
1.235393e-02
2.914369e-03
1.380000e-01
2.213838e+01
1.928192e+01
5.673272e+00
4.503417e+00
1.928141e-01
7.815869e-02
7.604928e-02
2.734798e-02
1.389872e-02
2.399111e-03
2.495730e+01
3.803039e+01
2.678517e+01
1.579592e+01
1.130147e+01
4.942770e+00
2.040045e-01
1.499635e-01
5.929147e-02
6.479486e-02
1.174086e-02
0.000000e+00
0.000000e+00
0.000000e+00
0.000000e+00
0.000000e+00
0.000000e+00
0.000000e+00
0.000000e+00
0.000000e+00
0.000000e+00
0.000000e+00
0.000000e+00
0.000000e+00
0.000000e+00
0.000000e+00
6.690780e-04
0.000000e+00
4.353411e-05
0.000000e+00
0.000000e+00
0.000000e+00
0.000000e+00
8.591000e-02
6.595027e-03
2.348017e-03
1.511085e-02
0.000000e+00
3.654833e-03
0.000000e+00
5.739471e-05
5.762151e-05
3.004696e-05
9.683076e-06
