8.118500e-02
0.000000e+00
0.000000e+00
6.373040e-02
0.000000e+00
2.884603e-03
0.000000e+00
0.000000e+00
6.872561e-04
0.000000e+00
1.201979e-04
0.000000e+00
2.080658e-02
4.325165e-02
0.000000e+00
3.143588e-02
0.000000e+00
4.498808e-04
7.819933e-04
0.000000e+00
3.232268e-04
0.000000e+00
2.754100e-02
0.000000e+00
2.245534e-02
0.000000e+00
2.801167e-03
1.103022e-03
1.383906e-04
5.076829e-04
5.403927e-05
3.770622e-05
1.033012e-05
7.890227e+00
1.738107e+01
7.692538e+00
1.934811e+00
1.379092e+00
2.184667e-01
1.575531e-01
1.365569e-01
3.377202e-02
2.616325e-02
8.381997e-03
2.990000e-01
2.337873e+01
1.590968e+00
2.453941e+00
4.482630e-01
3.043094e-01
2.853481e-01
1.175001e-01
5.828659e-02
4.135266e-02
2.504971e-04
2.905700e+01
8.795210e+01
4.558080e+01
6.392883e+00
6.519245e+00
4.138917e-01
5.164257e-01
2.239831e-01
1.934632e-01
1.204194e-01
2.871871e-02
0.000000e+00
0.000000e+00
0.000000e+00
0.000000e+00
0.000000e+00
0.000000e+00
0.000000e+00
0.000000e+00
0.000000e+00
0.000000e+00
0.000000e+00
0.000000e+00
2.047854e-03
0.000000e+00
4.758476e-03
0.000000e+00
8.620816e-05
0.000000e+00
0.000000e+00
0.000000e+00
0.000000e+00
0.000000e+00
1.077200e-01
0.000000e+00
5.018293e-02
0.000000e+00
4.174336e-03
0.000000e+00
2.656390e-04
3.707569e-04
9.356303e-05
8.589366e-05
1.174439e-04
