4.483240e-01
0.000000e+00
1.467251e-01
0.000000e+00
0.000000e+00
1.060709e-02
6.359612e-04
0.000000e+00
0.000000e+00
0.000000e+00
0.000000e+00
0.000000e+00
3.871558e-01
0.000000e+00
5.634721e-02
3.088184e-02
0.000000e+00
0.000000e+00
4.681881e-05
0.000000e+00
0.000000e+00
0.000000e+00
5.071400e-02
5.713231e-02
1.316199e-02
4.030232e-02
9.103474e-03
1.839239e-03
0.000000e+00
1.075437e-04
0.000000e+00
0.000000e+00
0.000000e+00
5.189212e+00
1.608589e+01
6.638201e+00
4.011313e+00
1.908463e+00
7.315249e-01
1.525486e-01
3.090466e-02
0.000000e+00
0.000000e+00
0.000000e+00
2.060000e-01
6.490413e+00
1.089896e+01
1.975356e+00
2.417241e+00
3.282211e-01
1.182780e-01
1.224066e-03
0.000000e+00
0.000000e+00
0.000000e+00
2.710690e+01
1.219560e+02
9.377085e+00
5.567906e+00
1.085710e+01
3.592961e+00
8.093183e-01
8.422925e-02
0.000000e+00
0.000000e+00
0.000000e+00
0.000000e+00
0.000000e+00
0.000000e+00
0.000000e+00
0.000000e+00
0.000000e+00
0.000000e+00
0.000000e+00
0.000000e+00
0.000000e+00
0.000000e+00
4.854000e-02
0.000000e+00
2.247664e-02
0.000000e+00
0.000000e+00
0.000000e+00
0.000000e+00
0.000000e+00
0.000000e+00
0.000000e+00
0.000000e+00
0.000000e+00
1.294769e-02
0.000000e+00
1.405092e-02
2.476059e-03
5.926940e-03
1.397464e-03
3.558732e-04
0.000000e+00
0.000000e+00
0.000000e+00
