1.827500e-02
7.520914e-02
0.000000e+00
0.000000e+00
5.245526e-03
0.000000e+00
1.973438e-03
0.000000e+00
0.000000e+00
0.000000e+00
0.000000e+00
0.000000e+00
0.000000e+00
3.154144e-02
2.830893e-03
0.000000e+00
5.206500e-03
0.000000e+00
0.000000e+00
0.000000e+00
0.000000e+00
0.000000e+00
2.908800e-02
9.473065e-03
2.790603e-02
8.876850e-03
1.320983e-02
4.738038e-04
5.082112e-04
0.000000e+00
0.000000e+00
0.000000e+00
0.000000e+00
1.237782e+01
1.051625e+01
1.079554e+01
2.343266e+00
1.003082e+00
3.440309e-01
1.453768e-01
0.000000e+00
0.000000e+00
0.000000e+00
0.000000e+00
2.530000e-01
2.414880e+01
1.940933e+00
3.130529e+00
2.827439e-01
6.631065e-01
4.254354e-03
0.000000e+00
0.000000e+00
0.000000e+00
0.000000e+00
2.880450e+01
8.397123e+01
3.207790e+01
1.584341e+01
1.362019e+00
1.929629e+00
4.998954e-01
0.000000e+00
0.000000e+00
0.000000e+00
0.000000e+00
0.000000e+00
0.000000e+00
0.000000e+00
0.000000e+00
0.000000e+00
0.000000e+00
0.000000e+00
0.000000e+00
0.000000e+00
0.000000e+00
0.000000e+00
0.000000e+00
0.000000e+00
0.000000e+00
1.571446e-03
0.000000e+00
0.000000e+00
0.000000e+00
0.000000e+00
0.000000e+00
0.000000e+00
0.000000e+00
1.086400e-01
2.262871e-03
4.513157e-02
0.000000e+00
2.582391e-03
5.015012e-04
1.992497e-03
0.000000e+00
0.000000e+00
0.000000e+00
0.000000e+00
