1.749760e-01
0.000000e+00
1.215311e-01
0.000000e+00
1.461853e-02
0.000000e+00
1.969150e-03
5.492122e-05
3.339564e-05
0.000000e+00
0.000000e+00
0.000000e+00
3.098388e-01
0.000000e+00
1.265382e-02
0.000000e+00
1.129216e-02
0.000000e+00
0.000000e+00
0.000000e+00
0.000000e+00
0.000000e+00
0.000000e+00
0.000000e+00
1.074094e-02
1.291004e-03
1.380423e-03
2.055095e-03
1.438681e-03
0.000000e+00
1.816391e-04
0.000000e+00
0.000000e+00
7.310853e+00
1.720384e+01
8.241130e+00
2.641962e+00
1.274737e+00
7.973404e-01
1.701704e-01
1.282957e-02
1.737282e-02
0.000000e+00
0.000000e+00
3.670000e-01
2.958752e+01
3.402201e+00
1.731742e+00
1.730685e+00
3.141547e-01
3.487659e-01
3.966565e-02
4.614083e-04
0.000000e+00
0.000000e+00
3.135690e+01
9.152883e+01
3.574017e+01
1.311115e+01
5.494042e+00
1.637018e+00
4.911460e+00
1.816664e-01
4.358377e-02
0.000000e+00
0.000000e+00
0.000000e+00
0.000000e+00
0.000000e+00
0.000000e+00
0.000000e+00
0.000000e+00
0.000000e+00
0.000000e+00
0.000000e+00
0.000000e+00
0.000000e+00
0.000000e+00
0.000000e+00
0.000000e+00
0.000000e+00
0.000000e+00
0.000000e+00
3.274268e-04
8.151755e-06
0.000000e+00
0.000000e+00
0.000000e+00
1.231100e-01
2.408930e-02
5.861358e-02
7.710198e-03
2.470191e-03
2.924244e-03
0.000000e+00
0.000000e+00
9.346418e-05
0.000000e+00
0.000000e+00
