1.803790e-01
0.000000e+00
0.000000e+00
0.000000e+00
1.546918e-02
0.000000e+00
8.312643e-04
0.000000e+00
0.000000e+00
0.000000e+00
0.000000e+00
0.000000e+00
4.762994e-02
3.053454e-02
5.982962e-03
0.000000e+00
5.824732e-03
0.000000e+00
0.000000e+00
0.000000e+00
0.000000e+00
0.000000e+00
3.128000e-03
6.684356e-02
3.649601e-02
3.013482e-02
7.953993e-05
3.187207e-03
0.000000e+00
0.000000e+00
0.000000e+00
0.000000e+00
0.000000e+00
6.555190e+00
1.550070e+01
1.413419e+01
6.519177e+00
3.146319e+00
9.036941e-01
1.016523e-01
0.000000e+00
0.000000e+00
0.000000e+00
0.000000e+00
1.480000e-01
1.958608e+01
1.721599e+01
6.839149e+00
3.585001e+00
5.767169e-01
3.447506e-03
0.000000e+00
0.000000e+00
0.000000e+00
0.000000e+00
2.504200e+01
4.455007e+01
2.663774e+01
2.986132e+01
1.049393e+01
0.000000e+00
3.598006e-01
0.000000e+00
0.000000e+00
0.000000e+00
0.000000e+00
0.000000e+00
0.000000e+00
0.000000e+00
0.000000e+00
0.000000e+00
2.580594e+00
0.000000e+00
0.000000e+00
0.000000e+00
0.000000e+00
0.000000e+00
0.000000e+00
0.000000e+00
1.278591e-02
0.000000e+00
7.118612e-03
0.000000e+00
0.000000e+00
0.000000e+00
0.000000e+00
0.000000e+00
0.000000e+00
7.700000e-02
4.460454e-03
0.000000e+00
1.007162e-03
0.000000e+00
2.073511e-03
1.009254e-03
0.000000e+00
0.000000e+00
0.000000e+00
0.000000e+00
