1.234910e-01
0.000000e+00
0.000000e+00
3.403320e-02
0.000000e+00
5.247183e-03
5.244201e-04
0.000000e+00
1.287420e-04
0.000000e+00
1.062724e-05
0.000000e+00
3.027242e-03
1.027509e-01
0.000000e+00
1.496241e-02
0.000000e+00
0.000000e+00
7.078248e-04
0.000000e+00
4.164031e-05
0.000000e+00
1.245900e-02
0.000000e+00
3.994845e-02
0.000000e+00
7.456391e-03
1.103597e-03
5.591296e-04
3.753740e-04
0.000000e+00
5.664358e-06
2.912384e-06
7.737885e+00
1.596608e+01
1.503426e+01
6.200193e+00
3.686793e+00
6.523844e-01
1.695520e-01
3.612344e-02
3.015032e-03
3.339380e-03
8.595605e-04
1.580000e-01
2.827521e+01
1.567392e+01
6.825762e+00
3.500274e+00
4.757364e-01
1.386434e-01
1.244315e-02
6.065262e-03
2.334801e-03
3.022798e-05
2.463610e+01
3.553965e+01
2.612313e+01
2.069945e+01
1.002817e+01
1.852172e+00
2.459077e-01
1.225744e-01
2.610051e-02
1.596880e-02
2.744807e-03
0.000000e+00
0.000000e+00
0.000000e+00
0.000000e+00
0.000000e+00
0.000000e+00
0.000000e+00
0.000000e+00
0.000000e+00
0.000000e+00
0.000000e+00
0.000000e+00
0.000000e+00
0.000000e+00
0.000000e+00
0.000000e+00
0.000000e+00
0.000000e+00
0.000000e+00
2.245168e-06
0.000000e+00
0.000000e+00
9.598000e-02
1.261086e-02
8.173789e-03
1.168561e-02
1.034309e-02
4.660073e-03
1.470296e-04
1.710751e-04
0.000000e+00
2.026772e-05
9.718118e-06
