8.300500e-02
0.000000e+00
3.789388e-03
3.377181e-02
0.000000e+00
1.164928e-03
0.000000e+00
5.847550e-04
1.875674e-04
0.000000e+00
0.000000e+00
0.000000e+00
7.626045e-02
0.000000e+00
0.000000e+00
1.689420e-02
0.000000e+00
5.325737e-04
0.000000e+00
0.000000e+00
0.000000e+00
0.000000e+00
0.000000e+00
8.204999e-02
0.000000e+00
4.756540e-03
7.206540e-03
4.099770e-03
3.628552e-05
3.031268e-04
0.000000e+00
0.000000e+00
0.000000e+00
7.813809e+00
1.728455e+01
8.344696e+00
1.577906e+00
1.976535e+00
8.991381e-01
4.007348e-01
7.070209e-02
1.380247e-02
0.000000e+00
0.000000e+00
3.000000e-01
2.191621e+01
1.197142e+00
3.251639e+00
2.300272e+00
9.001716e-01
3.531426e-01
5.451387e-02
5.368499e-04
0.000000e+00
0.000000e+00
2.899210e+01
8.086199e+01
6.308442e+01
4.826068e+00
5.208775e+00
4.539262e+00
2.049819e+00
3.064874e-01
5.504693e-02
0.000000e+00
0.000000e+00
0.000000e+00
0.000000e+00
0.000000e+00
0.000000e+00
0.000000e+00
0.000000e+00
0.000000e+00
0.000000e+00
0.000000e+00
0.000000e+00
0.000000e+00
0.000000e+00
9.193335e-03
0.000000e+00
1.418048e-03
0.000000e+00
0.000000e+00
0.000000e+00
0.000000e+00
0.000000e+00
0.000000e+00
0.000000e+00
1.109300e-01
0.000000e+00
6.281398e-02
0.000000e+00
1.107581e-03
1.831690e-03
8.292950e-04
3.568512e-04
1.884792e-04
0.000000e+00
0.000000e+00
