4.735000e-02
1.490913e-01
0.000000e+00
9.814749e-02
0.000000e+00
1.648311e-02
0.000000e+00
7.255702e-06
3.996280e-04
0.000000e+00
0.000000e+00
0.000000e+00
0.000000e+00
1.752088e-01
0.000000e+00
5.732377e-02
0.000000e+00
6.719709e-03
0.000000e+00
0.000000e+00
0.000000e+00
0.000000e+00
1.492410e-01
0.000000e+00
1.995817e-02
6.454499e-02
5.255657e-03
0.000000e+00
0.000000e+00
3.374152e-04
9.393160e-06
0.000000e+00
0.000000e+00
1.442180e+01
7.340966e+00
1.694209e+01
5.672315e+00
3.877673e+00
2.279972e-01
4.047493e-01
1.988166e-01
9.038288e-03
0.000000e+00
0.000000e+00
1.320000e-01
2.018417e+01
1.692751e+01
1.884893e+01
1.128195e+00
7.791399e-01
2.953733e-01
1.983002e-01
4.041807e-05
0.000000e+00
0.000000e+00
2.454610e+01
4.079303e+01
4.648589e+01
2.158393e+02
5.347815e+00
4.661535e-01
0.000000e+00
0.000000e+00
3.216923e-02
0.000000e+00
0.000000e+00
0.000000e+00
0.000000e+00
0.000000e+00
0.000000e+00
0.000000e+00
0.000000e+00
6.341619e-01
5.032861e-01
0.000000e+00
0.000000e+00
0.000000e+00
0.000000e+00
0.000000e+00
4.892979e-03
0.000000e+00
0.000000e+00
1.198063e-03
4.619281e-04
7.860669e-04
1.079324e-04
0.000000e+00
0.000000e+00
8.015000e-02
3.500821e-03
0.000000e+00
6.168404e-03
5.292604e-03
0.000000e+00
0.000000e+00
0.000000e+00
0.000000e+00
0.000000e+00
0.000000e+00
