5.033800e-02
1.823548e-01
0.000000e+00
5.414618e-02
3.256733e-03
0.000000e+00
1.854939e-04
6.114729e-06
0.000000e+00
3.586752e-06
0.000000e+00
0.000000e+00
0.000000e+00
1.714196e-01
0.000000e+00
0.000000e+00
8.995696e-04
0.000000e+00
0.000000e+00
8.298859e-06
0.000000e+00
2.248838e-07
2.872000e-03
6.874199e-04
2.714332e-03
8.252070e-04
1.737652e-04
9.437249e-05
4.382983e-05
2.063575e-05
1.070941e-05
4.230048e-06
2.057240e-06
7.076588e+00
1.440503e+01
1.061291e+01
3.162640e+00
5.244151e-01
2.105729e-01
4.889841e-02
1.639794e-02
5.384731e-03
1.554023e-03
5.437825e-04
3.280000e-01
1.804404e+01
7.117657e+00
1.333100e+00
3.889601e-01
1.098323e-01
3.326738e-02
1.028071e-02
3.259669e-03
1.050204e-03
3.442655e-04
2.899860e+01
7.369671e+01
8.913468e+01
1.433034e+01
2.857203e+00
8.129363e-01
2.413119e-01
7.382439e-02
2.318015e-02
7.434889e-03
2.420816e-03
0.000000e+00
0.000000e+00
0.000000e+00
0.000000e+00
0.000000e+00
0.000000e+00
0.000000e+00
0.000000e+00
0.000000e+00
0.000000e+00
0.000000e+00
0.000000e+00
3.171360e-03
0.000000e+00
0.000000e+00
0.000000e+00
0.000000e+00
0.000000e+00
0.000000e+00
0.000000e+00
0.000000e+00
0.000000e+00
1.282600e-01
0.000000e+00
5.138498e-02
1.951281e-02
5.051520e-03
1.449015e-03
4.270799e-04
1.297493e-04
4.041941e-05
1.287158e-05
4.172794e-06
