1.714010e-01
0.000000e+00
0.000000e+00
8.097419e-03
1.823050e-02
0.000000e+00
1.013638e-03
1.318754e-03
0.000000e+00
0.000000e+00
8.728396e-05
0.000000e+00
1.167891e-01
4.625470e-02
0.000000e+00
0.000000e+00
7.940004e-03
0.000000e+00
0.000000e+00
2.108398e-04
9.549240e-05
0.000000e+00
5.969000e-03
4.462533e-02
1.031253e-03
8.885417e-04
6.011719e-03
7.815804e-05
1.293596e-03
4.389824e-04
1.595287e-04
1.584809e-04
9.213766e-06
6.304381e+00
1.819417e+01
1.301833e+01
6.123774e+00
2.755932e+00
1.428408e+00
7.907896e-01
2.741343e-01
1.113946e-01
4.974169e-02
3.248651e-03
1.530000e-01
2.155533e+01
1.711828e+01
6.983611e+00
4.457655e+00
1.469200e+00
1.014402e+00
3.511969e-01
1.040001e-01
4.558918e-02
7.852195e-05
2.451580e+01
3.907289e+01
2.822338e+01
1.553672e+01
6.755327e+00
3.096657e+00
2.304109e+00
8.676786e-01
2.738745e-01
1.110685e-01
1.277714e-02
0.000000e+00
0.000000e+00
0.000000e+00
0.000000e+00
0.000000e+00
0.000000e+00
0.000000e+00
0.000000e+00
0.000000e+00
0.000000e+00
0.000000e+00
0.000000e+00
0.000000e+00
0.000000e+00
0.000000e+00
0.000000e+00
0.000000e+00
0.000000e+00
0.000000e+00
0.000000e+00
0.000000e+00
0.000000e+00
1.058100e-01
1.774156e-02
1.369428e-02
2.221754e-02
5.983429e-03
1.585219e-03
1.796876e-03
1.270356e-03
4.282077e-04
1.613211e-04
5.505436e-05
