3.939560e-01
0.000000e+00
2.280716e-01
0.000000e+00
1.992740e-02
0.000000e+00
4.040811e-03
0.000000e+00
1.555109e-04
0.000000e+00
0.000000e+00
0.000000e+00
4.602443e-01
0.000000e+00
6.498349e-02
0.000000e+00
1.820401e-02
0.000000e+00
4.125295e-04
0.000000e+00
2.477759e-05
0.000000e+00
6.375000e-03
5.181939e-02
0.000000e+00
2.873224e-02
2.373641e-03
6.592195e-03
0.000000e+00
1.924440e-04
0.000000e+00
9.979841e-06
0.000000e+00
5.131448e+00
1.865802e+01
7.727260e+00
5.201641e+00
2.661890e+00
1.327588e+00
2.166070e-01
1.169426e-01
3.267333e-02
5.366150e-03
0.000000e+00
1.540000e-01
9.945408e+00
7.900780e+00
4.656858e+00
2.934676e+00
7.348765e-01
2.594355e-01
7.540184e-02
2.052615e-02
2.626481e-04
0.000000e+00
2.922340e+01
1.166140e+02
2.053121e+01
2.099989e+01
1.201278e+01
5.872863e+00
1.329775e+00
5.380697e-01
1.561213e-01
1.613811e-02
0.000000e+00
0.000000e+00
0.000000e+00
0.000000e+00
0.000000e+00
0.000000e+00
0.000000e+00
0.000000e+00
0.000000e+00
0.000000e+00
0.000000e+00
0.000000e+00
6.120000e-03
1.249634e-02
1.795522e-02
9.554498e-04
0.000000e+00
0.000000e+00
0.000000e+00
0.000000e+00
0.000000e+00
0.000000e+00
0.000000e+00
0.000000e+00
0.000000e+00
0.000000e+00
0.000000e+00
1.565608e-03
2.257912e-03
9.383310e-04
7.952489e-04
2.519590e-04
6.538978e-05
0.000000e+00
