8.287200e-02
0.000000e+00
1.432956e-02
1.553253e-02
5.272172e-03
0.000000e+00
0.000000e+00
2.496434e-03
0.000000e+00
1.722710e-04
0.000000e+00
0.000000e+00
1.098973e-01
0.000000e+00
0.000000e+00
0.000000e+00
9.792755e-04
4.073308e-03
0.000000e+00
1.013860e-03
0.000000e+00
6.047387e-06
0.000000e+00
1.327287e-01
8.762020e-02
0.000000e+00
2.496904e-03
0.000000e+00
3.264876e-04
4.068871e-05
0.000000e+00
2.073022e-05
5.645246e-06
7.737885e+00
2.093988e+01
1.071081e+01
9.834058e-01
1.031242e+00
4.683723e-01
2.900224e-01
8.969704e-02
4.115462e-02
8.758770e-03
3.544296e-03
2.620000e-01
2.239663e+01
2.715283e+01
2.758304e+00
5.160810e-01
3.508725e-01
2.802789e-01
6.314073e-02
1.397235e-02
1.118409e-02
1.000806e-04
3.060990e+01
1.003307e+02
1.307803e+02
1.130777e+01
2.792781e+00
5.833602e-02
1.304119e+00
2.944027e-01
2.191217e-01
5.200471e-02
1.069911e-02
0.000000e+00
0.000000e+00
0.000000e+00
0.000000e+00
0.000000e+00
0.000000e+00
0.000000e+00
0.000000e+00
0.000000e+00
0.000000e+00
0.000000e+00
0.000000e+00
4.662447e-04
0.000000e+00
0.000000e+00
0.000000e+00
1.222850e-04
0.000000e+00
0.000000e+00
0.000000e+00
0.000000e+00
0.000000e+00
9.185000e-02
0.000000e+00
4.590889e-02
6.017763e-05
4.827549e-03
0.000000e+00
2.826521e-04
5.257096e-04
1.336895e-04
5.928215e-06
4.044179e-05
