1.035700e-01
1.107266e-01
0.000000e+00
3.511621e-02
0.000000e+00
3.046883e-03
3.659952e-04
0.000000e+00
1.833808e-04
0.000000e+00
0.000000e+00
0.000000e+00
0.000000e+00
1.199977e-01
0.000000e+00
1.986291e-02
0.000000e+00
0.000000e+00
6.720657e-05
0.000000e+00
0.000000e+00
0.000000e+00
0.000000e+00
3.359849e-02
1.685741e-04
0.000000e+00
8.743120e-03
8.951361e-04
2.977436e-04
1.116996e-03
0.000000e+00
0.000000e+00
0.000000e+00
1.488512e+01
6.454014e+00
1.892970e+01
8.637785e+00
3.151343e+00
7.044549e-01
3.824773e-01
1.345093e-01
1.031982e-02
0.000000e+00
0.000000e+00
1.630000e-01
1.941496e+01
1.901771e+01
1.376736e+01
3.527284e+00
8.206168e-01
4.570368e-01
1.786900e-01
1.635263e-04
0.000000e+00
0.000000e+00
2.468330e+01
4.007185e+01
3.917195e+01
1.474094e+02
6.487371e+00
1.962477e+00
3.255931e+00
1.468557e+00
2.997291e-02
0.000000e+00
0.000000e+00
0.000000e+00
0.000000e+00
0.000000e+00
0.000000e+00
0.000000e+00
0.000000e+00
0.000000e+00
0.000000e+00
0.000000e+00
0.000000e+00
0.000000e+00
0.000000e+00
2.495100e-03
2.074794e-02
0.000000e+00
0.000000e+00
0.000000e+00
0.000000e+00
0.000000e+00
0.000000e+00
0.000000e+00
0.000000e+00
6.548000e-02
0.000000e+00
0.000000e+00
1.302756e-03
1.831207e-03
1.449514e-03
1.100579e-04
1.074851e-04
8.230822e-05
0.000000e+00
0.000000e+00
