1.250050e-01
0.000000e+00
0.000000e+00
6.206473e-02
0.000000e+00
8.077079e-03
0.000000e+00
6.336463e-04
0.000000e+00
1.437768e-04
0.000000e+00
0.000000e+00
1.180147e-02
1.157751e-01
0.000000e+00
2.158078e-02
0.000000e+00
2.770485e-03
0.000000e+00
3.198218e-04
0.000000e+00
2.382533e-05
2.778200e-02
0.000000e+00
5.048718e-02
0.000000e+00
1.434165e-02
7.671986e-04
7.490825e-04
3.533385e-05
0.000000e+00
1.597072e-06
4.952240e-06
6.934942e+00
1.761668e+01
1.361180e+01
5.963909e+00
2.997638e+00
6.518057e-01
2.567960e-01
4.744386e-02
2.758427e-02
1.300411e-02
4.352830e-03
1.380000e-01
2.034056e+01
1.677360e+01
7.021932e+00
2.933723e+00
6.368138e-01
1.180890e-01
6.262620e-03
4.263951e-02
1.032026e-02
3.916176e-03
2.483450e+01
3.705093e+01
2.835656e+01
1.467162e+01
9.738351e+00
2.257354e+00
1.067150e+00
1.668974e-01
1.044197e-01
3.925806e-02
9.323882e-03
0.000000e+00
0.000000e+00
0.000000e+00
0.000000e+00
0.000000e+00
0.000000e+00
0.000000e+00
0.000000e+00
0.000000e+00
0.000000e+00
0.000000e+00
0.000000e+00
0.000000e+00
0.000000e+00
0.000000e+00
0.000000e+00
0.000000e+00
0.000000e+00
0.000000e+00
0.000000e+00
0.000000e+00
0.000000e+00
1.100300e-01
1.891828e-02
1.564811e-02
2.173884e-02
6.077813e-03
2.118386e-03
1.505000e-03
4.416936e-05
3.705642e-05
1.022006e-04
1.466950e-05
