2.176090e-01
0.000000e+00
5.739365e-03
0.000000e+00
3.973559e-02
0.000000e+00
0.000000e+00
3.971013e-04
0.000000e+00
0.000000e+00
0.000000e+00
0.000000e+00
1.985303e-01
0.000000e+00
1.772429e-02
0.000000e+00
7.380746e-03
9.651218e-05
0.000000e+00
0.000000e+00
0.000000e+00
0.000000e+00
0.000000e+00
1.147181e-01
0.000000e+00
4.163498e-02
0.000000e+00
1.511222e-02
5.421889e-04
0.000000e+00
0.000000e+00
0.000000e+00
0.000000e+00
4.918651e+00
2.014313e+01
1.202999e+01
6.795222e+00
2.098495e+00
1.085971e+00
1.860740e-01
3.700622e-03
0.000000e+00
0.000000e+00
0.000000e+00
1.250000e-01
2.081176e+01
1.367755e+01
8.833880e+00
6.584350e+00
8.483216e-01
2.226868e-01
1.220282e-04
0.000000e+00
0.000000e+00
0.000000e+00
2.445980e+01
3.692192e+01
3.042819e+01
1.430056e+01
1.441779e+01
0.000000e+00
1.240465e+00
2.574621e-02
0.000000e+00
0.000000e+00
0.000000e+00
0.000000e+00
0.000000e+00
0.000000e+00
0.000000e+00
0.000000e+00
6.614097e-01
0.000000e+00
0.000000e+00
0.000000e+00
0.000000e+00
0.000000e+00
0.000000e+00
0.000000e+00
0.000000e+00
0.000000e+00
0.000000e+00
1.528842e-03
3.930619e-04
2.287334e-05
0.000000e+00
0.000000e+00
0.000000e+00
8.361000e-02
3.973893e-03
2.176962e-03
1.190201e-02
3.438758e-04
0.000000e+00
0.000000e+00
0.000000e+00
0.000000e+00
0.000000e+00
0.000000e+00
