4.223200e-02
0.000000e+00
2.817905e-02
5.388287e-04
0.000000e+00
8.929601e-04
0.000000e+00
0.000000e+00
1.056440e-04
0.000000e+00
0.000000e+00
0.000000e+00
8.813442e-02
0.000000e+00
0.000000e+00
9.744390e-04
0.000000e+00
3.718809e-04
1.353630e-04
0.000000e+00
0.000000e+00
0.000000e+00
2.431100e-02
3.041406e-03
1.945804e-04
2.862141e-03
0.000000e+00
3.153291e-04
3.464046e-04
3.944154e-04
1.406319e-05
0.000000e+00
0.000000e+00
1.110445e+01
1.314566e+01
9.485374e+00
2.049443e+00
8.081315e-01
1.568297e-01
8.618609e-02
2.683574e-02
1.300556e-03
0.000000e+00
0.000000e+00
3.020000e-01
2.459800e+01
4.082585e+00
1.364315e+00
3.636139e-01
6.832717e-02
1.265923e-01
9.945627e-03
5.690403e-05
0.000000e+00
0.000000e+00
3.122710e+01
9.286402e+01
3.914308e+01
1.033765e+01
2.868662e+00
5.262748e-01
1.566368e-01
1.145868e-01
6.456527e-03
0.000000e+00
0.000000e+00
0.000000e+00
0.000000e+00
0.000000e+00
0.000000e+00
0.000000e+00
0.000000e+00
0.000000e+00
0.000000e+00
0.000000e+00
0.000000e+00
0.000000e+00
0.000000e+00
0.000000e+00
0.000000e+00
0.000000e+00
0.000000e+00
0.000000e+00
6.898806e-05
0.000000e+00
1.172510e-05
0.000000e+00
0.000000e+00
1.264600e-01
2.325918e-02
6.670568e-02
1.877112e-02
4.898216e-03
1.284013e-03
0.000000e+00
2.077873e-04
0.000000e+00
0.000000e+00
0.000000e+00
