2.392000e-02
6.092778e-03
0.000000e+00
0.000000e+00
4.893731e-03
0.000000e+00
1.044785e-03
0.000000e+00
1.898436e-04
0.000000e+00
0.000000e+00
0.000000e+00
0.000000e+00
3.874910e-04
1.019946e-03
0.000000e+00
9.495107e-04
0.000000e+00
6.850248e-04
0.000000e+00
0.000000e+00
0.000000e+00
1.587930e-01
0.000000e+00
1.038962e-01
0.000000e+00
1.721384e-02
0.000000e+00
2.453227e-04
4.517797e-05
3.622034e-05
0.000000e+00
0.000000e+00
9.921539e+00
1.347383e+01
8.965663e+00
2.801009e+00
1.399328e+00
3.760646e-01
1.449082e-01
8.521323e-02
4.430319e-03
0.000000e+00
0.000000e+00
3.500000e-01
2.970079e+01
1.795147e+00
3.481194e+00
6.174610e-01
5.372680e-01
1.605639e-01
7.164755e-02
1.077686e-04
0.000000e+00
0.000000e+00
3.088260e+01
8.471473e+01
5.235085e+01
1.367699e+01
4.728613e+00
8.109776e-01
3.391412e-01
4.957293e-01
2.106909e-02
0.000000e+00
0.000000e+00
0.000000e+00
0.000000e+00
0.000000e+00
0.000000e+00
0.000000e+00
0.000000e+00
0.000000e+00
0.000000e+00
0.000000e+00
0.000000e+00
0.000000e+00
0.000000e+00
0.000000e+00
0.000000e+00
0.000000e+00
0.000000e+00
0.000000e+00
0.000000e+00
0.000000e+00
0.000000e+00
0.000000e+00
0.000000e+00
1.117100e-01
2.674088e-03
5.235317e-02
1.213753e-03
1.095344e-02
9.690163e-05
1.823262e-04
1.887185e-04
7.686087e-05
0.000000e+00
0.000000e+00
