9.273600e-02
0.000000e+00
9.744006e-02
0.000000e+00
0.000000e+00
4.085712e-03
0.000000e+00
0.000000e+00
2.100595e-04
0.000000e+00
0.000000e+00
0.000000e+00
1.993496e-01
0.000000e+00
1.445778e-02
1.453132e-03
0.000000e+00
1.856700e-03
1.022420e-04
0.000000e+00
0.000000e+00
0.000000e+00
0.000000e+00
6.089822e-02
0.000000e+00
2.648260e-03
5.605080e-03
0.000000e+00
2.090461e-03
8.593868e-05
2.072126e-05
0.000000e+00
0.000000e+00
9.721932e+00
1.617997e+01
7.528089e+00
3.094045e+00
1.434603e+00
4.486831e-01
2.180447e-01
2.864049e-02
2.093913e-03
0.000000e+00
0.000000e+00
2.950000e-01
3.539962e+01
9.645235e-01
3.827235e+00
1.817235e+00
4.173837e-01
2.104204e-01
6.652756e-03
5.669290e-05
0.000000e+00
0.000000e+00
3.107150e+01
8.921616e+01
3.664731e+01
9.936508e+00
3.693895e+00
8.709056e-01
1.650601e-01
2.379662e-01
1.192474e-02
0.000000e+00
0.000000e+00
0.000000e+00
0.000000e+00
0.000000e+00
0.000000e+00
0.000000e+00
0.000000e+00
0.000000e+00
0.000000e+00
0.000000e+00
0.000000e+00
0.000000e+00
0.000000e+00
0.000000e+00
0.000000e+00
0.000000e+00
0.000000e+00
0.000000e+00
0.000000e+00
0.000000e+00
1.175433e-05
0.000000e+00
0.000000e+00
1.142200e-01
1.713699e-02
5.642356e-02
8.169856e-03
6.699982e-03
7.731360e-04
4.754714e-04
1.122936e-04
0.000000e+00
0.000000e+00
0.000000e+00
