3.889620e-01
0.000000e+00
6.807911e-02
0.000000e+00
0.000000e+00
5.916427e-03
7.299848e-04
0.000000e+00
0.000000e+00
0.000000e+00
0.000000e+00
0.000000e+00
2.556094e-01
0.000000e+00
2.315824e-02
5.910436e-03
0.000000e+00
0.000000e+00
2.222468e-03
0.000000e+00
0.000000e+00
0.000000e+00
1.266900e-02
1.451877e-01
0.000000e+00
6.056500e-02
1.117273e-02
0.000000e+00
0.000000e+00
4.675371e-04
0.000000e+00
0.000000e+00
0.000000e+00
3.942456e+00
1.550620e+01
1.054258e+01
6.264765e+00
1.894623e+00
8.393449e-01
2.714168e-01
1.114491e-01
0.000000e+00
0.000000e+00
0.000000e+00
1.120000e-01
5.103378e+00
2.076874e+01
7.312974e+00
1.828556e+00
9.099407e-01
2.188313e-01
5.218157e-02
0.000000e+00
0.000000e+00
0.000000e+00
2.417010e+01
6.961701e+01
2.173119e+01
1.205091e+01
2.541308e+00
0.000000e+00
0.000000e+00
0.000000e+00
0.000000e+00
0.000000e+00
0.000000e+00
0.000000e+00
0.000000e+00
0.000000e+00
0.000000e+00
0.000000e+00
9.774580e-01
2.508705e+00
1.294079e+00
0.000000e+00
0.000000e+00
0.000000e+00
6.866000e-02
4.391919e-02
2.536370e-02
4.063239e-03
2.448211e-03
2.366761e-03
1.181816e-03
0.000000e+00
0.000000e+00
0.000000e+00
0.000000e+00
0.000000e+00
0.000000e+00
0.000000e+00
0.000000e+00
0.000000e+00
0.000000e+00
0.000000e+00
1.681245e-04
0.000000e+00
0.000000e+00
0.000000e+00
