6.602500e-02
0.000000e+00
1.016551e-01
0.000000e+00
2.403827e-02
0.000000e+00
5.570826e-03
0.000000e+00
5.203828e-04
0.000000e+00
0.000000e+00
0.000000e+00
1.770255e-01
0.000000e+00
3.598846e-02
0.000000e+00
1.496243e-02
0.000000e+00
1.180757e-03
0.000000e+00
0.000000e+00
0.000000e+00
5.215400e-02
0.000000e+00
2.899410e-03
9.840325e-03
0.000000e+00
7.068669e-03
0.000000e+00
3.106764e-04
0.000000e+00
0.000000e+00
0.000000e+00
1.194311e+01
1.198124e+01
9.755082e+00
2.417835e+00
8.028013e-01
6.602822e-01
1.475461e-01
6.578777e-02
1.453596e-02
0.000000e+00
0.000000e+00
2.850000e-01
2.812195e+01
3.806605e+00
1.660273e+00
1.227058e+00
3.059450e-01
1.607467e-01
5.058136e-02
8.794595e-04
0.000000e+00
0.000000e+00
3.129530e+01
9.274819e+01
3.956562e+01
8.356607e+00
1.251743e+00
2.812271e+00
3.889040e-01
2.888200e-01
7.008313e-02
0.000000e+00
0.000000e+00
0.000000e+00
0.000000e+00
0.000000e+00
0.000000e+00
0.000000e+00
0.000000e+00
0.000000e+00
0.000000e+00
0.000000e+00
0.000000e+00
0.000000e+00
0.000000e+00
0.000000e+00
0.000000e+00
0.000000e+00
2.493530e-03
0.000000e+00
2.344670e-04
0.000000e+00
0.000000e+00
0.000000e+00
0.000000e+00
1.225100e-01
2.108445e-02
6.170853e-02
1.582561e-02
0.000000e+00
1.003109e-03
0.000000e+00
1.868474e-05
1.984283e-04
0.000000e+00
0.000000e+00
