2.503090e-01
0.000000e+00
2.012513e-01
0.000000e+00
5.140382e-02
0.000000e+00
1.571724e-03
0.000000e+00
0.000000e+00
7.406651e-05
0.000000e+00
0.000000e+00
3.457697e-01
0.000000e+00
1.117934e-01
0.000000e+00
8.186967e-03
0.000000e+00
2.559499e-04
1.216777e-04
0.000000e+00
0.000000e+00
2.828000e-03
4.149482e-02
0.000000e+00
2.073585e-02
0.000000e+00
2.412609e-03
1.503423e-04
6.402217e-05
2.052453e-04
4.906319e-07
0.000000e+00
5.031395e+00
1.785491e+01
1.044299e+01
8.201164e+00
3.195338e+00
7.710997e-01
8.976480e-02
5.357497e-02
2.579074e-02
1.841487e-03
0.000000e+00
1.400000e-01
2.404491e+01
1.804767e+01
5.536467e+00
4.528489e+00
1.685126e-01
1.850684e-01
8.226118e-02
3.499133e-02
2.910986e-05
0.000000e+00
2.581530e+01
4.678647e+01
2.324156e+01
3.160745e+01
1.195449e+01
4.862594e+00
1.492140e-01
2.733406e-01
5.412877e-02
8.940729e-03
0.000000e+00
0.000000e+00
0.000000e+00
0.000000e+00
0.000000e+00
0.000000e+00
0.000000e+00
0.000000e+00
0.000000e+00
0.000000e+00
0.000000e+00
0.000000e+00
0.000000e+00
0.000000e+00
1.513326e-02
0.000000e+00
4.728457e-03
0.000000e+00
2.221308e-04
0.000000e+00
4.322542e-06
0.000000e+00
0.000000e+00
6.435000e-02
2.742012e-03
0.000000e+00
6.789858e-03
0.000000e+00
2.926093e-03
0.000000e+00
1.251916e-05
0.000000e+00
2.448664e-05
0.000000e+00
