2.045650e-01
0.000000e+00
1.368625e-01
0.000000e+00
1.317224e-02
0.000000e+00
1.017128e-03
0.000000e+00
2.167421e-04
4.170209e-05
0.000000e+00
0.000000e+00
3.071696e-01
0.000000e+00
3.789506e-02
0.000000e+00
3.647928e-03
0.000000e+00
6.848761e-04
0.000000e+00
0.000000e+00
0.000000e+00
0.000000e+00
3.304493e-01
0.000000e+00
6.195606e-02
0.000000e+00
6.618189e-03
0.000000e+00
1.167223e-04
1.432694e-05
1.036418e-05
0.000000e+00
5.964117e+00
1.769762e+01
5.980079e+00
2.718817e+00
4.105561e-01
4.568484e-01
1.629829e-01
7.607278e-02
2.612746e-02
1.520496e-03
0.000000e+00
3.250000e-01
2.216802e+01
5.453188e+00
6.671284e-01
8.755204e-01
3.162873e-01
1.493832e-01
8.904594e-02
1.971192e-02
3.665847e-05
0.000000e+00
3.073240e+01
9.246536e+01
3.728224e+01
1.388292e+01
4.027029e+00
1.667986e+00
3.253881e-01
7.777591e-01
6.382624e-02
6.662744e-03
0.000000e+00
0.000000e+00
0.000000e+00
0.000000e+00
0.000000e+00
0.000000e+00
0.000000e+00
0.000000e+00
0.000000e+00
0.000000e+00
0.000000e+00
0.000000e+00
0.000000e+00
0.000000e+00
0.000000e+00
0.000000e+00
0.000000e+00
0.000000e+00
0.000000e+00
0.000000e+00
0.000000e+00
0.000000e+00
0.000000e+00
1.358700e-01
3.038275e-02
6.810629e-02
2.004045e-02
8.443237e-04
3.410910e-03
6.154426e-04
7.997598e-05
4.633991e-05
2.364338e-05
0.000000e+00
