1.592740e-01
0.000000e+00
0.000000e+00
2.064235e-02
1.357094e-02
1.972727e-03
0.000000e+00
0.000000e+00
0.000000e+00
0.000000e+00
0.000000e+00
0.000000e+00
5.663013e-02
3.486838e-02
0.000000e+00
0.000000e+00
0.000000e+00
6.341926e-03
0.000000e+00
0.000000e+00
0.000000e+00
0.000000e+00
2.801700e-02
2.439445e-02
2.618881e-02
5.429162e-03
0.000000e+00
4.055830e-03
3.639043e-03
0.000000e+00
0.000000e+00
0.000000e+00
0.000000e+00
6.555190e+00
1.735819e+01
1.290547e+01
6.390144e+00
2.801561e+00
8.805919e-01
3.560899e-01
0.000000e+00
0.000000e+00
0.000000e+00
0.000000e+00
1.240000e-01
1.931607e+01
1.636050e+01
6.949836e+00
2.859430e+00
6.589112e-01
1.580627e-01
0.000000e+00
0.000000e+00
0.000000e+00
0.000000e+00
2.431200e+01
3.452728e+01
2.596155e+01
1.206247e+01
0.000000e+00
0.000000e+00
0.000000e+00
0.000000e+00
0.000000e+00
0.000000e+00
0.000000e+00
0.000000e+00
0.000000e+00
0.000000e+00
0.000000e+00
1.121605e+00
7.762758e+00
4.271308e+00
0.000000e+00
0.000000e+00
0.000000e+00
0.000000e+00
0.000000e+00
1.486014e-02
1.293127e-02
2.764882e-03
8.368275e-03
4.050197e-03
0.000000e+00
0.000000e+00
0.000000e+00
0.000000e+00
0.000000e+00
4.749000e-02
0.000000e+00
0.000000e+00
0.000000e+00
0.000000e+00
0.000000e+00
3.927312e-04
0.000000e+00
0.000000e+00
0.000000e+00
0.000000e+00
