2.405040e-01
0.000000e+00
8.452182e-02
0.000000e+00
0.000000e+00
6.107886e-03
0.000000e+00
0.000000e+00
6.314482e-04
0.000000e+00
2.340920e-05
0.000000e+00
2.334471e-01
0.000000e+00
3.583363e-02
4.250360e-03
0.000000e+00
4.407905e-04
4.595723e-04
0.000000e+00
1.409706e-04
0.000000e+00
0.000000e+00
1.312740e-01
0.000000e+00
2.615449e-04
2.455524e-02
9.326592e-04
3.373152e-06
1.924579e-04
0.000000e+00
3.019127e-06
1.748981e-06
4.445178e+00
2.121996e+01
8.490604e+00
8.625857e+00
4.084600e+00
4.928588e-01
1.735917e-01
8.730870e-02
2.585825e-02
8.330421e-03
2.976172e-03
1.170000e-01
3.018486e+01
1.191572e+01
1.049304e+01
6.597192e+00
2.252957e-01
2.629061e-01
8.605973e-02
3.915992e-02
1.050363e-03
5.084690e-03
2.390200e+01
3.458834e+01
2.714596e+01
1.366085e+01
1.734891e+01
1.415655e+00
4.074627e-01
2.637316e-01
6.753652e-02
8.211709e-02
1.718192e-02
0.000000e+00
0.000000e+00
0.000000e+00
0.000000e+00
0.000000e+00
0.000000e+00
0.000000e+00
0.000000e+00
0.000000e+00
0.000000e+00
0.000000e+00
0.000000e+00
0.000000e+00
0.000000e+00
0.000000e+00
0.000000e+00
0.000000e+00
0.000000e+00
0.000000e+00
0.000000e+00
0.000000e+00
4.130741e-06
9.906000e-02
1.133732e-02
7.156810e-03
8.312398e-03
9.613066e-03
2.543198e-03
1.060247e-04
1.980424e-04
4.253332e-05
1.138496e-05
0.000000e+00
