0.000000e+00
4.993966e-02
0.000000e+00
2.082485e-02
0.000000e+00
1.510010e-03
0.000000e+00
0.000000e+00
5.347230e-05
2.877703e-05
0.000000e+00
9.636000e-03
0.000000e+00
4.767631e-02
0.000000e+00
4.476040e-03
0.000000e+00
2.492163e-04
8.525853e-05
0.000000e+00
0.000000e+00
0.000000e+00
2.653400e-02
0.000000e+00
2.432517e-02
1.485137e-03
0.000000e+00
9.202605e-04
4.794422e-04
0.000000e+00
1.796950e-04
3.702827e-07
0.000000e+00
9.743977e+00
1.402971e+01
9.686377e+00
4.344157e+00
7.490295e-01
1.768427e-01
7.750953e-02
4.899327e-02
1.808091e-02
1.651755e-03
0.000000e+00
5.030000e-01
1.545077e+01
1.126737e+01
1.650242e+00
2.064672e-01
1.209059e-01
1.200346e-01
4.182458e-02
1.934103e-02
2.839660e-05
0.000000e+00
3.115600e+01
8.756688e+01
5.466977e+01
1.605696e+01
2.692617e+00
4.661292e-01
1.783694e-01
1.054844e-01
4.749039e-02
5.614842e-03
0.000000e+00
0.000000e+00
0.000000e+00
0.000000e+00
0.000000e+00
0.000000e+00
0.000000e+00
0.000000e+00
0.000000e+00
0.000000e+00
0.000000e+00
0.000000e+00
0.000000e+00
0.000000e+00
0.000000e+00
0.000000e+00
0.000000e+00
0.000000e+00
0.000000e+00
0.000000e+00
0.000000e+00
0.000000e+00
0.000000e+00
1.351500e-01
2.350685e-02
4.383136e-02
4.417381e-02
4.975906e-03
1.310866e-03
1.108872e-04
1.628655e-04
7.281957e-05
2.471406e-05
0.000000e+00
