1.371190e-01
4.696876e-02
0.000000e+00
1.058976e-01
0.000000e+00
2.055562e-02
0.000000e+00
4.386678e-04
0.000000e+00
0.000000e+00
0.000000e+00
0.000000e+00
0.000000e+00
1.526817e-01
0.000000e+00
7.252704e-02
0.000000e+00
2.200794e-03
0.000000e+00
0.000000e+00
0.000000e+00
0.000000e+00
0.000000e+00
5.633680e-02
4.403659e-02
0.000000e+00
2.404628e-02
0.000000e+00
1.161262e-04
0.000000e+00
0.000000e+00
0.000000e+00
0.000000e+00
6.304381e+00
1.785458e+01
1.310075e+01
7.838339e+00
4.071262e+00
3.924057e-01
9.326465e-02
8.232393e-03
0.000000e+00
0.000000e+00
0.000000e+00
1.250000e-01
2.327513e+01
1.566471e+01
1.021376e+01
3.418647e+00
1.450325e-01
7.384084e-02
5.357594e-04
0.000000e+00
0.000000e+00
0.000000e+00
2.402860e+01
3.321786e+01
3.468294e+01
2.522745e+01
2.022793e+01
1.684821e+00
3.105983e-02
5.011439e-02
0.000000e+00
0.000000e+00
0.000000e+00
0.000000e+00
0.000000e+00
0.000000e+00
0.000000e+00
0.000000e+00
0.000000e+00
0.000000e+00
0.000000e+00
0.000000e+00
0.000000e+00
0.000000e+00
0.000000e+00
0.000000e+00
0.000000e+00
3.606190e-03
0.000000e+00
0.000000e+00
0.000000e+00
0.000000e+00
0.000000e+00
0.000000e+00
0.000000e+00
8.110000e-02
8.524736e-04
5.645084e-03
0.000000e+00
7.332198e-03
2.207839e-03
2.306889e-04
1.240957e-04
0.000000e+00
0.000000e+00
0.000000e+00
