2.210780e-01
0.000000e+00
1.202809e-01
0.000000e+00
5.042176e-02
0.000000e+00
2.389526e-03
0.000000e+00
3.015511e-04
0.000000e+00
0.000000e+00
0.000000e+00
2.478256e-01
0.000000e+00
9.145487e-02
0.000000e+00
8.035591e-03
0.000000e+00
1.205464e-03
0.000000e+00
0.000000e+00
0.000000e+00
0.000000e+00
1.076144e-01
0.000000e+00
3.758962e-02
5.519335e-03
9.052291e-05
7.028435e-05
0.000000e+00
2.511158e-05
0.000000e+00
0.000000e+00
5.499598e+00
1.694766e+01
1.345478e+01
7.040338e+00
3.408695e+00
7.163178e-01
7.274893e-02
3.929860e-02
2.865265e-03
0.000000e+00
0.000000e+00
1.420000e-01
2.452799e+01
1.667294e+01
6.518603e+00
4.159973e+00
2.025072e-01
6.956855e-02
2.490948e-02
1.153470e-04
0.000000e+00
0.000000e+00
2.577870e+01
4.744574e+01
2.361883e+01
2.781468e+01
1.223066e+01
4.751039e+00
1.645722e-01
2.005744e-01
2.178301e-02
0.000000e+00
0.000000e+00
0.000000e+00
0.000000e+00
0.000000e+00
0.000000e+00
0.000000e+00
0.000000e+00
0.000000e+00
0.000000e+00
0.000000e+00
0.000000e+00
0.000000e+00
0.000000e+00
0.000000e+00
5.730917e-03
0.000000e+00
0.000000e+00
0.000000e+00
3.110465e-04
0.000000e+00
4.002101e-06
0.000000e+00
0.000000e+00
8.758000e-02
1.263835e-02
0.000000e+00
1.029112e-02
8.366454e-05
3.869255e-03
0.000000e+00
9.233659e-05
0.000000e+00
0.000000e+00
0.000000e+00
