2.753300e-02
0.000000e+00
0.000000e+00
1.165075e-02
2.262824e-04
0.000000e+00
5.347358e-03
0.000000e+00
2.489741e-04
0.000000e+00
5.393834e-06
0.000000e+00
1.533291e-02
2.161187e-02
0.000000e+00
0.000000e+00
6.958293e-03
0.000000e+00
7.895045e-04
0.000000e+00
3.304100e-04
0.000000e+00
3.721200e-02
4.955558e-02
1.209483e-01
0.000000e+00
1.199727e-03
1.322790e-05
2.045435e-03
3.675266e-05
0.000000e+00
6.532697e-05
1.820087e-06
9.921539e+00
1.673240e+01
1.246159e+01
2.069567e+00
1.673352e+00
9.808939e-01
4.733861e-01
9.617540e-02
7.607561e-02
3.772479e-02
1.127172e-02
2.730000e-01
2.888520e+01
1.683939e+01
3.684792e+00
1.880612e+00
1.169271e+00
3.619433e-01
4.335635e-02
1.965883e-01
8.636868e-02
1.257567e-02
3.035920e+01
9.736719e+01
1.240876e+02
5.309518e+00
3.284193e+00
3.414088e+00
1.100775e+00
9.425183e-01
3.648837e-01
7.046285e-01
4.978001e-02
0.000000e+00
0.000000e+00
0.000000e+00
0.000000e+00
0.000000e+00
0.000000e+00
0.000000e+00
0.000000e+00
0.000000e+00
0.000000e+00
0.000000e+00
0.000000e+00
0.000000e+00
0.000000e+00
0.000000e+00
0.000000e+00
0.000000e+00
0.000000e+00
0.000000e+00
2.111198e-04
0.000000e+00
1.386557e-05
1.025000e-01
4.440775e-03
5.218615e-02
3.735772e-04
9.448349e-04
1.835814e-03
1.457758e-03
6.879315e-05
0.000000e+00
8.513255e-05
0.000000e+00
