1.529620e-01
0.000000e+00
0.000000e+00
9.686749e-02
0.000000e+00
1.733504e-04
1.624172e-03
0.000000e+00
4.386719e-04
0.000000e+00
0.000000e+00
0.000000e+00
6.247587e-02
1.289747e-01
0.000000e+00
2.932760e-02
0.000000e+00
0.000000e+00
1.224662e-03
0.000000e+00
0.000000e+00
0.000000e+00
0.000000e+00
1.100639e-01
0.000000e+00
0.000000e+00
8.370022e-03
3.744385e-03
0.000000e+00
9.243726e-05
3.182223e-05
0.000000e+00
0.000000e+00
4.264642e+00
2.151868e+01
1.222040e+01
5.020549e+00
2.417508e+00
6.264171e-01
2.350006e-02
5.922718e-02
2.104193e-02
0.000000e+00
0.000000e+00
4.640000e-01
1.619121e+01
7.573016e+00
6.946338e+00
2.884461e+00
7.786227e-01
2.602191e-03
1.140358e-01
6.156356e-04
0.000000e+00
0.000000e+00
2.699930e+01
7.055442e+01
9.360823e+01
1.846048e+01
9.737042e+00
1.642149e-01
3.389256e-01
3.055428e-01
7.732585e-02
0.000000e+00
0.000000e+00
0.000000e+00
0.000000e+00
0.000000e+00
0.000000e+00
0.000000e+00
0.000000e+00
0.000000e+00
0.000000e+00
0.000000e+00
0.000000e+00
0.000000e+00
0.000000e+00
4.211888e-02
0.000000e+00
0.000000e+00
0.000000e+00
0.000000e+00
0.000000e+00
0.000000e+00
0.000000e+00
0.000000e+00
0.000000e+00
9.494000e-02
0.000000e+00
1.658881e-03
1.189367e-03
2.201530e-03
1.418124e-03
1.031433e-04
7.093002e-05
2.949787e-04
0.000000e+00
0.000000e+00
