3.024500e-02
0.000000e+00
1.618285e-02
1.671651e-02
0.000000e+00
3.232386e-03
0.000000e+00
0.000000e+00
0.000000e+00
0.000000e+00
0.000000e+00
0.000000e+00
9.209420e-02
0.000000e+00
0.000000e+00
9.648041e-03
0.000000e+00
0.000000e+00
0.000000e+00
0.000000e+00
0.000000e+00
0.000000e+00
3.900600e-02
3.161251e-02
2.137236e-02
1.722255e-03
6.611682e-03
2.440161e-03
0.000000e+00
0.000000e+00
0.000000e+00
0.000000e+00
0.000000e+00
1.164246e+01
1.468144e+01
8.992126e+00
2.367349e+00
1.372238e+00
4.572533e-01
0.000000e+00
0.000000e+00
0.000000e+00
0.000000e+00
0.000000e+00
3.210000e-01
2.648256e+01
3.424956e+00
1.962996e+00
1.612479e+00
1.381253e-02
0.000000e+00
0.000000e+00
0.000000e+00
0.000000e+00
0.000000e+00
3.168880e+01
9.257546e+01
3.812867e+01
1.482883e+01
7.155943e+00
1.402445e+00
0.000000e+00
0.000000e+00
0.000000e+00
0.000000e+00
0.000000e+00
0.000000e+00
0.000000e+00
0.000000e+00
0.000000e+00
0.000000e+00
0.000000e+00
0.000000e+00
0.000000e+00
0.000000e+00
0.000000e+00
0.000000e+00
0.000000e+00
0.000000e+00
0.000000e+00
0.000000e+00
0.000000e+00
0.000000e+00
0.000000e+00
0.000000e+00
0.000000e+00
0.000000e+00
0.000000e+00
1.313600e-01
2.829762e-02
6.867007e-02
1.264487e-02
8.875830e-03
5.821167e-03
0.000000e+00
0.000000e+00
0.000000e+00
0.000000e+00
0.000000e+00
