4.562700e-01
0.000000e+00
1.469349e-01
0.000000e+00
8.018785e-04
0.000000e+00
1.692346e-03
0.000000e+00
2.984019e-04
0.000000e+00
0.000000e+00
0.000000e+00
3.854749e-01
0.000000e+00
9.478929e-02
0.000000e+00
2.296649e-03
0.000000e+00
3.182120e-04
0.000000e+00
0.000000e+00
0.000000e+00
5.192200e-02
1.044065e-01
9.452638e-03
7.087755e-02
6.810554e-03
0.000000e+00
2.214271e-03
1.952226e-04
0.000000e+00
0.000000e+00
0.000000e+00
5.131448e+00
1.572412e+01
7.982300e+00
5.761395e+00
1.812763e+00
1.102886e+00
4.320156e-01
1.076055e-01
2.675026e-02
0.000000e+00
0.000000e+00
2.410000e-01
6.675519e+00
5.865691e+00
4.183003e+00
2.956349e+00
9.875708e-01
4.911117e-01
1.249929e-01
7.582468e-04
0.000000e+00
0.000000e+00
2.681130e+01
1.225161e+02
1.067270e+01
4.511021e+00
4.142820e+00
2.281288e+00
1.315863e+00
4.947861e-01
8.625046e-02
0.000000e+00
0.000000e+00
0.000000e+00
0.000000e+00
0.000000e+00
0.000000e+00
0.000000e+00
0.000000e+00
0.000000e+00
0.000000e+00
0.000000e+00
0.000000e+00
0.000000e+00
4.901000e-02
0.000000e+00
2.485650e-02
0.000000e+00
0.000000e+00
0.000000e+00
0.000000e+00
0.000000e+00
0.000000e+00
0.000000e+00
0.000000e+00
0.000000e+00
1.262702e-02
0.000000e+00
1.554177e-02
1.454301e-03
3.189960e-03
9.119493e-04
6.850317e-04
3.342951e-04
0.000000e+00
0.000000e+00
