3.744200e-02
4.555170e-02
0.000000e+00
6.170714e-02
0.000000e+00
1.002005e-02
0.000000e+00
0.000000e+00
0.000000e+00
0.000000e+00
0.000000e+00
0.000000e+00
0.000000e+00
5.785878e-02
0.000000e+00
3.616884e-02
0.000000e+00
2.415747e-03
0.000000e+00
0.000000e+00
0.000000e+00
0.000000e+00
6.232100e-02
0.000000e+00
1.832114e-02
0.000000e+00
1.713781e-02
0.000000e+00
5.214044e-04
0.000000e+00
0.000000e+00
0.000000e+00
0.000000e+00
8.063986e+00
1.544367e+01
9.085784e+00
4.888784e+00
1.963902e+00
4.212137e-01
9.447551e-02
0.000000e+00
0.000000e+00
0.000000e+00
0.000000e+00
4.210000e-01
2.096969e+01
7.595977e+00
4.277363e+00
1.085992e+00
2.688266e-01
3.388320e-02
0.000000e+00
0.000000e+00
0.000000e+00
0.000000e+00
3.066020e+01
8.724989e+01
5.108375e+01
1.390604e+01
3.019244e+00
1.105342e+00
1.663692e-01
0.000000e+00
0.000000e+00
0.000000e+00
0.000000e+00
0.000000e+00
0.000000e+00
0.000000e+00
0.000000e+00
0.000000e+00
0.000000e+00
0.000000e+00
0.000000e+00
0.000000e+00
0.000000e+00
0.000000e+00
0.000000e+00
0.000000e+00
0.000000e+00
0.000000e+00
0.000000e+00
7.982935e-05
0.000000e+00
0.000000e+00
0.000000e+00
0.000000e+00
0.000000e+00
1.112300e-01
8.688737e-03
2.709752e-02
1.428665e-02
4.951884e-03
0.000000e+00
3.406525e-04
0.000000e+00
0.000000e+00
0.000000e+00
0.000000e+00
