4.766170e-01
0.000000e+00
3.155004e-01
0.000000e+00
2.421427e-03
2.899316e-03
0.000000e+00
6.404019e-04
8.816227e-05
0.000000e+00
5.639049e-05
0.000000e+00
6.138471e-01
0.000000e+00
1.096884e-01
0.000000e+00
0.000000e+00
1.606262e-03
0.000000e+00
0.000000e+00
2.011339e-04
0.000000e+00
0.000000e+00
1.819937e-02
0.000000e+00
6.188439e-03
1.167671e-03
0.000000e+00
2.346761e-04
3.600221e-04
1.614315e-05
6.578895e-05
8.569113e-07
3.434916e+00
1.735391e+01
5.922523e+00
4.542818e+00
8.746065e-01
3.485959e-01
2.148281e-01
8.145188e-02
2.065011e-02
9.763558e-03
4.087483e-04
1.200000e-01
8.525995e+00
8.441588e+00
1.618604e+00
1.170207e+00
7.297001e-02
3.069366e-01
2.611653e-02
2.148657e-02
3.295163e-03
1.793034e-05
2.875140e+01
1.119769e+02
2.239651e+01
2.746700e+01
3.876435e+00
1.941195e+00
1.027016e+00
4.627789e-01
8.108443e-02
4.705582e-02
3.457576e-03
0.000000e+00
0.000000e+00
0.000000e+00
0.000000e+00
0.000000e+00
0.000000e+00
0.000000e+00
0.000000e+00
0.000000e+00
0.000000e+00
0.000000e+00
0.000000e+00
3.110096e-03
2.080748e-02
0.000000e+00
0.000000e+00
0.000000e+00
0.000000e+00
0.000000e+00
0.000000e+00
0.000000e+00
0.000000e+00
5.300000e-03
0.000000e+00
0.000000e+00
1.535898e-02
5.443027e-05
2.881056e-03
1.720306e-04
8.141116e-04
4.934056e-05
4.999919e-05
8.421742e-07
