1.479830e-01
0.000000e+00
0.000000e+00
3.437184e-02
1.348164e-02
0.000000e+00
4.231386e-03
0.000000e+00
1.048563e-03
0.000000e+00
0.000000e+00
0.000000e+00
3.530014e-02
1.121026e-01
0.000000e+00
0.000000e+00
6.651723e-03
0.000000e+00
2.000302e-03
0.000000e+00
4.094333e-04
7.736608e-06
1.582600e-02
2.067707e-02
2.932673e-02
0.000000e+00
6.847418e-04
1.658609e-03
1.649783e-03
3.485773e-04
0.000000e+00
2.965544e-04
1.046508e-04
6.674475e+00
1.748976e+01
1.369688e+01
5.908988e+00
2.531283e+00
1.344549e+00
6.604573e-01
3.985560e-01
2.271419e-01
1.158067e-01
4.754155e-02
1.430000e-01
2.091415e+01
1.629667e+01
9.089688e+00
2.986781e+00
1.584628e+00
8.700592e-01
5.120438e-01
3.587630e-01
9.771856e-02
4.136649e-02
2.449660e+01
3.757706e+01
2.894937e+01
1.529612e+01
6.875115e+00
2.961374e+00
1.728809e+00
1.179213e+00
7.788191e-01
2.754320e-01
1.098610e-01
0.000000e+00
0.000000e+00
0.000000e+00
0.000000e+00
0.000000e+00
0.000000e+00
0.000000e+00
0.000000e+00
0.000000e+00
0.000000e+00
0.000000e+00
0.000000e+00
0.000000e+00
0.000000e+00
0.000000e+00
0.000000e+00
0.000000e+00
0.000000e+00
0.000000e+00
0.000000e+00
0.000000e+00
0.000000e+00
1.039900e-01
1.722414e-02
1.378046e-02
2.249467e-02
6.211328e-03
2.060606e-03
1.373247e-03
5.388292e-04
7.335162e-04
4.502147e-04
1.556492e-04
