1.891200e-01
0.000000e+00
7.497177e-02
0.000000e+00
3.342145e-02
0.000000e+00
7.723709e-04
0.000000e+00
7.298776e-05
0.000000e+00
2.341142e-05
0.000000e+00
2.063949e-01
0.000000e+00
5.347948e-02
0.000000e+00
5.425973e-03
0.000000e+00
4.695205e-04
0.000000e+00
3.146431e-05
0.000000e+00
0.000000e+00
1.490361e-02
1.305813e-02
0.000000e+00
8.124682e-03
1.739638e-04
0.000000e+00
9.284133e-04
0.000000e+00
6.324258e-05
0.000000e+00
6.108404e+00
1.895580e+01
1.080952e+01
7.695216e+00
2.479206e+00
7.645773e-01
1.344500e-01
7.946535e-02
1.903532e-02
1.006025e-02
3.509907e-03
1.340000e-01
1.942008e+01
1.720605e+01
5.936156e+00
3.543044e+00
2.628870e-01
1.855181e-01
1.919870e-01
1.822973e-02
1.121317e-02
9.868414e-05
2.467900e+01
3.770252e+01
2.706999e+01
1.495556e+01
5.838256e+00
6.420852e-01
1.198497e-01
7.188109e-01
9.338815e-02
5.489139e-02
9.585387e-03
0.000000e+00
0.000000e+00
0.000000e+00
0.000000e+00
0.000000e+00
0.000000e+00
0.000000e+00
0.000000e+00
0.000000e+00
0.000000e+00
0.000000e+00
0.000000e+00
0.000000e+00
0.000000e+00
0.000000e+00
0.000000e+00
0.000000e+00
3.222814e-04
0.000000e+00
0.000000e+00
0.000000e+00
0.000000e+00
8.796000e-02
8.329081e-03
4.615429e-03
1.719685e-02
2.059594e-03
3.680063e-03
0.000000e+00
1.188486e-04
1.448290e-07
5.894882e-05
3.302890e-05
