2.154530e-01
0.000000e+00
0.000000e+00
3.958134e-02
0.000000e+00
0.000000e+00
2.767296e-03
0.000000e+00
0.000000e+00
0.000000e+00
0.000000e+00
0.000000e+00
1.805290e-01
1.455740e-02
0.000000e+00
9.911273e-03
6.474419e-03
0.000000e+00
0.000000e+00
0.000000e+00
0.000000e+00
0.000000e+00
3.144100e-02
1.995265e-02
6.842088e-02
0.000000e+00
1.924839e-02
0.000000e+00
6.192583e-04
0.000000e+00
0.000000e+00
0.000000e+00
0.000000e+00
4.577204e+00
1.966861e+01
1.126672e+01
6.495587e+00
3.743471e+00
9.899231e-01
1.436881e-01
0.000000e+00
0.000000e+00
0.000000e+00
0.000000e+00
1.390000e-01
1.889172e+01
1.805536e+01
6.115630e+00
4.495888e+00
6.333014e-01
4.287779e-03
0.000000e+00
0.000000e+00
0.000000e+00
0.000000e+00
2.462040e+01
3.601556e+01
3.342634e+01
1.445284e+01
1.844524e+01
6.393620e+00
5.380333e-01
0.000000e+00
0.000000e+00
0.000000e+00
0.000000e+00
0.000000e+00
0.000000e+00
0.000000e+00
0.000000e+00
0.000000e+00
0.000000e+00
0.000000e+00
0.000000e+00
0.000000e+00
0.000000e+00
0.000000e+00
0.000000e+00
0.000000e+00
0.000000e+00
0.000000e+00
2.394817e-03
0.000000e+00
0.000000e+00
0.000000e+00
0.000000e+00
0.000000e+00
0.000000e+00
8.523000e-02
4.739595e-03
5.205238e-03
1.008111e-02
0.000000e+00
3.679437e-03
1.156124e-03
0.000000e+00
0.000000e+00
0.000000e+00
0.000000e+00
