5.242900e-02
1.790189e-02
0.000000e+00
2.079861e-02
0.000000e+00
1.016033e-03
0.000000e+00
2.692493e-03
0.000000e+00
2.885695e-04
0.000000e+00
0.000000e+00
0.000000e+00
3.470659e-02
0.000000e+00
9.266120e-03
0.000000e+00
2.094014e-03
0.000000e+00
1.425860e-03
0.000000e+00
1.530737e-05
5.784000e-03
0.000000e+00
1.284092e-02
7.051612e-04
3.976626e-03
0.000000e+00
1.334596e-03
0.000000e+00
1.404284e-03
0.000000e+00
9.368341e-05
8.260022e+00
1.672942e+01
9.080115e+00
2.092294e+00
1.674293e+00
9.011051e-01
4.699638e-01
1.035464e-01
8.683106e-02
2.222086e-02
9.928735e-03
3.270000e-01
2.544586e+01
1.294052e+00
3.188898e+00
2.539377e+00
9.656377e-01
5.863201e-01
4.388137e-02
4.714583e-02
3.695944e-02
9.621931e-03
2.930350e+01
7.854578e+01
6.721973e+01
4.341310e+00
4.329863e+00
4.434336e+00
1.642434e+00
6.698171e-01
4.008605e-01
1.067203e-01
3.143052e-02
0.000000e+00
0.000000e+00
0.000000e+00
0.000000e+00
0.000000e+00
0.000000e+00
0.000000e+00
0.000000e+00
0.000000e+00
0.000000e+00
0.000000e+00
0.000000e+00
6.107019e-03
0.000000e+00
6.258722e-04
0.000000e+00
0.000000e+00
0.000000e+00
0.000000e+00
0.000000e+00
0.000000e+00
0.000000e+00
1.168500e-01
0.000000e+00
6.724524e-02
0.000000e+00
1.238696e-03
2.418837e-03
9.973770e-04
8.414023e-04
2.507170e-04
1.055949e-04
6.317582e-05
