1.039720e-01
0.000000e+00
9.864843e-02
0.000000e+00
6.295085e-03
0.000000e+00
1.818858e-03
0.000000e+00
4.389238e-05
0.000000e+00
0.000000e+00
0.000000e+00
2.141388e-01
0.000000e+00
2.176327e-02
0.000000e+00
3.424171e-03
0.000000e+00
1.841228e-04
0.000000e+00
0.000000e+00
0.000000e+00
2.183500e-02
1.666295e-02
0.000000e+00
1.199278e-02
0.000000e+00
3.145170e-03
8.911958e-05
4.618231e-05
9.486706e-06
0.000000e+00
0.000000e+00
9.525019e+00
1.529973e+01
7.756649e+00
2.541156e+00
7.580619e-01
2.260635e-01
6.080294e-02
1.857425e-02
4.632254e-03
0.000000e+00
0.000000e+00
3.100000e-01
2.446960e+01
4.076774e+00
1.631265e+00
2.541268e-01
1.842802e-01
2.713485e-02
1.569643e-02
1.430777e-04
0.000000e+00
0.000000e+00
3.150980e+01
9.257892e+01
4.013992e+01
1.034336e+01
2.586675e+00
1.849976e+00
3.438445e-01
8.487737e-02
1.453709e-02
0.000000e+00
0.000000e+00
0.000000e+00
0.000000e+00
0.000000e+00
0.000000e+00
0.000000e+00
0.000000e+00
0.000000e+00
0.000000e+00
0.000000e+00
0.000000e+00
0.000000e+00
0.000000e+00
0.000000e+00
0.000000e+00
0.000000e+00
0.000000e+00
0.000000e+00
0.000000e+00
0.000000e+00
0.000000e+00
0.000000e+00
0.000000e+00
1.294500e-01
2.579163e-02
6.822234e-02
2.011200e-02
4.461184e-03
1.125250e-03
4.409733e-04
1.378435e-04
5.980777e-05
0.000000e+00
0.000000e+00
