2.018320e-01
0.000000e+00
1.827273e-01
0.000000e+00
3.856901e-02
0.000000e+00
2.334508e-03
0.000000e+00
8.414982e-05
0.000000e+00
0.000000e+00
0.000000e+00
3.243619e-01
0.000000e+00
7.373223e-02
0.000000e+00
1.313135e-02
0.000000e+00
9.726224e-05
0.000000e+00
0.000000e+00
0.000000e+00
3.338400e-02
0.000000e+00
4.489623e-03
4.656075e-03
3.600620e-04
2.709363e-03
9.503422e-04
0.000000e+00
1.531048e-04
0.000000e+00
0.000000e+00
6.864834e+00
1.669034e+01
5.829402e+00
3.660350e+00
1.351368e+00
6.206690e-01
1.373494e-01
2.465520e-02
1.433099e-02
0.000000e+00
0.000000e+00
2.130000e-01
2.905359e+01
1.328821e+00
5.153767e+00
9.699315e-01
2.935383e-01
1.735708e-01
3.795446e-02
4.369577e-04
0.000000e+00
0.000000e+00
2.941980e+01
8.529170e+01
3.443192e+01
1.664129e+01
4.507273e+00
8.202667e-01
1.755303e+00
1.739306e-01
4.078819e-02
0.000000e+00
0.000000e+00
0.000000e+00
0.000000e+00
0.000000e+00
0.000000e+00
0.000000e+00
0.000000e+00
0.000000e+00
0.000000e+00
0.000000e+00
0.000000e+00
0.000000e+00
0.000000e+00
0.000000e+00
0.000000e+00
0.000000e+00
0.000000e+00
0.000000e+00
2.054567e-04
6.358589e-06
0.000000e+00
0.000000e+00
0.000000e+00
1.348100e-01
2.567142e-02
5.464927e-02
2.254782e-03
1.031967e-02
8.903987e-04
0.000000e+00
0.000000e+00
9.017941e-05
0.000000e+00
0.000000e+00
