1.665360e-01
0.000000e+00
0.000000e+00
9.142424e-02
0.000000e+00
0.000000e+00
8.943277e-04
1.099646e-03
0.000000e+00
0.000000e+00
0.000000e+00
0.000000e+00
2.169615e-04
1.281456e-01
0.000000e+00
2.773575e-02
2.401673e-03
0.000000e+00
0.000000e+00
1.133381e-03
0.000000e+00
0.000000e+00
0.000000e+00
3.654856e-02
6.789993e-03
5.498710e-03
8.120359e-03
7.906897e-03
0.000000e+00
2.746467e-04
2.208372e-04
0.000000e+00
0.000000e+00
6.157012e+00
1.576660e+01
1.351517e+01
4.069851e+00
3.906676e+00
1.394511e+00
2.293083e-01
1.050395e-01
8.390544e-02
0.000000e+00
0.000000e+00
1.470000e-01
1.896279e+01
1.910262e+01
6.343089e+00
2.996827e+00
1.946718e+00
2.871966e-02
2.092700e-01
4.759420e-02
0.000000e+00
0.000000e+00
2.470360e+01
3.814575e+01
2.924450e+01
2.033994e+01
0.000000e+00
1.864557e+01
7.434633e-01
3.970226e-01
0.000000e+00
0.000000e+00
0.000000e+00
0.000000e+00
0.000000e+00
0.000000e+00
0.000000e+00
3.522826e+00
0.000000e+00
0.000000e+00
0.000000e+00
3.928796e-02
0.000000e+00
0.000000e+00
0.000000e+00
1.236296e-03
4.330956e-03
0.000000e+00
3.887367e-03
1.203935e-03
6.269582e-04
5.814571e-05
0.000000e+00
0.000000e+00
0.000000e+00
7.079000e-02
0.000000e+00
0.000000e+00
7.034697e-03
0.000000e+00
0.000000e+00
0.000000e+00
0.000000e+00
6.318660e-06
0.000000e+00
0.000000e+00
