1.814500e-01
0.000000e+00
1.653558e-01
0.000000e+00
2.208269e-02
0.000000e+00
6.751585e-03
0.000000e+00
6.940402e-04
0.000000e+00
0.000000e+00
0.000000e+00
3.440073e-01
0.000000e+00
5.461237e-02
0.000000e+00
9.732895e-03
0.000000e+00
3.780533e-03
0.000000e+00
0.000000e+00
0.000000e+00
6.093900e-02
0.000000e+00
3.796964e-02
3.349737e-03
3.953593e-03
0.000000e+00
2.181739e-05
2.369616e-03
9.176323e-05
0.000000e+00
0.000000e+00
7.184078e+00
1.870638e+01
6.672327e+00
3.625619e+00
1.794665e+00
8.754551e-01
2.213294e-01
1.384933e-01
8.877000e-03
0.000000e+00
0.000000e+00
4.020000e-01
1.508796e+01
3.922983e+00
5.989725e+00
1.740216e+00
9.343422e-01
1.146506e-01
7.282610e-02
3.842995e-04
0.000000e+00
0.000000e+00
3.010400e+01
8.952977e+01
2.202930e+01
8.157809e+00
3.822306e+00
2.765445e+00
5.221701e-01
4.279700e-01
4.206939e-02
0.000000e+00
0.000000e+00
0.000000e+00
0.000000e+00
0.000000e+00
0.000000e+00
0.000000e+00
0.000000e+00
0.000000e+00
0.000000e+00
0.000000e+00
0.000000e+00
0.000000e+00
0.000000e+00
0.000000e+00
0.000000e+00
0.000000e+00
0.000000e+00
0.000000e+00
0.000000e+00
0.000000e+00
6.961133e-05
0.000000e+00
0.000000e+00
1.061900e-01
1.419762e-02
5.171155e-02
3.959308e-03
5.265359e-03
1.759747e-03
4.428785e-04
4.070615e-04
0.000000e+00
0.000000e+00
0.000000e+00
