2.837150e-01
0.000000e+00
8.913653e-02
1.852761e-03
0.000000e+00
1.168947e-02
0.000000e+00
9.672319e-04
0.000000e+00
0.000000e+00
0.000000e+00
0.000000e+00
2.865990e-01
0.000000e+00
0.000000e+00
3.506637e-02
0.000000e+00
2.239000e-03
0.000000e+00
0.000000e+00
0.000000e+00
0.000000e+00
0.000000e+00
1.184278e-01
0.000000e+00
3.582326e-03
1.690646e-02
3.970667e-03
5.284474e-04
7.584544e-05
0.000000e+00
0.000000e+00
0.000000e+00
3.954537e+00
1.821607e+01
1.062721e+01
8.229725e+00
5.311323e+00
1.943059e+00
3.073760e-01
1.108897e-02
0.000000e+00
0.000000e+00
0.000000e+00
1.810000e-01
1.936945e+01
2.193617e+01
1.357427e+01
5.129338e+00
1.605881e+00
1.111406e-01
6.350287e-04
0.000000e+00
0.000000e+00
0.000000e+00
2.332050e+01
3.570888e+01
2.740870e+01
1.698490e+01
1.261307e+01
4.619924e+00
1.127260e+00
5.682506e-02
0.000000e+00
0.000000e+00
0.000000e+00
0.000000e+00
0.000000e+00
0.000000e+00
0.000000e+00
0.000000e+00
0.000000e+00
0.000000e+00
0.000000e+00
0.000000e+00
0.000000e+00
0.000000e+00
0.000000e+00
0.000000e+00
0.000000e+00
0.000000e+00
0.000000e+00
0.000000e+00
0.000000e+00
1.054830e-04
0.000000e+00
0.000000e+00
0.000000e+00
8.865000e-02
9.040811e-03
5.588564e-03
5.031877e-03
8.590617e-03
5.097306e-03
2.262752e-03
0.000000e+00
0.000000e+00
0.000000e+00
0.000000e+00
