1.995140e-01
0.000000e+00
2.601650e-02
0.000000e+00
0.000000e+00
9.119885e-03
0.000000e+00
0.000000e+00
4.131968e-04
0.000000e+00
0.000000e+00
0.000000e+00
1.251537e-01
0.000000e+00
2.480984e-02
1.057182e-02
0.000000e+00
4.033013e-04
6.099912e-04
0.000000e+00
0.000000e+00
0.000000e+00
0.000000e+00
1.444211e-01
0.000000e+00
4.204967e-02
0.000000e+00
1.120134e-03
1.463813e-03
0.000000e+00
3.933606e-04
0.000000e+00
0.000000e+00
4.290128e+00
1.510566e+01
1.445631e+01
9.518694e+00
3.408412e+00
4.562228e-01
2.089496e-01
8.697010e-02
3.138815e-02
0.000000e+00
0.000000e+00
1.370000e-01
2.526421e+01
1.362591e+01
1.207734e+01
3.360544e+00
9.591324e-01
1.379523e-02
1.459662e-01
1.007568e-03
0.000000e+00
0.000000e+00
2.499490e+01
3.761100e+01
3.377189e+01
8.758174e+01
8.647865e+00
1.397869e+00
1.014539e+00
4.332252e-01
1.091628e-01
0.000000e+00
0.000000e+00
0.000000e+00
0.000000e+00
0.000000e+00
0.000000e+00
0.000000e+00
0.000000e+00
0.000000e+00
0.000000e+00
0.000000e+00
0.000000e+00
0.000000e+00
0.000000e+00
0.000000e+00
0.000000e+00
0.000000e+00
0.000000e+00
0.000000e+00
0.000000e+00
2.102670e-05
0.000000e+00
0.000000e+00
0.000000e+00
1.008000e-01
1.534369e-02
2.958291e-03
7.972720e-03
1.514879e-02
1.951899e-03
4.062982e-04
0.000000e+00
3.714222e-04
0.000000e+00
0.000000e+00
