1.364270e-01
0.000000e+00
1.591886e-01
0.000000e+00
2.389242e-02
0.000000e+00
0.000000e+00
2.993469e-04
0.000000e+00
9.777862e-05
0.000000e+00
0.000000e+00
2.830812e-01
0.000000e+00
6.639137e-02
0.000000e+00
5.591775e-04
8.130246e-04
0.000000e+00
7.831596e-05
0.000000e+00
5.942733e-05
5.554000e-03
5.715845e-03
0.000000e+00
0.000000e+00
1.276626e-03
0.000000e+00
9.946147e-04
0.000000e+00
4.287248e-04
0.000000e+00
9.016160e-05
9.224026e+00
1.700148e+01
5.996117e+00
3.642395e+00
1.332418e+00
2.048252e-01
1.316282e-01
4.683505e-02
2.158881e-02
6.824015e-03
5.351433e-03
2.920000e-01
3.475166e+01
5.976665e-01
7.372966e+00
1.442086e-01
2.139160e-01
1.668515e-01
5.625277e-02
2.130095e-02
9.708724e-03
4.286455e-03
3.149330e+01
8.489955e+01
3.823903e+01
1.763197e+01
5.732036e+00
5.192746e-01
2.982939e-01
2.361223e-01
3.441467e-02
1.585212e-02
1.254577e-02
0.000000e+00
0.000000e+00
0.000000e+00
0.000000e+00
0.000000e+00
0.000000e+00
0.000000e+00
0.000000e+00
0.000000e+00
0.000000e+00
0.000000e+00
0.000000e+00
0.000000e+00
0.000000e+00
0.000000e+00
0.000000e+00
0.000000e+00
0.000000e+00
0.000000e+00
0.000000e+00
0.000000e+00
0.000000e+00
1.341300e-01
2.918003e-02
6.965176e-02
6.430822e-03
1.864908e-02
8.239392e-04
2.247449e-04
2.458823e-04
2.718026e-05
7.405464e-07
1.258918e-05
