3.912320e-01
0.000000e+00
2.277121e-01
0.000000e+00
2.012323e-02
9.231635e-03
0.000000e+00
1.311814e-03
0.000000e+00
1.897706e-04
0.000000e+00
0.000000e+00
4.405697e-01
0.000000e+00
1.503332e-01
0.000000e+00
0.000000e+00
3.235118e-03
0.000000e+00
5.417106e-04
0.000000e+00
0.000000e+00
0.000000e+00
6.742660e-02
0.000000e+00
3.101113e-02
1.105422e-03
4.165881e-03
1.422216e-04
0.000000e+00
1.678368e-04
0.000000e+00
0.000000e+00
4.101440e+00
1.878051e+01
8.362387e+00
8.632416e+00
2.269300e+00
7.166249e-01
1.978887e-01
6.231482e-02
4.732071e-02
9.031426e-03
0.000000e+00
2.440000e-01
4.570278e+00
1.401828e+01
8.279156e+00
2.076710e+00
8.950820e-01
4.064049e-02
7.354321e-02
3.640247e-02
3.721403e-04
0.000000e+00
2.694380e+01
7.876353e+01
1.736260e+01
1.413849e+01
8.026857e+00
1.598126e+00
1.770982e+00
3.624565e-01
2.157094e-01
3.594085e-02
0.000000e+00
0.000000e+00
0.000000e+00
0.000000e+00
0.000000e+00
0.000000e+00
0.000000e+00
0.000000e+00
0.000000e+00
0.000000e+00
0.000000e+00
0.000000e+00
0.000000e+00
9.935030e-03
1.336760e-02
0.000000e+00
0.000000e+00
0.000000e+00
0.000000e+00
1.361499e-05
0.000000e+00
0.000000e+00
0.000000e+00
3.830000e-03
0.000000e+00
0.000000e+00
1.717394e-02
1.317535e-02
1.816863e-03
4.488402e-04
0.000000e+00
2.889110e-04
1.348960e-04
0.000000e+00
