2.955900e-02
0.000000e+00
8.294353e-03
4.898237e-03
0.000000e+00
7.676452e-04
2.265512e-05
2.704633e-05
0.000000e+00
9.093680e-06
0.000000e+00
0.000000e+00
5.638019e-02
0.000000e+00
0.000000e+00
2.167001e-03
0.000000e+00
0.000000e+00
0.000000e+00
1.821089e-05
0.000000e+00
1.628181e-06
3.383400e-02
3.248380e-04
8.978510e-03
7.997031e-03
3.136798e-03
1.089469e-03
2.258231e-04
4.039366e-05
7.853654e-06
1.582712e-06
3.097188e-07
9.459978e+00
1.563801e+01
9.203033e+00
4.587140e+00
1.240199e+00
3.403291e-01
5.135077e-02
1.510224e-02
5.362039e-03
1.216125e-03
5.867120e-04
4.750000e-01
1.788439e+01
9.717847e+00
2.463692e+00
8.878352e-01
1.115608e-01
3.183451e-02
9.786361e-03
3.052279e-03
1.007634e-03
3.089431e-04
3.126470e+01
8.421288e+01
5.279960e+01
2.032649e+01
5.702883e+00
1.257895e+00
2.311984e-01
7.033409e-02
2.198803e-02
7.034889e-03
2.328629e-03
0.000000e+00
0.000000e+00
0.000000e+00
0.000000e+00
0.000000e+00
0.000000e+00
0.000000e+00
0.000000e+00
0.000000e+00
0.000000e+00
0.000000e+00
0.000000e+00
0.000000e+00
0.000000e+00
0.000000e+00
0.000000e+00
0.000000e+00
0.000000e+00
0.000000e+00
0.000000e+00
0.000000e+00
0.000000e+00
1.367100e-01
2.579607e-02
4.418886e-02
3.857736e-02
1.040815e-02
3.410050e-03
4.163907e-04
1.239259e-04
3.790213e-05
1.183206e-05
3.731797e-06
