1.452410e-01
8.212050e-02
0.000000e+00
1.359507e-01
0.000000e+00
2.510507e-02
0.000000e+00
2.839261e-03
1.925751e-04
0.000000e+00
0.000000e+00
0.000000e+00
0.000000e+00
1.607661e-01
0.000000e+00
9.735982e-02
0.000000e+00
7.735481e-03
0.000000e+00
0.000000e+00
0.000000e+00
0.000000e+00
0.000000e+00
1.725460e-03
3.794168e-02
0.000000e+00
1.285762e-02
2.017960e-03
5.527233e-04
3.230347e-04
3.279912e-06
0.000000e+00
0.000000e+00
6.092259e+00
1.520109e+01
1.300948e+01
6.550327e+00
5.493999e+00
1.050097e+00
5.234533e-01
1.333188e-01
7.430586e-03
0.000000e+00
0.000000e+00
1.790000e-01
1.757795e+01
8.734145e+00
1.233278e+01
3.247329e+00
2.028527e+00
3.639330e-01
1.290060e-01
1.591844e-04
0.000000e+00
0.000000e+00
2.330160e+01
2.607668e+01
3.377673e+01
1.313178e+01
1.241374e+01
2.646318e+00
2.561378e+00
4.312173e-01
2.935111e-02
0.000000e+00
0.000000e+00
0.000000e+00
0.000000e+00
0.000000e+00
0.000000e+00
0.000000e+00
0.000000e+00
0.000000e+00
0.000000e+00
0.000000e+00
0.000000e+00
0.000000e+00
0.000000e+00
1.478328e-02
1.565546e-03
1.779097e-02
0.000000e+00
0.000000e+00
0.000000e+00
0.000000e+00
0.000000e+00
0.000000e+00
0.000000e+00
5.438000e-02
0.000000e+00
0.000000e+00
0.000000e+00
6.461244e-03
1.580294e-04
4.227398e-04
2.255963e-04
1.223819e-04
0.000000e+00
0.000000e+00
