2.362510e-01
0.000000e+00
0.000000e+00
5.066673e-02
0.000000e+00
6.392018e-03
0.000000e+00
0.000000e+00
0.000000e+00
0.000000e+00
0.000000e+00
0.000000e+00
8.782195e-02
3.839145e-02
0.000000e+00
4.080325e-02
0.000000e+00
0.000000e+00
0.000000e+00
0.000000e+00
0.000000e+00
0.000000e+00
6.860000e-03
1.292776e-01
0.000000e+00
1.790711e-02
2.475981e-02
1.174749e-03
0.000000e+00
0.000000e+00
0.000000e+00
0.000000e+00
0.000000e+00
4.089061e+00
1.677683e+01
1.004775e+01
6.627859e+00
3.206956e+00
1.082295e-01
0.000000e+00
0.000000e+00
0.000000e+00
0.000000e+00
0.000000e+00
1.330000e-01
2.401292e+01
6.132830e+00
8.428031e+00
1.126333e+00
5.026655e-03
0.000000e+00
0.000000e+00
0.000000e+00
0.000000e+00
0.000000e+00
2.552660e+01
3.335027e+01
4.747900e+01
1.956675e+01
8.429663e+00
4.683191e-01
0.000000e+00
0.000000e+00
0.000000e+00
0.000000e+00
0.000000e+00
0.000000e+00
0.000000e+00
0.000000e+00
0.000000e+00
0.000000e+00
0.000000e+00
0.000000e+00
0.000000e+00
0.000000e+00
0.000000e+00
0.000000e+00
0.000000e+00
2.840744e-02
4.653410e-03
1.433643e-02
0.000000e+00
2.562324e-04
0.000000e+00
0.000000e+00
0.000000e+00
0.000000e+00
0.000000e+00
4.076000e-02
0.000000e+00
0.000000e+00
0.000000e+00
1.456892e-02
0.000000e+00
0.000000e+00
0.000000e+00
0.000000e+00
0.000000e+00
0.000000e+00
