3.942700e-02
0.000000e+00
0.000000e+00
3.809907e-02
0.000000e+00
4.550144e-03
0.000000e+00
3.336393e-04
4.722695e-05
0.000000e+00
0.000000e+00
0.000000e+00
4.078218e-02
1.049647e-02
0.000000e+00
2.344907e-02
0.000000e+00
1.351572e-03
0.000000e+00
0.000000e+00
2.629203e-05
0.000000e+00
1.873000e-02
0.000000e+00
2.000678e-02
1.139944e-04
4.607942e-03
6.198889e-04
5.842046e-04
3.426935e-05
1.528187e-05
5.295700e-05
0.000000e+00
9.899227e+00
1.524551e+01
8.736753e+00
2.044465e+00
1.037632e+00
1.683574e-01
1.320918e-01
7.428359e-02
4.342956e-02
1.240473e-02
0.000000e+00
2.830000e-01
2.578195e+01
3.367640e+00
1.616404e+00
3.292298e-01
2.066204e-01
1.725815e-01
7.272577e-02
4.964089e-02
1.872033e-02
0.000000e+00
3.093880e+01
9.486523e+01
3.857244e+01
5.325294e+00
9.313374e-01
5.356548e-01
4.679757e-01
2.730972e-01
3.769753e-01
2.783441e-01
0.000000e+00
0.000000e+00
0.000000e+00
0.000000e+00
0.000000e+00
0.000000e+00
0.000000e+00
0.000000e+00
0.000000e+00
0.000000e+00
0.000000e+00
0.000000e+00
0.000000e+00
0.000000e+00
0.000000e+00
0.000000e+00
0.000000e+00
2.626736e-04
0.000000e+00
0.000000e+00
0.000000e+00
0.000000e+00
0.000000e+00
1.154000e-01
1.626562e-02
5.463843e-02
6.992591e-03
1.657109e-03
0.000000e+00
3.389310e-05
8.300201e-05
3.986803e-06
6.495118e-06
0.000000e+00
