0.000000e+00
1.032968e-01
0.000000e+00
0.000000e+00
2.444579e-02
0.000000e+00
6.711898e-03
3.464706e-04
0.000000e+00
0.000000e+00
0.000000e+00
2.404500e-02
0.000000e+00
5.780261e-02
4.144086e-03
0.000000e+00
1.958914e-02
0.000000e+00
0.000000e+00
0.000000e+00
0.000000e+00
0.000000e+00
1.046360e-01
0.000000e+00
9.734261e-02
0.000000e+00
4.607747e-03
4.230251e-03
5.485689e-04
1.454288e-04
0.000000e+00
0.000000e+00
0.000000e+00
1.282297e+01
1.431463e+01
1.005199e+01
2.046508e+00
1.157027e+00
9.125145e-01
1.968043e-01
2.427132e-02
0.000000e+00
0.000000e+00
0.000000e+00
3.870000e-01
2.289525e+01
1.366653e+00
3.151472e+00
2.180283e+00
2.602418e-01
4.014131e-01
4.316415e-04
0.000000e+00
0.000000e+00
0.000000e+00
2.953250e+01
7.952051e+01
6.713080e+01
4.397280e+00
2.902379e+00
1.549291e+00
5.455912e-01
9.375214e-02
0.000000e+00
0.000000e+00
0.000000e+00
0.000000e+00
0.000000e+00
0.000000e+00
0.000000e+00
0.000000e+00
0.000000e+00
0.000000e+00
0.000000e+00
0.000000e+00
0.000000e+00
0.000000e+00
0.000000e+00
7.455469e-03
0.000000e+00
2.522091e-03
1.926619e-03
0.000000e+00
7.609598e-04
0.000000e+00
0.000000e+00
0.000000e+00
0.000000e+00
1.119600e-01
0.000000e+00
6.404296e-02
0.000000e+00
0.000000e+00
1.914227e-03
0.000000e+00
1.767438e-04
0.000000e+00
0.000000e+00
0.000000e+00
