2.994300e-01
0.000000e+00
2.294122e-01
0.000000e+00
0.000000e+00
7.574881e-03
0.000000e+00
0.000000e+00
0.000000e+00
0.000000e+00
0.000000e+00
0.000000e+00
5.534539e-01
0.000000e+00
3.270725e-02
4.161644e-03
0.000000e+00
0.000000e+00
0.000000e+00
0.000000e+00
0.000000e+00
0.000000e+00
0.000000e+00
1.736915e-01
0.000000e+00
1.828585e-02
1.190211e-02
7.238428e-04
0.000000e+00
0.000000e+00
0.000000e+00
0.000000e+00
0.000000e+00
4.239257e+00
2.154287e+01
3.641855e+00
2.834379e+00
1.161424e+00
5.901919e-02
0.000000e+00
0.000000e+00
0.000000e+00
0.000000e+00
0.000000e+00
3.040000e-01
2.050023e+01
2.295580e+00
2.886201e+00
3.996553e-01
1.855798e-03
0.000000e+00
0.000000e+00
0.000000e+00
0.000000e+00
0.000000e+00
3.096930e+01
9.064299e+01
3.395005e+01
1.632067e+01
6.440060e+00
4.489779e-01
0.000000e+00
0.000000e+00
0.000000e+00
0.000000e+00
0.000000e+00
0.000000e+00
0.000000e+00
0.000000e+00
0.000000e+00
0.000000e+00
0.000000e+00
0.000000e+00
0.000000e+00
0.000000e+00
0.000000e+00
0.000000e+00
0.000000e+00
0.000000e+00
0.000000e+00
0.000000e+00
0.000000e+00
2.471142e-04
0.000000e+00
0.000000e+00
0.000000e+00
0.000000e+00
0.000000e+00
1.193200e-01
2.106766e-02
5.271992e-02
1.079348e-02
6.887119e-03
0.000000e+00
0.000000e+00
0.000000e+00
0.000000e+00
0.000000e+00
0.000000e+00
