0.000000e+00
1.537505e-01
0.000000e+00
2.127078e-02
0.000000e+00
3.146141e-03
0.000000e+00
4.637467e-04
0.000000e+00
0.000000e+00
0.000000e+00
3.616200e-02
0.000000e+00
6.773739e-02
0.000000e+00
1.106681e-02
0.000000e+00
8.968011e-04
0.000000e+00
4.940696e-05
0.000000e+00
0.000000e+00
0.000000e+00
1.071755e-02
9.165694e-03
1.332010e-02
8.117836e-04
3.934264e-03
0.000000e+00
1.657172e-04
1.990551e-05
0.000000e+00
0.000000e+00
1.129812e+01
6.337242e+00
1.118339e+01
2.395150e+00
9.614262e-01
4.584070e-01
8.640644e-02
2.948097e-02
1.288547e-02
0.000000e+00
0.000000e+00
3.040000e-01
2.578088e+01
2.186130e+00
2.147656e+00
7.472865e-01
5.393103e-01
3.865890e-02
3.743068e-02
2.940944e-04
0.000000e+00
0.000000e+00
3.126850e+01
9.365416e+01
3.926929e+01
5.642431e+00
1.859702e+00
5.423047e-01
4.465450e-01
1.994458e-01
3.206623e-02
0.000000e+00
0.000000e+00
0.000000e+00
0.000000e+00
0.000000e+00
0.000000e+00
0.000000e+00
0.000000e+00
0.000000e+00
0.000000e+00
0.000000e+00
0.000000e+00
0.000000e+00
0.000000e+00
0.000000e+00
0.000000e+00
0.000000e+00
0.000000e+00
1.004408e-06
0.000000e+00
0.000000e+00
0.000000e+00
0.000000e+00
0.000000e+00
1.161100e-01
1.771830e-02
5.695586e-02
1.100549e-02
2.019091e-04
0.000000e+00
1.569415e-04
3.320440e-04
1.370739e-04
0.000000e+00
0.000000e+00
