1.720790e-01
0.000000e+00
1.239753e-01
0.000000e+00
3.326761e-02
0.000000e+00
2.078202e-03
0.000000e+00
0.000000e+00
0.000000e+00
0.000000e+00
0.000000e+00
2.186525e-01
0.000000e+00
5.325444e-02
0.000000e+00
2.018694e-02
0.000000e+00
0.000000e+00
0.000000e+00
0.000000e+00
0.000000e+00
4.008300e-02
0.000000e+00
4.430323e-02
4.439677e-03
0.000000e+00
9.804289e-03
3.257828e-04
0.000000e+00
0.000000e+00
0.000000e+00
0.000000e+00
7.420697e+00
1.717805e+01
8.052679e+00
3.887830e+00
1.617028e+00
8.391628e-01
2.903253e-02
0.000000e+00
0.000000e+00
0.000000e+00
0.000000e+00
3.690000e-01
1.944143e+01
4.753756e+00
2.421020e+00
1.819508e+00
4.419341e-01
1.260403e-03
0.000000e+00
0.000000e+00
0.000000e+00
0.000000e+00
2.965840e+01
8.748300e+01
1.759190e+01
1.292231e+01
4.358979e+00
1.100090e+00
1.290962e-01
0.000000e+00
0.000000e+00
0.000000e+00
0.000000e+00
0.000000e+00
0.000000e+00
0.000000e+00
0.000000e+00
0.000000e+00
0.000000e+00
0.000000e+00
0.000000e+00
0.000000e+00
0.000000e+00
0.000000e+00
0.000000e+00
0.000000e+00
0.000000e+00
6.653055e-04
0.000000e+00
0.000000e+00
2.984403e-04
0.000000e+00
0.000000e+00
0.000000e+00
0.000000e+00
8.667000e-02
6.664281e-03
3.518734e-02
0.000000e+00
1.733835e-03
1.619069e-03
0.000000e+00
0.000000e+00
0.000000e+00
0.000000e+00
0.000000e+00
