2.277420e-01
0.000000e+00
1.812895e-02
1.371944e-02
0.000000e+00
4.489437e-03
8.970167e-05
0.000000e+00
0.000000e+00
0.000000e+00
0.000000e+00
0.000000e+00
2.191196e-01
0.000000e+00
0.000000e+00
8.651868e-03
0.000000e+00
0.000000e+00
0.000000e+00
0.000000e+00
0.000000e+00
0.000000e+00
3.529000e-02
0.000000e+00
6.490510e-02
0.000000e+00
1.477390e-04
7.903819e-03
1.297484e-03
0.000000e+00
0.000000e+00
0.000000e+00
0.000000e+00
5.499598e+00
1.861659e+01
1.327319e+01
5.539203e+00
4.186991e+00
9.442094e-01
1.232891e-01
0.000000e+00
0.000000e+00
0.000000e+00
0.000000e+00
1.580000e-01
1.929524e+01
1.954634e+01
7.234706e+00
5.426209e+00
2.358651e+00
1.815938e-03
0.000000e+00
0.000000e+00
0.000000e+00
0.000000e+00
2.531780e+01
4.509674e+01
2.484089e+01
2.273004e+01
6.156929e+00
5.393417e+00
1.774185e-01
0.000000e+00
0.000000e+00
0.000000e+00
0.000000e+00
0.000000e+00
0.000000e+00
0.000000e+00
0.000000e+00
0.000000e+00
0.000000e+00
0.000000e+00
0.000000e+00
0.000000e+00
0.000000e+00
0.000000e+00
0.000000e+00
0.000000e+00
6.895659e-03
0.000000e+00
0.000000e+00
0.000000e+00
0.000000e+00
0.000000e+00
0.000000e+00
0.000000e+00
0.000000e+00
7.102000e-02
5.371759e-03
0.000000e+00
7.344598e-03
1.868519e-03
4.567785e-03
6.706251e-04
0.000000e+00
0.000000e+00
0.000000e+00
0.000000e+00
