1.744440e-01
0.000000e+00
4.042281e-02
0.000000e+00
2.210335e-02
0.000000e+00
4.194908e-03
0.000000e+00
0.000000e+00
5.872812e-05
5.711634e-05
0.000000e+00
1.591716e-01
0.000000e+00
3.160239e-02
0.000000e+00
4.395189e-03
0.000000e+00
1.794989e-03
3.816438e-04
0.000000e+00
0.000000e+00
1.809900e-02
0.000000e+00
1.788113e-02
0.000000e+00
3.564299e-03
1.073657e-03
2.875617e-04
8.812900e-04
2.346357e-04
0.000000e+00
1.386261e-05
6.337446e+00
1.830003e+01
1.134877e+01
7.583673e+00
2.612622e+00
7.611239e-01
2.454930e-01
1.675815e-01
6.130238e-02
2.706387e-02
1.566926e-03
1.440000e-01
2.050080e+01
1.948938e+01
5.675915e+00
3.237816e+00
7.619337e-01
2.519278e-01
1.784263e-01
6.985068e-02
2.434261e-02
4.159780e-05
2.452930e+01
3.684416e+01
2.724995e+01
1.549093e+01
6.158046e+00
3.141745e+00
4.712837e-01
0.000000e+00
2.320667e-01
6.871289e-02
7.034928e-03
0.000000e+00
0.000000e+00
0.000000e+00
0.000000e+00
0.000000e+00
0.000000e+00
0.000000e+00
6.556651e-02
0.000000e+00
0.000000e+00
0.000000e+00
0.000000e+00
0.000000e+00
0.000000e+00
0.000000e+00
0.000000e+00
0.000000e+00
0.000000e+00
0.000000e+00
0.000000e+00
0.000000e+00
0.000000e+00
8.600000e-02
6.935002e-03
4.137961e-03
1.545863e-02
1.890974e-03
2.451712e-03
3.287382e-05
2.371250e-04
5.486050e-05
6.504228e-05
2.677929e-05
