5.429600e-02
0.000000e+00
7.150608e-02
0.000000e+00
4.593252e-03
0.000000e+00
0.000000e+00
0.000000e+00
0.000000e+00
0.000000e+00
0.000000e+00
0.000000e+00
1.386201e-01
0.000000e+00
1.685992e-02
0.000000e+00
5.638032e-04
0.000000e+00
0.000000e+00
0.000000e+00
0.000000e+00
0.000000e+00
4.464800e-02
3.031593e-02
1.202042e-02
1.291648e-02
8.349135e-03
1.185516e-03
0.000000e+00
0.000000e+00
0.000000e+00
0.000000e+00
0.000000e+00
1.074729e+01
1.328709e+01
8.544458e+00
2.543860e+00
1.133504e+00
1.857774e-01
0.000000e+00
0.000000e+00
0.000000e+00
0.000000e+00
0.000000e+00
3.100000e-01
2.735570e+01
2.125189e+00
3.390056e+00
4.867616e-01
5.119978e-03
0.000000e+00
0.000000e+00
0.000000e+00
0.000000e+00
0.000000e+00
3.152170e+01
9.098219e+01
3.858984e+01
1.492357e+01
4.693766e+00
4.732977e-01
0.000000e+00
0.000000e+00
0.000000e+00
0.000000e+00
0.000000e+00
0.000000e+00
0.000000e+00
0.000000e+00
0.000000e+00
0.000000e+00
0.000000e+00
0.000000e+00
0.000000e+00
0.000000e+00
0.000000e+00
0.000000e+00
0.000000e+00
0.000000e+00
0.000000e+00
0.000000e+00
0.000000e+00
0.000000e+00
0.000000e+00
0.000000e+00
0.000000e+00
0.000000e+00
0.000000e+00
1.303000e-01
2.654066e-02
6.888891e-02
1.272602e-02
1.228783e-02
1.964140e-03
0.000000e+00
0.000000e+00
0.000000e+00
0.000000e+00
0.000000e+00
