0.000000e+00
4.876879e-02
0.000000e+00
3.748493e-02
0.000000e+00
5.117241e-04
0.000000e+00
2.078984e-04
5.461710e-05
0.000000e+00
1.463001e-05
5.142000e-03
0.000000e+00
5.899829e-02
0.000000e+00
9.724625e-03
0.000000e+00
2.296959e-04
0.000000e+00
0.000000e+00
3.966354e-05
0.000000e+00
8.535000e-03
2.013823e-02
0.000000e+00
0.000000e+00
4.882509e-03
0.000000e+00
8.981724e-04
2.687531e-04
0.000000e+00
1.013233e-05
1.519476e-06
1.030599e+01
1.350709e+01
1.008018e+01
3.543179e+00
1.852483e+00
8.168717e-01
2.054293e-01
3.430879e-02
5.677422e-03
3.941892e-03
1.884456e-03
5.310000e-01
1.501478e+01
1.463380e+01
6.957364e-01
2.901298e+00
4.120188e-01
1.862195e-01
1.943681e-02
2.514643e-03
6.635264e-03
5.453397e-05
3.066640e+01
8.983295e+01
5.406313e+01
1.964888e+01
8.164634e+00
3.371084e+00
7.039407e-01
1.098495e-01
3.106246e-02
2.379397e-02
5.507292e-03
0.000000e+00
0.000000e+00
0.000000e+00
0.000000e+00
0.000000e+00
0.000000e+00
0.000000e+00
0.000000e+00
0.000000e+00
0.000000e+00
0.000000e+00
0.000000e+00
0.000000e+00
0.000000e+00
0.000000e+00
0.000000e+00
0.000000e+00
0.000000e+00
0.000000e+00
0.000000e+00
0.000000e+00
0.000000e+00
1.416700e-01
2.681564e-02
4.408794e-02
3.524303e-02
8.641704e-04
6.163212e-03
9.994630e-04
3.123173e-04
1.203938e-05
1.675209e-05
2.216079e-05
