1.930580e-01
0.000000e+00
3.034638e-02
0.000000e+00
0.000000e+00
5.174917e-03
4.300229e-04
0.000000e+00
9.654244e-06
1.691031e-04
0.000000e+00
0.000000e+00
1.935663e-01
0.000000e+00
8.735321e-03
3.596661e-03
0.000000e+00
0.000000e+00
1.824995e-05
0.000000e+00
0.000000e+00
6.605897e-05
8.120000e-04
5.400983e-02
0.000000e+00
7.398075e-03
1.926972e-03
1.796157e-03
2.214433e-04
1.525121e-04
1.185328e-04
0.000000e+00
3.404397e-06
6.403922e+00
1.731378e+01
1.297225e+01
5.720663e+00
3.590596e+00
6.115649e-01
2.591682e-01
1.342961e-01
3.467833e-02
8.705504e-03
2.622002e-03
1.560000e-01
2.428201e+01
2.035718e+01
5.527008e+00
3.658144e+00
6.277592e-01
3.089670e-01
1.089567e-01
2.559347e-02
1.079939e-02
6.599089e-04
2.598660e+01
4.634056e+01
2.451612e+01
3.168523e+01
7.293624e+00
1.865055e+00
1.095918e+00
4.413005e-01
1.182971e-01
1.847555e-02
2.700350e-02
0.000000e+00
0.000000e+00
0.000000e+00
0.000000e+00
0.000000e+00
0.000000e+00
0.000000e+00
0.000000e+00
0.000000e+00
0.000000e+00
0.000000e+00
0.000000e+00
0.000000e+00
0.000000e+00
0.000000e+00
0.000000e+00
0.000000e+00
0.000000e+00
0.000000e+00
0.000000e+00
0.000000e+00
0.000000e+00
9.413000e-02
1.876392e-02
1.387609e-03
1.834862e-02
5.370896e-03
3.664948e-03
9.609218e-04
8.217485e-04
2.489147e-04
1.837333e-05
4.453423e-06
