0.000000e+00
3.257417e-01
0.000000e+00
6.454980e-02
0.000000e+00
0.000000e+00
1.655570e-03
0.000000e+00
3.547710e-04
0.000000e+00
2.363368e-05
7.489000e-02
0.000000e+00
1.747962e-01
0.000000e+00
1.882252e-02
2.287695e-03
0.000000e+00
1.194436e-03
0.000000e+00
7.323852e-05
0.000000e+00
5.871000e-03
0.000000e+00
9.959959e-03
5.949697e-03
0.000000e+00
2.176099e-03
0.000000e+00
8.210057e-04
4.065048e-05
0.000000e+00
7.077194e-06
1.019191e+01
1.023503e+01
1.116219e+01
3.556857e+00
1.346028e+00
5.145679e-01
2.568983e-01
1.555508e-01
1.392383e-02
5.568626e-03
1.062340e-03
4.080000e-01
1.906196e+01
6.378705e+00
1.450756e+00
1.199608e+00
5.840367e-01
3.009324e-01
1.113311e-01
9.386352e-03
4.015354e-03
4.789063e-05
2.832680e+01
7.487305e+01
6.283494e+01
8.522925e+00
9.775345e-02
9.460697e-01
5.942691e-01
3.327833e-01
6.879249e-02
2.500979e-02
4.268765e-03
0.000000e+00
0.000000e+00
0.000000e+00
0.000000e+00
0.000000e+00
0.000000e+00
0.000000e+00
0.000000e+00
0.000000e+00
0.000000e+00
0.000000e+00
0.000000e+00
1.599018e-02
0.000000e+00
0.000000e+00
0.000000e+00
0.000000e+00
0.000000e+00
0.000000e+00
0.000000e+00
0.000000e+00
0.000000e+00
1.076500e-01
0.000000e+00
3.330869e-02
1.615992e-02
3.300859e-03
2.127249e-04
2.037686e-04
4.258199e-04
1.017315e-04
3.409363e-05
1.597667e-05
