0.000000e+00
1.086415e-01
0.000000e+00
0.000000e+00
1.438834e-03
0.000000e+00
5.875916e-04
0.000000e+00
0.000000e+00
0.000000e+00
0.000000e+00
5.364900e-02
0.000000e+00
2.722150e-02
1.160212e-02
0.000000e+00
6.160685e-04
0.000000e+00
2.574879e-04
0.000000e+00
0.000000e+00
0.000000e+00
3.000600e-02
0.000000e+00
2.260376e-02
1.443958e-02
3.228322e-03
1.171958e-03
6.891492e-04
2.969844e-04
0.000000e+00
0.000000e+00
0.000000e+00
1.368959e+01
7.643411e+00
1.041635e+01
3.646173e+00
1.865017e+00
1.215102e+00
2.908004e-01
9.456385e-02
0.000000e+00
0.000000e+00
0.000000e+00
4.970000e-01
1.686938e+01
6.179558e+00
4.435320e+00
2.667863e+00
1.050708e+00
1.850959e-01
3.783216e-03
0.000000e+00
0.000000e+00
0.000000e+00
3.028560e+01
9.108892e+01
2.425848e+01
7.626761e+00
8.072137e+00
4.426326e+00
1.481635e+00
2.311464e-01
0.000000e+00
0.000000e+00
0.000000e+00
0.000000e+00
0.000000e+00
0.000000e+00
0.000000e+00
0.000000e+00
0.000000e+00
0.000000e+00
0.000000e+00
0.000000e+00
0.000000e+00
0.000000e+00
0.000000e+00
0.000000e+00
0.000000e+00
0.000000e+00
0.000000e+00
0.000000e+00
0.000000e+00
0.000000e+00
0.000000e+00
0.000000e+00
0.000000e+00
1.252500e-01
2.329726e-02
6.455298e-02
4.980600e-03
3.407111e-03
6.356578e-03
2.366078e-03
9.466156e-04
0.000000e+00
0.000000e+00
0.000000e+00
