9.939000e-02
0.000000e+00
1.578021e-01
0.000000e+00
3.766009e-02
0.000000e+00
3.717854e-03
0.000000e+00
2.920126e-04
0.000000e+00
1.676771e-05
0.000000e+00
2.384084e-01
0.000000e+00
7.915740e-02
0.000000e+00
7.859210e-03
0.000000e+00
2.420148e-03
0.000000e+00
8.128066e-06
0.000000e+00
3.306300e-02
0.000000e+00
7.698233e-03
3.783276e-04
4.372667e-03
0.000000e+00
1.115893e-03
2.684721e-04
7.509930e-05
1.636926e-05
2.501948e-06
1.385630e+01
1.375529e+01
9.676470e+00
3.830602e+00
1.338944e+00
2.945809e-01
1.542836e-01
1.473364e-01
2.551165e-02
1.141648e-02
1.674561e-03
2.680000e-01
3.395604e+01
7.075807e-01
5.127527e+00
7.777385e-01
2.545492e-01
2.878734e-01
1.407126e-01
3.029113e-02
4.625262e-03
4.804610e-05
2.959110e+01
8.751457e+01
3.590281e+01
1.858291e+01
4.352513e+00
1.255671e+00
1.715169e-01
9.007301e-01
1.509125e-01
4.743356e-02
4.878745e-03
0.000000e+00
0.000000e+00
0.000000e+00
0.000000e+00
0.000000e+00
0.000000e+00
0.000000e+00
0.000000e+00
0.000000e+00
0.000000e+00
0.000000e+00
0.000000e+00
0.000000e+00
0.000000e+00
0.000000e+00
0.000000e+00
0.000000e+00
3.843558e-04
0.000000e+00
0.000000e+00
0.000000e+00
0.000000e+00
1.292600e-01
2.565820e-02
5.676658e-02
3.276518e-03
1.132737e-02
5.870583e-04
0.000000e+00
1.625039e-04
1.553921e-05
1.123472e-04
1.704423e-05
