4.554600e-01
0.000000e+00
2.007903e-01
0.000000e+00
1.798127e-02
0.000000e+00
1.714881e-03
0.000000e+00
0.000000e+00
0.000000e+00
0.000000e+00
0.000000e+00
5.055057e-01
0.000000e+00
3.485165e-02
0.000000e+00
6.455507e-03
0.000000e+00
0.000000e+00
0.000000e+00
0.000000e+00
0.000000e+00
0.000000e+00
2.376703e-01
0.000000e+00
2.052015e-02
0.000000e+00
6.598421e-03
1.557284e-04
0.000000e+00
0.000000e+00
0.000000e+00
0.000000e+00
3.822996e+00
1.552452e+01
8.930618e+00
4.550462e+00
2.683990e+00
1.088776e+00
6.908113e-02
0.000000e+00
0.000000e+00
0.000000e+00
0.000000e+00
1.180000e-01
7.133205e+00
1.076473e+01
6.499551e+00
2.954549e+00
8.626351e-01
1.430798e-03
0.000000e+00
0.000000e+00
0.000000e+00
0.000000e+00
2.544830e+01
1.047515e+02
1.693623e+01
1.046690e+01
1.357987e+00
2.243349e-01
2.547645e-01
0.000000e+00
0.000000e+00
0.000000e+00
0.000000e+00
0.000000e+00
0.000000e+00
0.000000e+00
0.000000e+00
0.000000e+00
0.000000e+00
0.000000e+00
0.000000e+00
0.000000e+00
0.000000e+00
0.000000e+00
0.000000e+00
4.686033e-03
1.167855e-02
0.000000e+00
2.317290e-03
0.000000e+00
0.000000e+00
0.000000e+00
0.000000e+00
0.000000e+00
0.000000e+00
1.353000e-02
0.000000e+00
0.000000e+00
4.586415e-04
0.000000e+00
3.066836e-03
9.018993e-04
0.000000e+00
0.000000e+00
0.000000e+00
0.000000e+00
