1.995070e-01
0.000000e+00
1.203168e-01
3.498795e-03
0.000000e+00
0.000000e+00
2.751575e-03
0.000000e+00
0.000000e+00
0.000000e+00
0.000000e+00
0.000000e+00
3.666785e-01
0.000000e+00
0.000000e+00
1.174726e-03
8.743738e-04
0.000000e+00
1.119955e-03
0.000000e+00
0.000000e+00
0.000000e+00
0.000000e+00
1.217282e-01
0.000000e+00
9.780646e-03
6.468839e-04
2.172532e-03
4.841103e-04
2.276035e-04
0.000000e+00
0.000000e+00
0.000000e+00
6.420614e+00
1.951798e+01
7.026076e+00
2.423571e+00
1.640138e+00
6.079719e-01
2.400545e-01
8.506152e-02
0.000000e+00
0.000000e+00
0.000000e+00
3.270000e-01
3.423991e+01
1.536815e+00
2.673566e+00
2.283324e+00
3.631222e-01
3.549036e-01
2.907885e-02
0.000000e+00
0.000000e+00
0.000000e+00
3.117650e+01
8.913459e+01
3.787359e+01
1.050186e+01
4.580736e+00
2.397836e+00
0.000000e+00
0.000000e+00
0.000000e+00
0.000000e+00
0.000000e+00
0.000000e+00
0.000000e+00
0.000000e+00
0.000000e+00
0.000000e+00
0.000000e+00
6.932241e-02
6.712959e-01
0.000000e+00
0.000000e+00
0.000000e+00
0.000000e+00
0.000000e+00
0.000000e+00
0.000000e+00
0.000000e+00
0.000000e+00
1.253186e-03
0.000000e+00
0.000000e+00
0.000000e+00
0.000000e+00
1.062100e-01
1.309594e-02
5.095873e-02
7.030756e-03
2.038650e-03
1.391456e-03
0.000000e+00
1.443377e-04
0.000000e+00
0.000000e+00
0.000000e+00
