2.458930e-01
0.000000e+00
8.253381e-02
0.000000e+00
0.000000e+00
2.226534e-02
0.000000e+00
1.938079e-03
0.000000e+00
0.000000e+00
0.000000e+00
0.000000e+00
2.710996e-01
0.000000e+00
2.472607e-02
2.429862e-02
0.000000e+00
5.551145e-03
0.000000e+00
0.000000e+00
0.000000e+00
0.000000e+00
0.000000e+00
9.687360e-02
0.000000e+00
3.365213e-02
7.795158e-03
0.000000e+00
1.533529e-03
0.000000e+00
0.000000e+00
0.000000e+00
0.000000e+00
4.201369e+00
1.989063e+01
8.182081e+00
8.667089e+00
3.868561e+00
5.462669e-01
3.071705e-01
1.679310e-02
0.000000e+00
0.000000e+00
0.000000e+00
1.200000e-01
3.048351e+01
1.079356e+01
1.154842e+01
2.452726e+00
3.600519e-01
1.009645e-01
8.583949e-04
0.000000e+00
0.000000e+00
0.000000e+00
2.495590e+01
3.530239e+01
2.933635e+01
2.691037e+01
2.288979e+01
3.142370e+00
2.589333e+00
1.340859e-01
0.000000e+00
0.000000e+00
0.000000e+00
0.000000e+00
0.000000e+00
0.000000e+00
0.000000e+00
0.000000e+00
0.000000e+00
0.000000e+00
0.000000e+00
0.000000e+00
0.000000e+00
0.000000e+00
0.000000e+00
0.000000e+00
0.000000e+00
0.000000e+00
0.000000e+00
8.416610e-04
0.000000e+00
9.665358e-05
0.000000e+00
0.000000e+00
0.000000e+00
1.020800e-01
1.554217e-02
1.232836e-02
8.021107e-04
2.163764e-02
0.000000e+00
1.805000e-03
0.000000e+00
0.000000e+00
0.000000e+00
0.000000e+00
