0.000000e+00
2.271319e-01
0.000000e+00
5.007098e-02
0.000000e+00
8.121348e-04
8.189928e-04
2.712523e-04
0.000000e+00
0.000000e+00
0.000000e+00
2.043200e-02
0.000000e+00
1.586538e-01
0.000000e+00
1.225865e-02
0.000000e+00
0.000000e+00
0.000000e+00
0.000000e+00
0.000000e+00
0.000000e+00
6.312100e-02
0.000000e+00
6.333118e-02
0.000000e+00
7.073531e-03
6.463685e-04
5.593553e-04
1.001604e-04
0.000000e+00
0.000000e+00
0.000000e+00
9.330784e+00
1.088202e+01
1.187874e+01
4.579429e+00
1.961097e+00
8.028666e-01
2.054821e-01
1.936375e-02
0.000000e+00
0.000000e+00
0.000000e+00
4.600000e-01
1.549312e+01
7.937731e+00
3.907149e+00
2.333175e+00
5.588292e-01
2.013639e-01
3.329540e-04
0.000000e+00
0.000000e+00
0.000000e+00
2.955070e+01
8.050037e+01
6.189958e+01
1.561567e+01
6.436567e+00
1.856345e+00
6.235525e-01
6.251677e-02
0.000000e+00
0.000000e+00
0.000000e+00
0.000000e+00
0.000000e+00
0.000000e+00
0.000000e+00
0.000000e+00
0.000000e+00
0.000000e+00
0.000000e+00
0.000000e+00
0.000000e+00
0.000000e+00
0.000000e+00
0.000000e+00
0.000000e+00
0.000000e+00
0.000000e+00
0.000000e+00
0.000000e+00
0.000000e+00
0.000000e+00
0.000000e+00
0.000000e+00
1.183800e-01
1.250990e-03
3.615888e-02
2.453986e-02
7.302445e-03
4.394369e-03
1.020430e-03
2.940767e-04
0.000000e+00
0.000000e+00
0.000000e+00
