1.118560e-01
0.000000e+00
0.000000e+00
0.000000e+00
4.712188e-04
9.371036e-04
0.000000e+00
1.087335e-03
1.704292e-04
0.000000e+00
0.000000e+00
0.000000e+00
3.396211e-02
2.793672e-02
9.633435e-03
0.000000e+00
0.000000e+00
4.467441e-04
0.000000e+00
0.000000e+00
0.000000e+00
0.000000e+00
6.994000e-03
9.550395e-03
0.000000e+00
9.351146e-04
3.920820e-03
3.769836e-03
1.019317e-03
0.000000e+00
5.363666e-05
0.000000e+00
0.000000e+00
8.319447e+00
1.561003e+01
1.329196e+01
8.032990e+00
3.927161e+00
1.438630e+00
6.080406e-01
1.445728e-01
1.120067e-02
0.000000e+00
0.000000e+00
1.420000e-01
2.691359e+01
1.451238e+01
6.652217e+00
5.627218e+00
1.608459e+00
5.807703e-01
1.356528e-01
1.937480e-04
0.000000e+00
0.000000e+00
2.449450e+01
3.656940e+01
2.550123e+01
1.521578e+01
9.032538e+00
3.486208e+00
1.403725e+00
3.955847e-01
3.708983e-02
0.000000e+00
0.000000e+00
0.000000e+00
0.000000e+00
0.000000e+00
0.000000e+00
0.000000e+00
0.000000e+00
0.000000e+00
0.000000e+00
0.000000e+00
0.000000e+00
0.000000e+00
0.000000e+00
0.000000e+00
0.000000e+00
0.000000e+00
0.000000e+00
0.000000e+00
0.000000e+00
0.000000e+00
0.000000e+00
0.000000e+00
0.000000e+00
1.043600e-01
1.664701e-02
1.106186e-02
1.511212e-02
7.422071e-03
5.722271e-03
2.064456e-03
7.866539e-04
1.569058e-04
0.000000e+00
0.000000e+00
