1.450510e-01
0.000000e+00
0.000000e+00
4.108807e-02
0.000000e+00
1.437742e-02
0.000000e+00
1.685894e-04
6.168115e-05
6.913690e-05
0.000000e+00
0.000000e+00
7.201624e-02
6.463571e-02
0.000000e+00
2.704371e-02
0.000000e+00
3.952338e-03
0.000000e+00
0.000000e+00
0.000000e+00
0.000000e+00
1.234200e-02
2.659479e-02
0.000000e+00
9.646532e-03
0.000000e+00
0.000000e+00
1.829340e-03
5.042620e-05
1.446262e-04
6.001990e-06
0.000000e+00
6.657347e+00
1.812549e+01
1.266150e+01
5.160056e+00
3.398139e+00
3.958069e-01
3.089300e-01
1.221349e-01
5.359857e-02
2.657951e-03
0.000000e+00
1.420000e-01
2.048383e+01
1.792801e+01
6.901018e+00
2.772376e+00
6.074978e-01
2.542638e-01
1.522177e-01
3.578282e-02
5.353082e-05
0.000000e+00
2.479980e+01
3.665871e+01
2.825068e+01
1.484574e+01
8.345905e+00
1.522325e+00
6.326882e-01
4.134042e-01
1.410101e-01
1.017016e-02
0.000000e+00
0.000000e+00
0.000000e+00
0.000000e+00
0.000000e+00
0.000000e+00
0.000000e+00
0.000000e+00
0.000000e+00
0.000000e+00
0.000000e+00
0.000000e+00
0.000000e+00
0.000000e+00
0.000000e+00
0.000000e+00
0.000000e+00
0.000000e+00
0.000000e+00
0.000000e+00
0.000000e+00
0.000000e+00
0.000000e+00
1.018700e-01
1.538361e-02
1.270079e-02
2.187964e-02
6.166576e-03
3.698653e-03
6.620379e-04
3.267682e-04
3.362103e-04
4.575864e-05
0.000000e+00
