1.087070e-01
0.000000e+00
4.227451e-03
1.810930e-02
0.000000e+00
0.000000e+00
0.000000e+00
0.000000e+00
0.000000e+00
0.000000e+00
0.000000e+00
0.000000e+00
1.236137e-01
0.000000e+00
0.000000e+00
3.400571e-03
1.157254e-03
0.000000e+00
0.000000e+00
0.000000e+00
0.000000e+00
0.000000e+00
4.981500e-02
0.000000e+00
5.068835e-02
0.000000e+00
7.419424e-03
9.376963e-03
0.000000e+00
0.000000e+00
0.000000e+00
0.000000e+00
0.000000e+00
7.112298e+00
2.009036e+01
9.857422e+00
4.765426e+00
2.677288e+00
8.640034e-01
0.000000e+00
0.000000e+00
0.000000e+00
0.000000e+00
0.000000e+00
4.160000e-01
1.630191e+01
8.129456e+00
4.667993e+00
3.119405e+00
1.728372e-01
0.000000e+00
0.000000e+00
0.000000e+00
0.000000e+00
0.000000e+00
3.051540e+01
8.543986e+01
3.606437e+01
1.438528e+01
8.026187e+00
0.000000e+00
0.000000e+00
0.000000e+00
0.000000e+00
0.000000e+00
0.000000e+00
0.000000e+00
0.000000e+00
0.000000e+00
0.000000e+00
0.000000e+00
2.498677e+00
0.000000e+00
0.000000e+00
0.000000e+00
0.000000e+00
0.000000e+00
0.000000e+00
0.000000e+00
0.000000e+00
0.000000e+00
0.000000e+00
0.000000e+00
0.000000e+00
0.000000e+00
0.000000e+00
0.000000e+00
0.000000e+00
1.077000e-01
9.788850e-03
2.736431e-02
1.741638e-02
3.868526e-03
8.294864e-03
0.000000e+00
0.000000e+00
0.000000e+00
0.000000e+00
0.000000e+00
