1.000000e+00
1.532011e+00
1.062824e+00
4.883313e-01
1.376158e-01
2.898124e-02
1.526527e-02
1.089576e-02
5.914926e-03
7.458868e-04
0.000000e+00
4.500000e+00
5.550346e+00
4.039352e+00
1.985474e+00
5.607422e-01
1.109667e-01
5.395644e-02
3.321728e-02
1.771208e-02
3.356491e-03
0.000000e+00
2.500000e+01
3.428637e+01
2.435004e+01
1.157489e+01
3.265287e+00
6.657228e-01
3.366986e-01
2.235493e-01
1.181830e-01
1.864717e-02
0.000000e+00
1.359844e+01
5.836050e+00
6.156353e+00
4.276706e+00
1.226676e+00
2.031231e-01
5.776193e-02
5.368943e-02
3.080064e-02
1.014290e-02
0.000000e+00
7.541950e-01
6.283553e-01
5.099904e-01
2.851662e-01
8.098759e-02
1.465072e-02
6.216477e-03
3.038320e-03
2.611764e-03
5.625441e-04
0.000000e+00
1.008000e+00
5.773160e+00
3.410779e+00
1.158786e+00
3.204329e-01
8.286032e-02
5.741978e-02
3.710123e-02
1.922801e-02
7.518539e-04
0.000000e+00
