1.000000e+00
1.586181e+00
1.410537e+00
3.720665e-01
2.883778e-01
1.721370e-01
8.079929e-02
4.596621e-02
1.109573e-02
3.911130e-03
0.000000e+00
4.500000e+00
5.715623e+00
5.429025e+00
1.356442e+00
1.046409e+00
6.295709e-01
3.004982e-01
1.718917e-01
4.207817e-02
1.760008e-02
0.000000e+00
2.500000e+01
3.513254e+01
2.929825e+01
8.302378e+00
6.394053e+00
3.797586e+00
1.831494e+00
9.594693e-01
2.539360e-01
9.777824e-02
0.000000e+00
1.359844e+01
5.627579e+00
8.117690e+00
1.499384e+00
1.100514e+00
7.036412e-01
3.945083e-01
2.134005e-01
6.324248e-02
5.318526e-02
0.000000e+00
7.541950e-01
6.385426e-01
7.049967e-01
1.559501e-01
1.189505e-01
7.296152e-02
3.618742e-02
2.099327e-02
5.288084e-03
2.949755e-03
0.000000e+00
1.008000e+00
6.202567e+00
5.816680e+00
1.398651e+00
1.111777e+00
6.638838e-01
2.800292e-01
1.961651e-01
3.589821e-02
3.942419e-03
0.000000e+00
