1.000000e+00
1.535667e+00
1.053139e+00
5.523234e-01
2.312966e-01
7.198622e-02
8.030133e-03
0.000000e+00
0.000000e+00
0.000000e+00
0.000000e+00
4.500000e+00
5.549032e+00
4.004949e+00
2.109219e+00
9.246368e-01
2.772460e-01
3.613560e-02
0.000000e+00
0.000000e+00
0.000000e+00
0.000000e+00
2.500000e+01
3.432470e+01
2.413535e+01
1.268419e+01
5.435309e+00
1.660177e+00
2.007533e-01
0.000000e+00
0.000000e+00
0.000000e+00
0.000000e+00
1.359844e+01
5.687468e+00
6.126965e+00
3.311608e+00
1.848400e+00
4.577761e-01
1.091973e-01
0.000000e+00
0.000000e+00
0.000000e+00
0.000000e+00
7.541950e-01
6.241433e-01
5.062840e-01
2.689775e-01
1.288630e-01
3.597628e-02
6.056287e-03
0.000000e+00
0.000000e+00
0.000000e+00
0.000000e+00
1.008000e+00
5.832764e+00
3.372169e+00
1.740830e+00
5.988450e-01
2.195110e-01
8.094375e-03
0.000000e+00
0.000000e+00
0.000000e+00
0.000000e+00
