1.000000e+00
1.530804e+00
1.064181e+00
4.858124e-01
1.351300e-01
2.853852e-02
1.155870e-02
3.747140e-03
9.383598e-04
0.000000e+00
0.000000e+00
4.500000e+00
5.545092e+00
4.041820e+00
1.981171e+00
5.535397e-01
1.115818e-01
4.701191e-02
1.509141e-02
4.222619e-03
0.000000e+00
0.000000e+00
2.500000e+01
3.425672e+01
2.437311e+01
1.153298e+01
3.215312e+00
6.631540e-01
2.740248e-01
8.838900e-02
2.345899e-02
0.000000e+00
0.000000e+00
1.359844e+01
5.821592e+00
6.134072e+00
4.318483e+00
1.228784e+00
2.001128e-01
1.013510e-01
3.119244e-02
1.276023e-02
0.000000e+00
0.000000e+00
7.541950e-01
6.275138e-01
5.095842e-01
2.859902e-01
8.051850e-02
1.491736e-02
6.755342e-03
2.131492e-03
7.077062e-04
0.000000e+00
0.000000e+00
1.008000e+00
5.771395e+00
3.423636e+00
1.134825e+00
3.078753e-01
8.177045e-02
2.739414e-02
9.349920e-03
9.458666e-04
0.000000e+00
0.000000e+00
