1.000000e+00
1.566278e+00
1.268184e+00
1.294002e+00
5.388345e-01
2.683150e-02
0.000000e+00
0.000000e+00
0.000000e+00
0.000000e+00
0.000000e+00
4.500000e+00
5.587832e+00
4.396992e+00
3.791185e+00
1.555505e+00
1.207418e-01
0.000000e+00
0.000000e+00
0.000000e+00
0.000000e+00
0.000000e+00
2.500000e+01
3.452699e+01
2.699387e+01
2.197539e+01
8.990026e+00
6.707875e-01
0.000000e+00
0.000000e+00
0.000000e+00
0.000000e+00
0.000000e+00
1.359844e+01
5.554411e+00
4.282811e+00
3.855927e+00
1.536845e+00
3.648666e-01
0.000000e+00
0.000000e+00
0.000000e+00
0.000000e+00
0.000000e+00
7.541950e-01
6.302563e-01
5.078401e-01
5.305641e-01
2.193120e-01
2.023618e-02
0.000000e+00
0.000000e+00
0.000000e+00
0.000000e+00
0.000000e+00
1.008000e+00
6.221439e+00
5.539125e+00
8.446031e+00
3.605837e+00
2.704615e-02
0.000000e+00
0.000000e+00
0.000000e+00
0.000000e+00
0.000000e+00
