1.000000e+00
1.535083e+00
1.055225e+00
5.567441e-01
2.651112e-01
1.010202e-01
2.788389e-02
1.301823e-02
1.953236e-03
0.000000e+00
0.000000e+00
4.500000e+00
5.547223e+00
4.006688e+00
2.125007e+00
1.009275e+00
3.952307e-01
1.062421e-01
5.274630e-02
8.789562e-03
0.000000e+00
0.000000e+00
2.500000e+01
3.431255e+01
2.416465e+01
1.278245e+01
6.078956e+00
2.348184e+00
6.396372e-01
3.080232e-01
4.883090e-02
0.000000e+00
0.000000e+00
1.359844e+01
5.688657e+00
6.069988e+00
3.325899e+00
1.554559e+00
7.112044e-01
1.644934e-01
1.118958e-01
2.656096e-02
0.000000e+00
0.000000e+00
7.541950e-01
6.240239e-01
5.048577e-01
2.707010e-01
1.278775e-01
5.290433e-02
1.348463e-02
7.529166e-03
1.473121e-03
0.000000e+00
0.000000e+00
1.008000e+00
5.829602e+00
3.398336e+00
1.758208e+00
8.454523e-01
2.886466e-01
8.864449e-02
3.148852e-02
1.968862e-03
0.000000e+00
0.000000e+00
