1.000000e+00
1.538990e+00
1.049491e+00
4.776207e-01
1.013216e-01
5.842312e-02
1.664415e-02
2.918216e-03
0.000000e+00
0.000000e+00
0.000000e+00
4.500000e+00
5.556809e+00
3.989637e+00
1.940703e+00
3.675810e-01
2.178045e-01
6.648186e-02
1.313197e-02
0.000000e+00
0.000000e+00
0.000000e+00
2.500000e+01
3.438634e+01
2.404745e+01
1.131742e+01
2.269073e+00
1.325857e+00
3.909610e-01
7.295540e-02
0.000000e+00
0.000000e+00
0.000000e+00
1.359844e+01
5.652542e+00
6.089689e+00
4.166843e+00
3.915689e-01
2.911120e-01
1.323955e-01
3.968319e-02
0.000000e+00
0.000000e+00
0.000000e+00
7.541950e-01
6.238339e-01
5.039661e-01
2.783976e-01
4.175374e-02
2.637170e-02
9.251364e-03
2.200904e-03
0.000000e+00
0.000000e+00
0.000000e+00
1.008000e+00
5.858706e+00
3.365014e+00
1.137917e+00
3.802386e-01
2.008277e-01
4.326662e-02
2.941562e-03
0.000000e+00
0.000000e+00
0.000000e+00
