1.000000e+00
1.552447e+00
1.049082e+00
5.068175e-01
9.032480e-02
2.486409e-02
0.000000e+00
0.000000e+00
0.000000e+00
0.000000e+00
0.000000e+00
4.500000e+00
5.724387e+00
3.993317e+00
2.721099e+00
3.590458e-01
1.118884e-01
0.000000e+00
0.000000e+00
0.000000e+00
0.000000e+00
0.000000e+00
2.500000e+01
3.475255e+01
2.405371e+01
1.244612e+01
2.116480e+00
6.216022e-01
0.000000e+00
0.000000e+00
0.000000e+00
0.000000e+00
0.000000e+00
1.359844e+01
5.600547e+00
6.145759e+00
4.214276e+00
6.990744e-01
3.381128e-01
0.000000e+00
0.000000e+00
0.000000e+00
0.000000e+00
0.000000e+00
7.541950e-01
6.252644e-01
5.058236e-01
2.856892e-01
4.952324e-02
1.875237e-02
0.000000e+00
0.000000e+00
0.000000e+00
0.000000e+00
0.000000e+00
1.008000e+00
5.993349e+00
3.347221e+00
1.557109e+00
2.402741e-01
2.506300e-02
0.000000e+00
0.000000e+00
0.000000e+00
0.000000e+00
0.000000e+00
