1.000000e+00
1.553877e+00
9.163397e-01
3.961327e-01
1.831440e-01
9.699300e-02
2.139941e-02
0.000000e+00
0.000000e+00
0.000000e+00
0.000000e+00
4.500000e+00
5.578967e+00
3.698769e+00
1.075424e+00
6.872593e-01
3.592685e-01
9.629737e-02
0.000000e+00
0.000000e+00
0.000000e+00
0.000000e+00
2.500000e+01
3.461965e+01
2.163416e+01
7.712538e+00
4.169686e+00
2.194213e+00
5.349854e-01
0.000000e+00
0.000000e+00
0.000000e+00
0.000000e+00
1.359844e+01
5.606475e+00
8.000327e+00
1.493110e+00
9.626728e-01
4.573327e-01
2.909987e-01
0.000000e+00
0.000000e+00
0.000000e+00
0.000000e+00
7.541950e-01
6.206196e-01
5.279810e-01
7.128582e-02
8.443041e-02
4.286921e-02
1.613933e-02
0.000000e+00
0.000000e+00
0.000000e+00
0.000000e+00
1.008000e+00
5.942182e+00
2.179667e+00
1.471786e+00
6.154249e-01
3.407325e-01
2.157061e-02
0.000000e+00
0.000000e+00
0.000000e+00
0.000000e+00
