1.000000e+00
1.628691e+00
1.231942e+00
1.838109e-01
8.453568e-02
0.000000e+00
0.000000e+00
0.000000e+00
0.000000e+00
0.000000e+00
0.000000e+00
4.500000e+00
5.977341e+00
8.464232e+00
6.696625e-01
3.804105e-01
0.000000e+00
0.000000e+00
0.000000e+00
0.000000e+00
0.000000e+00
0.000000e+00
2.500000e+01
3.643225e+01
3.123122e+01
4.124829e+00
2.113392e+00
0.000000e+00
0.000000e+00
0.000000e+00
0.000000e+00
0.000000e+00
0.000000e+00
1.359844e+01
5.842689e+00
8.464441e+00
7.418508e-01
1.149553e+00
0.000000e+00
0.000000e+00
0.000000e+00
0.000000e+00
0.000000e+00
0.000000e+00
7.541950e-01
6.549064e-01
6.246876e-01
7.685367e-02
6.375639e-02
0.000000e+00
0.000000e+00
0.000000e+00
0.000000e+00
0.000000e+00
0.000000e+00
1.008000e+00
6.286177e+00
5.146686e+00
6.809228e-01
8.521196e-02
0.000000e+00
0.000000e+00
0.000000e+00
0.000000e+00
0.000000e+00
0.000000e+00
