1.000000e+00
1.538418e+00
1.176303e+00
8.445333e-01
5.452108e-01
7.095290e-02
1.275191e-02
0.000000e+00
0.000000e+00
0.000000e+00
0.000000e+00
4.500000e+00
5.503211e+00
4.166012e+00
2.880497e+00
1.237560e+00
2.946705e-01
5.738359e-02
0.000000e+00
0.000000e+00
0.000000e+00
0.000000e+00
2.500000e+01
3.416894e+01
2.592351e+01
1.741489e+01
9.514657e+00
1.700285e+00
3.187977e-01
0.000000e+00
0.000000e+00
0.000000e+00
0.000000e+00
1.359844e+01
5.540579e+00
4.232721e+00
3.587701e+00
2.190801e+00
6.900950e-01
1.734061e-01
0.000000e+00
0.000000e+00
0.000000e+00
0.000000e+00
7.541950e-01
6.183933e-01
4.701805e-01
3.567377e-01
1.932546e-01
4.385586e-02
9.617425e-03
0.000000e+00
0.000000e+00
0.000000e+00
0.000000e+00
1.008000e+00
5.889769e+00
4.518984e+00
3.359027e+00
1.906747e+00
1.489968e-01
1.285392e-02
0.000000e+00
0.000000e+00
0.000000e+00
0.000000e+00
