1.000000e+00
1.535628e+00
1.169540e+00
6.728347e-01
2.749019e-01
1.530732e-01
4.309404e-02
4.762466e-03
5.072438e-03
2.954799e-04
0.000000e+00
4.500000e+00
5.534952e+00
4.177397e+00
2.499261e+00
1.029636e+00
3.091790e-01
1.778868e-01
1.854123e-02
6.037261e-03
1.329660e-03
0.000000e+00
2.500000e+01
3.428000e+01
2.596741e+01
1.518970e+01
6.251818e+00
2.527827e+00
1.025465e+00
1.104291e-01
6.834635e-02
7.386999e-03
0.000000e+00
1.359844e+01
5.566981e+00
4.245793e+00
4.095925e+00
1.441205e+00
5.007151e-01
4.711768e-01
3.250864e-02
1.551241e-02
4.018066e-03
0.000000e+00
7.541950e-01
6.198237e-01
4.713623e-01
3.280558e-01
1.265605e-01
5.428948e-02
2.833017e-02
2.458251e-03
1.664363e-03
2.228495e-04
0.000000e+00
1.008000e+00
5.866033e+00
4.459596e+00
2.090851e+00
9.245643e-01
5.610967e-01
7.487933e-02
1.389554e-02
1.822455e-02
2.978438e-04
0.000000e+00
