1.000000e+00
1.555547e+00
1.093802e+00
7.085118e-01
6.561623e-02
0.000000e+00
0.000000e+00
0.000000e+00
0.000000e+00
0.000000e+00
0.000000e+00
4.500000e+00
5.508358e+00
3.987978e+00
1.762113e+00
2.952730e-01
0.000000e+00
0.000000e+00
0.000000e+00
0.000000e+00
0.000000e+00
0.000000e+00
2.500000e+01
3.436096e+01
2.444712e+01
1.283948e+01
1.640406e+00
0.000000e+00
0.000000e+00
0.000000e+00
0.000000e+00
0.000000e+00
0.000000e+00
1.359844e+01
5.665098e+00
6.179863e+00
3.591361e+00
8.922783e-01
0.000000e+00
0.000000e+00
0.000000e+00
0.000000e+00
0.000000e+00
0.000000e+00
7.541950e-01
6.264055e-01
5.157280e-01
3.011524e-01
4.948743e-02
0.000000e+00
0.000000e+00
0.000000e+00
0.000000e+00
0.000000e+00
0.000000e+00
1.008000e+00
5.918325e+00
3.528758e+00
2.273423e+00
6.614116e-02
0.000000e+00
0.000000e+00
0.000000e+00
0.000000e+00
0.000000e+00
0.000000e+00
