1.000000e+00
1.533542e+00
1.163029e+00
6.548585e-01
2.912569e-01
8.603090e-02
2.161310e-02
1.894656e-02
2.379532e-03
0.000000e+00
0.000000e+00
4.500000e+00
5.531604e+00
4.194715e+00
2.509911e+00
1.083727e+00
3.221209e-01
8.407477e-02
3.510630e-02
1.070789e-02
0.000000e+00
0.000000e+00
2.500000e+01
3.424808e+01
2.597203e+01
1.505952e+01
6.603541e+00
1.941839e+00
5.009438e-01
3.013220e-01
5.948829e-02
0.000000e+00
0.000000e+00
1.359844e+01
5.570775e+00
4.224242e+00
4.135830e+00
1.427913e+00
6.811961e-01
1.467572e-01
6.071255e-02
3.235792e-02
0.000000e+00
0.000000e+00
7.541950e-01
6.194551e-01
4.697613e-01
3.260458e-01
1.306496e-01
4.720930e-02
1.112887e-02
6.603552e-03
1.794631e-03
0.000000e+00
0.000000e+00
1.008000e+00
5.855380e+00
4.440793e+00
2.003366e+00
1.007776e+00
2.210453e-01
6.327926e-02
6.930642e-02
2.398568e-03
0.000000e+00
0.000000e+00
