1.000000e+00
1.539735e+00
1.067848e+00
4.359520e-01
1.408938e-01
2.025564e-02
6.374883e-03
1.550258e-03
0.000000e+00
0.000000e+00
0.000000e+00
4.500000e+00
5.559885e+00
4.011172e+00
1.860236e+00
2.499719e-01
8.234998e-02
2.568778e-02
6.976160e-03
0.000000e+00
0.000000e+00
0.000000e+00
2.500000e+01
3.440096e+01
2.429475e+01
1.059546e+01
2.199353e+00
4.801025e-01
1.504129e-01
3.875644e-02
0.000000e+00
0.000000e+00
0.000000e+00
1.359844e+01
5.710788e+00
6.127725e+00
4.794900e+00
4.607108e-01
1.772248e-01
5.321485e-02
2.108109e-02
0.000000e+00
0.000000e+00
0.000000e+00
7.541950e-01
6.259789e-01
5.093837e-01
2.889596e-01
4.915058e-02
1.182466e-02
3.631445e-03
1.169197e-03
0.000000e+00
0.000000e+00
0.000000e+00
1.008000e+00
5.845136e+00
3.436284e+00
7.590312e-01
5.108347e-01
4.811428e-02
1.586492e-02
1.562660e-03
0.000000e+00
0.000000e+00
0.000000e+00
