1.000000e+00
1.533788e+00
1.167408e+00
7.145505e-01
3.852143e-01
7.757443e-02
1.528182e-02
6.183141e-03
8.226991e-04
0.000000e+00
0.000000e+00
4.500000e+00
5.522466e+00
4.201694e+00
2.637441e+00
1.452408e+00
2.208482e-01
3.263138e-02
2.313887e-02
3.702146e-03
0.000000e+00
0.000000e+00
2.500000e+01
3.421296e+01
2.598104e+01
1.612330e+01
8.487126e+00
1.499485e+00
2.690577e-01
1.405827e-01
2.056748e-02
0.000000e+00
0.000000e+00
1.359844e+01
5.549876e+00
4.299499e+00
3.509486e+00
2.405846e+00
5.387020e-01
6.185655e-02
3.178935e-02
1.118742e-02
0.000000e+00
0.000000e+00
7.541950e-01
6.186424e-01
4.734372e-01
3.195583e-01
1.910023e-01
3.843616e-02
5.631896e-04
2.825455e-03
6.204755e-04
0.000000e+00
0.000000e+00
1.008000e+00
5.863097e+00
4.459158e+00
2.467316e+00
1.294671e+00
2.103271e-01
5.492109e-02
2.097806e-02
8.292807e-04
0.000000e+00
0.000000e+00
