1.000000e+00
1.534742e+00
1.161518e+00
7.112147e-01
3.644317e-01
7.808030e-02
3.476334e-02
9.218606e-03
4.876493e-03
4.521822e-03
2.492803e-04
4.500000e+00
5.532923e+00
4.180952e+00
2.647914e+00
1.270448e+00
3.123692e-01
1.231346e-01
3.155613e-02
1.864016e-02
1.315733e-02
1.121762e-03
2.500000e+01
3.426410e+01
2.590422e+01
1.609814e+01
7.974491e+00
1.779587e+00
6.703165e-01
1.927910e-01
1.120424e-01
7.626712e-02
6.232008e-03
1.359844e+01
5.553497e+00
4.293662e+00
3.501022e+00
2.376200e+00
6.215819e-01
8.688378e-02
3.120212e-02
2.943648e-02
1.298764e-02
3.389824e-03
7.541950e-01
6.189142e-01
4.679839e-01
3.198243e-01
1.493276e-01
4.393574e-02
1.357965e-02
3.713359e-03
2.381779e-03
1.839136e-03
1.880060e-04
1.008000e+00
5.866592e+00
4.415741e+00
2.470094e+00
1.086745e+00
2.263955e-01
1.848398e-01
4.192797e-02
1.531402e-02
2.984391e-02
2.512746e-04
