1.000000e+00
1.533776e+00
1.162932e+00
6.524213e-01
2.917581e-01
8.377896e-02
2.500099e-02
1.522077e-02
6.872367e-03
5.853171e-03
3.879222e-03
4.500000e+00
5.532629e+00
4.194624e+00
2.511469e+00
1.085537e+00
3.354181e-01
9.562335e-02
5.501077e-02
2.529067e-02
2.138342e-02
1.475581e-02
2.500000e+01
3.425385e+01
2.597089e+01
1.504268e+01
6.614741e+00
1.970245e+00
5.745975e-01
3.402438e-01
1.549764e-01
1.315252e-01
8.891306e-02
1.359844e+01
5.573649e+00
4.222705e+00
4.134930e+00
1.429761e+00
6.751129e-01
1.515664e-01
5.649990e-02
3.056209e-02
2.428228e-02
2.260932e-02
7.541950e-01
6.196207e-01
4.696890e-01
3.255674e-01
1.308530e-01
4.687270e-02
1.223385e-02
6.190717e-03
2.972731e-03
2.470453e-03
1.866321e-03
1.008000e+00
5.855703e+00
4.440816e+00
1.993396e+00
1.009682e+00
2.153323e-01
7.832911e-02
5.777522e-02
2.466173e-02
2.149704e-02
1.240984e-02
