1.000000e+00
1.556166e+00
9.004078e-01
3.405074e-01
1.864747e-01
5.812925e-02
3.898850e-02
1.646219e-02
1.679197e-03
0.000000e+00
0.000000e+00
4.500000e+00
5.614031e+00
3.679555e+00
1.229675e+00
7.631662e-01
2.117634e-01
1.428376e-01
6.452089e-02
7.556386e-03
0.000000e+00
0.000000e+00
2.500000e+01
3.475578e+01
2.139812e+01
7.608735e+00
4.434930e+00
1.304414e+00
8.772981e-01
3.830002e-01
4.197992e-02
0.000000e+00
0.000000e+00
1.359844e+01
5.662121e+00
8.089160e+00
1.252999e+00
1.687875e+00
2.344516e-01
1.662191e-01
1.171736e-01
2.283446e-02
0.000000e+00
0.000000e+00
7.541950e-01
6.289157e-01
5.330525e-01
1.381083e-01
1.108384e-01
2.429913e-02
1.661311e-02
8.666108e-03
1.266442e-03
0.000000e+00
0.000000e+00
1.008000e+00
5.939178e+00
2.079251e+00
1.295597e+00
4.270581e-01
2.153819e-01
1.419325e-01
4.667782e-02
1.692630e-03
0.000000e+00
0.000000e+00
