1.000000e+00
1.534294e+00
1.163786e+00
6.568466e-01
2.872031e-01
9.259143e-02
2.343475e-02
9.143557e-03
4.499442e-03
5.177112e-04
0.000000e+00
4.500000e+00
5.533573e+00
4.193643e+00
2.509032e+00
1.064307e+00
2.806591e-01
7.298928e-02
3.413910e-02
1.728611e-02
2.329700e-03
0.000000e+00
2.500000e+01
3.426208e+01
2.597517e+01
1.507471e+01
6.497661e+00
1.849882e+00
4.853124e-01
2.076579e-01
1.036398e-01
1.294278e-02
0.000000e+00
1.359844e+01
5.574327e+00
4.225468e+00
4.144851e+00
1.411554e+00
6.857331e-01
1.386544e-01
4.613484e-02
2.813380e-02
7.040065e-03
0.000000e+00
7.541950e-01
6.197683e-01
4.698607e-01
3.264663e-01
1.277782e-01
4.769023e-02
7.215008e-03
4.147501e-03
2.231829e-03
3.904552e-04
0.000000e+00
1.008000e+00
5.857883e+00
4.443539e+00
2.009207e+00
9.924279e-01
2.411544e-01
7.322412e-02
3.126880e-02
1.385547e-02
5.218529e-04
0.000000e+00
