1.000000e+00
1.543310e+00
1.039315e+00
5.566415e-01
2.625578e-01
6.785227e-02
1.410905e-02
0.000000e+00
0.000000e+00
0.000000e+00
0.000000e+00
4.500000e+00
5.567721e+00
3.969695e+00
2.114352e+00
1.051887e+00
2.684428e-01
6.349073e-02
0.000000e+00
0.000000e+00
0.000000e+00
0.000000e+00
2.500000e+01
3.446886e+01
2.387027e+01
1.274943e+01
6.176735e+00
1.586102e+00
3.527263e-01
0.000000e+00
0.000000e+00
0.000000e+00
0.000000e+00
1.359844e+01
5.616117e+00
6.239815e+00
3.210741e+00
2.123669e+00
5.109325e-01
1.918611e-01
0.000000e+00
0.000000e+00
0.000000e+00
0.000000e+00
7.541950e-01
6.237471e-01
5.064311e-01
2.666253e-01
1.471739e-01
3.670243e-02
1.064098e-02
0.000000e+00
0.000000e+00
0.000000e+00
0.000000e+00
1.008000e+00
5.889896e+00
3.273404e+00
1.790184e+00
6.726072e-01
1.845029e-01
1.422192e-02
0.000000e+00
0.000000e+00
0.000000e+00
0.000000e+00
