1.000000e+00
1.542497e+00
1.167632e+00
7.860285e-01
3.712432e-01
1.436509e-01
1.522224e-02
0.000000e+00
0.000000e+00
0.000000e+00
0.000000e+00
4.500000e+00
5.517960e+00
4.197203e+00
2.384936e+00
1.337520e+00
4.481296e-01
6.850007e-02
0.000000e+00
0.000000e+00
0.000000e+00
0.000000e+00
2.500000e+01
3.430077e+01
2.602461e+01
1.607835e+01
8.268016e+00
2.927181e+00
3.805560e-01
0.000000e+00
0.000000e+00
0.000000e+00
0.000000e+00
1.359844e+01
5.584569e+00
4.212927e+00
3.940433e+00
1.622532e+00
8.956817e-01
2.069987e-01
0.000000e+00
0.000000e+00
0.000000e+00
0.000000e+00
7.541950e-01
6.113971e-01
4.703622e-01
2.223998e-01
1.589726e-01
6.873061e-02
1.148054e-02
0.000000e+00
0.000000e+00
0.000000e+00
0.000000e+00
1.008000e+00
5.891635e+00
4.464372e+00
2.654194e+00
1.335956e+00
4.261156e-01
1.534402e-02
0.000000e+00
0.000000e+00
0.000000e+00
0.000000e+00
