1.000000e+00
1.537278e+00
1.046849e+00
5.684863e-01
2.522763e-01
2.214011e-02
9.174208e-03
0.000000e+00
0.000000e+00
0.000000e+00
0.000000e+00
4.500000e+00
5.554527e+00
3.985541e+00
2.136870e+00
9.358386e-01
8.209751e-02
4.128394e-02
0.000000e+00
0.000000e+00
0.000000e+00
0.000000e+00
2.500000e+01
3.435891e+01
2.400347e+01
1.294904e+01
5.683147e+00
5.011282e-01
2.293552e-01
0.000000e+00
0.000000e+00
0.000000e+00
0.000000e+00
1.359844e+01
5.731965e+00
6.202465e+00
3.260957e+00
2.639920e+00
1.053875e-01
1.247549e-01
0.000000e+00
0.000000e+00
0.000000e+00
0.000000e+00
7.541950e-01
6.251964e-01
5.058010e-01
2.663884e-01
1.299590e-01
9.820491e-03
6.919142e-03
0.000000e+00
0.000000e+00
0.000000e+00
0.000000e+00
1.008000e+00
5.827750e+00
3.320026e+00
1.831901e+00
4.681046e-01
7.749688e-02
9.247602e-03
0.000000e+00
0.000000e+00
0.000000e+00
0.000000e+00
