1.000000e+00
1.569924e+00
1.021581e+00
3.135710e-01
1.861339e-01
4.106048e-02
2.844763e-02
1.192100e-02
6.408997e-03
8.463971e-04
0.000000e+00
4.500000e+00
5.648572e+00
3.244169e+00
1.073813e+00
5.944079e-01
1.470721e-01
1.017910e-01
4.618053e-02
1.715060e-02
3.808787e-03
0.000000e+00
2.500000e+01
3.501521e+01
2.130489e+01
6.818964e+00
3.893911e+00
9.125746e-01
6.309586e-01
2.757286e-01
1.208587e-01
2.115993e-02
0.000000e+00
1.359844e+01
5.684673e+00
8.653043e+00
1.151851e+00
1.484974e+00
1.588527e-01
1.247373e-01
7.880264e-02
2.830304e-02
1.150968e-02
0.000000e+00
7.541950e-01
6.303154e-01
3.628693e-01
1.123848e-01
6.595389e-02
1.688182e-02
1.217869e-02
6.062951e-03
2.614406e-03
6.383485e-04
0.000000e+00
1.008000e+00
5.998543e+00
2.444220e+00
1.189508e+00
4.719392e-01
1.537314e-01
1.021365e-01
3.550687e-02
2.200407e-02
8.531683e-04
0.000000e+00
