1.000000e+00
2.123759e+00
1.084253e+00
4.179360e-01
2.530234e-01
1.100811e-01
3.163242e-02
1.263483e-02
0.000000e+00
0.000000e+00
0.000000e+00
4.500000e+00
4.112475e+00
2.916305e+00
1.289606e+00
4.401704e-01
1.301759e-01
3.896668e-02
9.265538e-03
0.000000e+00
0.000000e+00
0.000000e+00
2.500000e+01
3.602884e+01
2.091877e+01
8.422062e+00
3.897546e+00
1.294903e+00
3.789012e-01
1.238708e-01
0.000000e+00
0.000000e+00
0.000000e+00
1.359844e+01
8.051154e+00
7.090783e+00
2.337386e+00
8.093903e-01
3.790687e-01
1.090223e-01
4.316358e-02
0.000000e+00
0.000000e+00
0.000000e+00
7.541950e-01
0.000000e+00
2.427116e-01
2.008459e-01
9.109081e-02
6.885685e-02
1.964267e-02
8.426164e-03
0.000000e+00
0.000000e+00
0.000000e+00
1.008000e+00
7.757473e+00
3.156932e+00
1.326424e+00
9.246430e-01
4.118785e-01
1.184126e-01
4.706696e-02
0.000000e+00
0.000000e+00
0.000000e+00
