1.000000e+00
1.558901e+00
1.381908e+00
6.341961e-01
3.221708e-01
9.274577e-02
2.479340e-02
1.458880e-02
9.015661e-03
4.027530e-03
4.636274e-04
4.500000e+00
5.551047e+00
3.735011e+00
2.371010e+00
1.196197e+00
3.720433e-01
9.632168e-02
5.305794e-02
3.443269e-02
1.544649e-02
2.086323e-03
2.500000e+01
3.458400e+01
2.685253e+01
1.441247e+01
7.296802e+00
2.183286e+00
5.742843e-01
3.271063e-01
2.070568e-01
9.269033e-02
1.159069e-02
1.359844e+01
5.637254e+00
5.178873e+00
3.234792e+00
1.550938e+00
7.554685e-01
1.669635e-01
5.785072e-02
5.409586e-02
2.488600e-02
6.304610e-03
7.541950e-01
6.111601e-01
2.441082e-01
2.888963e-01
1.435138e-01
5.217409e-02
1.271765e-02
6.063602e-03
4.391965e-03
1.987309e-03
3.496655e-04
1.008000e+00
5.954476e+00
5.141748e+00
2.158964e+00
1.122787e+00
2.360955e-01
7.298212e-02
5.433398e-02
2.840458e-02
1.248604e-02
4.673364e-04
