1.000000e+00
1.550253e+00
9.129809e-01
2.558945e-01
7.234812e-02
2.158490e-02
8.779836e-03
2.905350e-03
1.803187e-03
4.603780e-04
0.000000e+00
4.500000e+00
5.601079e+00
3.717438e+00
1.044571e+00
2.940951e-01
8.705125e-02
3.197291e-02
1.061285e-02
7.256409e-03
2.071701e-03
0.000000e+00
2.500000e+01
3.464875e+01
2.165660e+01
6.077869e+00
1.714692e+00
5.095092e-01
1.969833e-01
6.528158e-02
4.251687e-02
1.150945e-02
0.000000e+00
1.359844e+01
5.734142e+00
8.051479e+00
2.286059e+00
6.325726e-01
1.810103e-01
3.527971e-02
1.203881e-02
1.494523e-02
6.260423e-03
0.000000e+00
7.541950e-01
6.298133e-01
5.352017e-01
1.510405e-01
4.221963e-02
1.232494e-02
3.665504e-03
1.225763e-03
1.023422e-03
3.472148e-04
0.000000e+00
1.008000e+00
5.890235e+00
2.150762e+00
5.945484e-01
1.719736e-01
5.348384e-02
3.256844e-02
1.067454e-02
4.517698e-03
4.640611e-04
0.000000e+00
