1.000000e+00
1.574328e+00
9.109023e-01
3.646728e-01
3.074341e-01
9.814883e-02
1.750421e-02
0.000000e+00
0.000000e+00
0.000000e+00
0.000000e+00
4.500000e+00
5.672068e+00
3.702718e+00
1.316849e+00
1.118128e+00
3.752183e-01
7.876895e-02
0.000000e+00
0.000000e+00
0.000000e+00
0.000000e+00
2.500000e+01
3.491094e+01
2.158860e+01
7.884604e+00
5.775838e+00
2.255217e+00
4.376053e-01
0.000000e+00
0.000000e+00
0.000000e+00
0.000000e+00
1.359844e+01
5.609511e+00
7.963316e+00
1.300170e+00
1.046997e+00
5.930148e-01
2.380300e-01
0.000000e+00
0.000000e+00
0.000000e+00
0.000000e+00
7.541950e-01
6.300144e-01
5.315289e-01
1.440485e-01
1.115929e-01
4.795719e-02
1.320159e-02
0.000000e+00
0.000000e+00
0.000000e+00
0.000000e+00
1.008000e+00
6.182708e+00
2.165557e+00
1.562106e+00
1.883001e+00
3.080694e-01
1.764425e-02
0.000000e+00
0.000000e+00
0.000000e+00
0.000000e+00
