1.000000e+00
1.551970e+00
9.072246e-01
3.023519e-01
1.102248e-01
5.542832e-02
1.432173e-02
0.000000e+00
0.000000e+00
0.000000e+00
0.000000e+00
4.500000e+00
5.597811e+00
3.696821e+00
1.149322e+00
4.324474e-01
2.094945e-01
6.444777e-02
0.000000e+00
0.000000e+00
0.000000e+00
0.000000e+00
2.500000e+01
3.465883e+01
2.152848e+01
6.927717e+00
2.565741e+00
1.266420e+00
3.580432e-01
0.000000e+00
0.000000e+00
0.000000e+00
0.000000e+00
1.359844e+01
5.634791e+00
8.032202e+00
1.753648e+00
7.894514e-01
3.080523e-01
1.947532e-01
0.000000e+00
0.000000e+00
0.000000e+00
0.000000e+00
7.541950e-01
6.267958e-01
5.329339e-01
1.451630e-01
5.819731e-02
2.613972e-02
1.080138e-02
0.000000e+00
0.000000e+00
0.000000e+00
0.000000e+00
1.008000e+00
5.926563e+00
2.128323e+00
9.696520e-01
3.111560e-01
1.815483e-01
1.443630e-02
0.000000e+00
0.000000e+00
0.000000e+00
0.000000e+00
