1.000000e+00
1.559235e+00
1.230051e+00
1.292584e+00
3.085168e-01
9.587264e-02
2.680019e-02
1.985822e-02
1.631077e-02
5.600605e-03
5.959853e-03
4.500000e+00
5.571307e+00
4.306077e+00
3.771533e+00
9.847260e-01
2.679073e-01
9.441702e-02
7.227335e-02
5.556614e-02
2.148201e-02
1.386319e-02
2.500000e+01
3.445563e+01
2.659152e+01
2.195922e+01
6.465327e+00
1.886053e+00
5.767648e-01
4.454083e-01
3.297803e-01
1.289006e-01
7.591748e-02
1.359844e+01
5.553553e+00
4.273388e+00
3.894226e+00
1.470134e+00
6.173394e-01
1.033912e-01
7.931660e-02
7.408946e-02
3.463306e-02
7.798911e-03
7.541950e-01
6.265981e-01
4.882720e-01
5.231977e-01
9.699111e-02
2.237836e-02
1.116881e-02
8.273797e-03
7.325691e-03
2.764465e-03
2.220479e-03
1.008000e+00
6.141412e+00
5.116331e+00
8.376395e+00
1.073847e+00
2.829353e-01
1.120275e-01
7.379831e-02
7.685310e-02
1.735521e-02
5.274879e-02
