1.000000e+00
1.547991e+00
1.049485e+00
5.134473e-01
1.492322e-01
5.385405e-02
1.634254e-02
2.973193e-03
0.000000e+00
0.000000e+00
0.000000e+00
4.500000e+00
5.546964e+00
3.995922e+00
1.844686e+00
5.716568e-01
2.139867e-01
6.479682e-02
1.337937e-02
0.000000e+00
0.000000e+00
0.000000e+00
2.500000e+01
3.445291e+01
2.406615e+01
1.139344e+01
3.432419e+00
1.261645e+00
3.824416e-01
7.432983e-02
0.000000e+00
0.000000e+00
0.000000e+00
1.359844e+01
5.623621e+00
6.160057e+00
4.398696e+00
9.144863e-01
4.158471e-01
1.246353e-01
4.043079e-02
0.000000e+00
0.000000e+00
0.000000e+00
7.541950e-01
6.159988e-01
5.064375e-01
2.371658e-01
7.336817e-02
2.949334e-02
8.895305e-03
2.242367e-03
0.000000e+00
0.000000e+00
0.000000e+00
1.008000e+00
5.907830e+00
3.345143e+00
1.229369e+00
4.647930e-01
1.435284e-01
4.399431e-02
2.996979e-03
0.000000e+00
0.000000e+00
0.000000e+00
