1.000000e+00
1.563619e+00
1.049083e+00
6.889526e-01
8.452605e-02
2.062523e-02
0.000000e+00
0.000000e+00
0.000000e+00
0.000000e+00
0.000000e+00
4.500000e+00
5.504743e+00
3.982726e+00
1.765210e+00
3.214015e-01
9.281354e-02
0.000000e+00
0.000000e+00
0.000000e+00
0.000000e+00
0.000000e+00
2.500000e+01
3.441774e+01
2.402209e+01
1.262863e+01
1.937009e+00
5.156308e-01
0.000000e+00
0.000000e+00
0.000000e+00
0.000000e+00
0.000000e+00
1.359844e+01
5.743441e+00
6.027500e+00
4.246344e+00
4.913130e-01
2.804710e-01
0.000000e+00
0.000000e+00
0.000000e+00
0.000000e+00
0.000000e+00
7.541950e-01
6.305159e-01
5.016676e-01
3.189710e-01
4.061928e-02
1.555545e-02
0.000000e+00
0.000000e+00
0.000000e+00
0.000000e+00
0.000000e+00
1.008000e+00
5.929244e+00
3.380575e+00
1.995419e+00
2.707788e-01
2.079023e-02
0.000000e+00
0.000000e+00
0.000000e+00
0.000000e+00
0.000000e+00
