1.000000e+00
1.994706e+00
1.432396e+00
1.265215e+00
3.127209e-01
5.685989e-02
1.643022e-02
6.246464e-03
1.664870e-03
0.000000e+00
0.000000e+00
4.500000e+00
3.872008e+00
4.546028e+00
2.850818e+00
9.061164e-01
2.202392e-01
6.417098e-02
1.205629e-02
7.491915e-03
0.000000e+00
0.000000e+00
2.500000e+01
3.381292e+01
2.740563e+01
2.095936e+01
6.270412e+00
1.313794e+00
3.815855e-01
1.058999e-01
4.162175e-02
0.000000e+00
0.000000e+00
1.359844e+01
7.519222e+00
4.019610e+00
3.850146e+00
1.245577e+00
4.403332e-01
1.144393e-01
2.367944e-02
2.263964e-02
0.000000e+00
0.000000e+00
7.541950e-01
0.000000e+00
5.157847e-01
3.298009e-01
7.156280e-02
2.971595e-02
8.561177e-03
0.000000e+00
1.255637e-03
0.000000e+00
0.000000e+00
1.008000e+00
7.310836e+00
6.670918e+00
5.326085e+00
1.146661e+00
1.507669e-01
4.729402e-02
2.282061e-02
1.678189e-03
0.000000e+00
0.000000e+00
