1.000000e+00
1.534719e+00
1.156816e+00
3.553650e-01
2.682887e-01
1.729245e-01
9.386524e-02
2.659214e-02
1.067357e-02
1.355484e-03
0.000000e+00
4.500000e+00
5.530079e+00
4.168986e+00
1.285641e+00
9.719261e-01
6.437101e-01
3.543807e-01
1.046574e-01
4.014753e-02
6.099678e-03
0.000000e+00
2.500000e+01
3.425712e+01
2.582361e+01
7.947634e+00
6.004111e+00
3.921484e+00
2.143463e+00
6.199740e-01
2.432896e-01
3.388710e-02
0.000000e+00
1.359844e+01
5.510650e+00
4.160576e+00
1.333452e+00
1.021338e+00
8.509209e-01
5.173372e-01
1.941179e-01
5.715675e-02
1.843247e-02
0.000000e+00
7.541950e-01
6.176670e-01
4.658157e-01
1.450405e-01
1.100148e-01
7.767949e-02
4.411403e-02
1.416894e-02
4.957566e-03
1.022299e-03
0.000000e+00
1.008000e+00
5.878033e+00
4.428717e+00
1.344859e+00
1.011199e+00
5.974487e-01
3.086659e-01
7.403548e-02
3.556995e-02
1.366328e-03
0.000000e+00
