1.000000e+00
1.600557e+00
2.000618e+00
5.217372e-01
2.908768e-01
1.191456e-01
3.468849e-02
1.132473e-02
1.299601e-03
0.000000e+00
0.000000e+00
4.500000e+00
5.762093e+00
7.279208e+00
1.892089e+00
1.140411e+00
4.487963e-01
1.385838e-01
4.351281e-02
5.848206e-03
0.000000e+00
0.000000e+00
2.500000e+01
3.509433e+01
3.408281e+01
1.168208e+01
6.768474e+00
2.717682e+00
8.148932e-01
2.608682e-01
3.249004e-02
0.000000e+00
0.000000e+00
1.359844e+01
5.593655e+00
6.305284e+00
2.008481e+00
2.074476e+00
6.451900e-01
2.762333e-01
7.086712e-02
1.767255e-02
0.000000e+00
0.000000e+00
7.541950e-01
6.331770e-01
6.764662e-01
2.147279e-01
1.532686e-01
5.559163e-02
1.929170e-02
5.619322e-03
9.801529e-04
0.000000e+00
0.000000e+00
1.008000e+00
6.554015e+00
1.456396e+01
1.960177e+00
8.236149e-01
3.950350e-01
9.008718e-02
3.485711e-02
1.309998e-03
0.000000e+00
0.000000e+00
