1.000000e+00
1.601668e+00
1.033597e+00
2.858555e-01
1.440051e-01
2.230242e-02
1.482997e-02
7.883571e-03
1.627701e-03
0.000000e+00
0.000000e+00
4.500000e+00
5.850603e+00
6.745648e+00
1.035908e+00
6.275485e-01
8.089765e-02
7.135485e-02
2.975092e-02
7.324653e-03
0.000000e+00
0.000000e+00
2.500000e+01
3.581202e+01
2.612750e+01
6.395093e+00
3.529123e+00
4.994200e-01
3.471821e-01
1.799871e-01
4.069252e-02
0.000000e+00
0.000000e+00
1.359844e+01
5.766396e+00
7.999439e+00
1.076385e+00
1.681195e+00
8.605100e-02
6.897353e-02
4.330656e-02
2.213419e-02
0.000000e+00
0.000000e+00
7.541950e-01
6.448716e-01
5.572309e-01
1.167975e-01
9.885515e-02
9.185734e-03
6.461901e-03
3.700008e-03
1.227604e-03
0.000000e+00
0.000000e+00
1.008000e+00
6.163467e+00
3.878177e+00
1.081345e+00
2.251422e-01
8.373551e-02
5.943112e-02
2.596479e-02
1.640722e-03
0.000000e+00
0.000000e+00
