1.000000e+00
1.531926e+00
1.166273e+00
6.988646e-01
4.091796e-01
2.106073e-01
1.093532e-01
5.372739e-02
2.508200e-02
2.955864e-03
0.000000e+00
4.500000e+00
5.523601e+00
4.203584e+00
2.608030e+00
1.499495e+00
7.817467e-01
4.026219e-01
1.982509e-01
9.535037e-02
1.330139e-02
0.000000e+00
2.500000e+01
3.420549e+01
2.603627e+01
1.586791e+01
9.208427e+00
4.769349e+00
2.466572e+00
1.213175e+00
5.747184e-01
7.389660e-02
0.000000e+00
1.359844e+01
5.540657e+00
4.200336e+00
3.511632e+00
1.749270e+00
1.011378e+00
4.884985e-01
2.448611e-01
1.455525e-01
4.019514e-02
0.000000e+00
7.541950e-01
6.179500e-01
4.698258e-01
3.164918e-01
1.745220e-01
9.372938e-02
4.737924e-02
2.344890e-02
1.204487e-02
2.229298e-03
0.000000e+00
1.008000e+00
5.856045e+00
4.463304e+00
2.394059e+00
1.488205e+00
7.346829e-01
3.917989e-01
1.911304e-01
8.041725e-02
2.979511e-03
0.000000e+00
