1.000000e+00
1.532803e+00
1.059084e+00
5.542595e-01
1.487404e-01
5.380891e-02
1.646015e-02
3.961632e-03
0.000000e+00
0.000000e+00
0.000000e+00
4.500000e+00
5.538407e+00
4.016489e+00
2.117113e+00
5.862781e-01
2.191773e-01
6.650091e-02
1.782734e-02
0.000000e+00
0.000000e+00
0.000000e+00
2.500000e+01
3.425985e+01
2.423852e+01
1.273015e+01
3.470412e+00
1.276628e+00
3.888914e-01
9.904080e-02
0.000000e+00
0.000000e+00
0.000000e+00
1.359844e+01
5.673799e+00
6.038061e+00
3.328798e+00
1.095686e+00
4.754319e-01
1.393470e-01
5.387201e-02
0.000000e+00
0.000000e+00
0.000000e+00
7.541950e-01
6.228715e-01
5.048015e-01
2.701165e-01
7.960072e-02
3.157504e-02
9.444850e-03
2.987843e-03
0.000000e+00
0.000000e+00
0.000000e+00
1.008000e+00
5.822747e+00
3.426024e+00
1.745359e+00
4.113161e-01
1.265078e-01
4.041538e-02
3.993325e-03
0.000000e+00
0.000000e+00
0.000000e+00
