1.000000e+00
1.533769e+00
1.165307e+00
6.656162e-01
2.994909e-01
1.170949e-01
4.679056e-02
0.000000e+00
0.000000e+00
0.000000e+00
0.000000e+00
4.500000e+00
5.528338e+00
4.193615e+00
2.502363e+00
1.089606e+00
2.523251e-01
1.181115e-01
0.000000e+00
0.000000e+00
0.000000e+00
0.000000e+00
2.500000e+01
3.423830e+01
2.598206e+01
1.511549e+01
6.612710e+00
1.999837e+00
6.483243e-01
0.000000e+00
0.000000e+00
0.000000e+00
0.000000e+00
1.359844e+01
5.568695e+00
4.226039e+00
4.140509e+00
1.406907e+00
6.661559e-01
1.136477e-01
0.000000e+00
0.000000e+00
0.000000e+00
0.000000e+00
7.541950e-01
6.193547e-01
4.700065e-01
3.260893e-01
1.330894e-01
3.890949e-02
1.906059e-02
0.000000e+00
0.000000e+00
0.000000e+00
0.000000e+00
1.008000e+00
5.856440e+00
4.457010e+00
2.066843e+00
1.132159e+00
3.528010e-01
3.806779e-01
0.000000e+00
0.000000e+00
0.000000e+00
0.000000e+00
