1.000000e+00
1.520826e+00
1.188137e+00
5.285200e-01
1.030422e-01
4.112378e-02
9.948238e-03
0.000000e+00
0.000000e+00
0.000000e+00
0.000000e+00
4.500000e+00
5.513649e+00
4.282484e+00
2.172107e+00
4.047880e-01
1.666050e-01
4.476707e-02
0.000000e+00
0.000000e+00
0.000000e+00
0.000000e+00
2.500000e+01
3.404747e+01
2.652465e+01
1.259694e+01
2.400104e+00
9.729746e-01
2.487060e-01
0.000000e+00
0.000000e+00
0.000000e+00
0.000000e+00
1.359844e+01
5.836134e+00
4.280168e+00
4.885307e+00
7.438149e-01
3.532781e-01
1.352805e-01
0.000000e+00
0.000000e+00
0.000000e+00
0.000000e+00
7.541950e-01
6.252682e-01
4.786718e-01
3.177104e-01
5.460907e-02
2.377737e-02
7.502912e-03
0.000000e+00
0.000000e+00
0.000000e+00
0.000000e+00
1.008000e+00
5.718972e+00
4.546667e+00
1.181803e+00
2.892427e-01
9.952494e-02
1.002782e-02
0.000000e+00
0.000000e+00
0.000000e+00
0.000000e+00
