1.000000e+00
1.520807e+00
1.186314e+00
6.194031e-01
2.527805e-01
1.044262e-01
4.592999e-02
2.116359e-02
1.051734e-02
5.233699e-03
2.446581e-03
4.500000e+00
5.511338e+00
4.280672e+00
2.391411e+00
9.721394e-01
4.015488e-01
1.759133e-01
8.100113e-02
4.012759e-02
2.000641e-02
9.378121e-03
2.500000e+01
3.404035e+01
2.649817e+01
1.430244e+01
5.825511e+00
2.406423e+00
1.056329e+00
4.865669e-01
2.414243e-01
1.202522e-01
5.629093e-02
1.359844e+01
5.811023e+00
4.326708e+00
4.004290e+00
1.591714e+00
6.569759e-01
2.811370e-01
1.289165e-01
6.265626e-02
3.160214e-02
1.506079e-02
7.541950e-01
6.243805e-01
4.798038e-01
3.118542e-01
1.257768e-01
5.193937e-02
2.256969e-02
1.037766e-02
5.107689e-03
2.556577e-03
1.205231e-03
1.008000e+00
5.725963e+00
4.524716e+00
1.870342e+00
7.752629e-01
3.204317e-01
1.431419e-01
6.613324e-02
3.326261e-02
1.643313e-02
7.600776e-03
