1.000000e+00
1.534529e+00
1.161568e+00
6.597313e-01
2.985731e-01
1.348112e-01
8.949439e-02
3.480584e-02
1.099852e-02
2.661217e-03
2.563626e-04
4.500000e+00
5.534389e+00
4.190049e+00
2.527446e+00
1.111244e+00
4.901237e-01
3.319795e-01
1.333592e-01
4.224546e-02
1.046856e-02
1.153632e-03
2.500000e+01
3.426780e+01
2.594145e+01
1.517490e+01
6.770297e+00
3.022192e+00
2.026030e+00
8.006426e-01
2.533121e-01
6.202897e-02
6.409064e-03
1.359844e+01
5.565725e+00
4.221617e+00
4.045518e+00
1.467061e+00
5.326802e-01
4.274044e-01
2.136243e-01
6.867004e-02
1.936984e-02
3.486131e-03
7.541950e-01
6.195501e-01
4.692738e-01
3.244445e-01
1.340467e-01
5.596524e-02
3.974574e-02
1.712368e-02
5.451983e-03
1.415974e-03
1.933474e-04
1.008000e+00
5.861581e+00
4.434516e+00
2.054007e+00
1.032166e+00
5.026223e-01
3.128595e-01
1.083102e-01
3.389697e-02
7.425079e-03
2.584135e-04
