1.000000e+00
1.533785e+00
1.163931e+00
5.707321e-01
2.150059e-01
9.878065e-02
4.663572e-02
2.943350e-03
0.000000e+00
0.000000e+00
0.000000e+00
4.500000e+00
5.531248e+00
4.204973e+00
2.247374e+00
8.170588e-01
2.967544e-01
1.113005e-01
1.324507e-02
0.000000e+00
0.000000e+00
0.000000e+00
2.500000e+01
3.424878e+01
2.601016e+01
1.329670e+01
4.913601e+00
1.981931e+00
8.269114e-01
7.358374e-02
0.000000e+00
0.000000e+00
0.000000e+00
1.359844e+01
5.574556e+00
4.353061e+00
4.387947e+00
1.438821e+00
4.383478e-01
2.519690e-01
4.002496e-02
0.000000e+00
0.000000e+00
0.000000e+00
7.541950e-01
6.196198e-01
4.744381e-01
3.114524e-01
1.095577e-01
4.112767e-02
2.022697e-02
2.219859e-03
0.000000e+00
0.000000e+00
0.000000e+00
1.008000e+00
5.855243e+00
4.408142e+00
1.523404e+00
6.325989e-01
3.438241e-01
1.442528e-01
2.966896e-03
0.000000e+00
0.000000e+00
0.000000e+00
