1.000000e+00
1.539840e+00
1.039957e+00
4.744605e-01
1.353266e-01
4.312367e-02
1.423152e-02
2.591652e-03
0.000000e+00
0.000000e+00
0.000000e+00
4.500000e+00
5.557573e+00
3.961512e+00
1.932876e+00
5.503386e-01
1.692089e-01
5.652950e-02
1.166244e-02
0.000000e+00
0.000000e+00
0.000000e+00
2.500000e+01
3.439845e+01
2.385324e+01
1.125751e+01
3.208022e+00
1.003867e+00
3.333471e-01
6.479131e-02
0.000000e+00
0.000000e+00
0.000000e+00
1.359844e+01
5.629940e+00
6.124990e+00
4.195236e+00
1.185856e+00
3.090928e-01
1.096823e-01
3.524243e-02
0.000000e+00
0.000000e+00
0.000000e+00
7.541950e-01
6.232744e-01
5.025727e-01
2.785225e-01
7.906408e-02
2.277693e-02
7.786561e-03
1.954611e-03
0.000000e+00
0.000000e+00
0.000000e+00
1.008000e+00
5.869195e+00
3.308890e+00
1.114607e+00
3.209324e-01
1.216691e-01
3.798810e-02
2.612386e-03
0.000000e+00
0.000000e+00
0.000000e+00
