1.000000e+00
1.530763e+00
1.065101e+00
4.832354e-01
1.352440e-01
3.571143e-02
8.014117e-03
2.676549e-03
1.588524e-03
5.356758e-04
1.373246e-04
4.500000e+00
5.545565e+00
4.042857e+00
1.976431e+00
5.500365e-01
1.514133e-01
2.917345e-02
9.739624e-03
6.446200e-03
2.153052e-03
6.179605e-04
2.500000e+01
3.425766e+01
2.438684e+01
1.148904e+01
3.206165e+00
8.650402e-01
1.797709e-01
6.002870e-02
3.761562e-02
1.262273e-02
3.433114e-03
1.359844e+01
5.828377e+00
6.111962e+00
4.359955e+00
1.185508e+00
3.819554e-01
3.208015e-02
1.067275e-02
1.376474e-02
4.410551e-03
1.867400e-03
7.541950e-01
6.277409e-01
5.090612e-01
2.867359e-01
7.902903e-02
2.329001e-02
3.341511e-03
1.114542e-03
9.226288e-04
3.030016e-04
1.035695e-04
1.008000e+00
5.769282e+00
3.434324e+00
1.110651e+00
3.206308e-01
6.522886e-02
2.976264e-02
9.951768e-03
3.811063e-03
1.350329e-03
1.384232e-04
