1.000000e+00
1.550419e+00
9.152367e-01
3.483004e-01
1.139655e-01
8.625145e-02
5.537227e-02
3.348894e-02
1.172611e-02
8.538594e-04
0.000000e+00
4.500000e+00
5.588558e+00
3.707543e+00
1.255401e+00
4.135160e-01
3.120502e-01
2.072769e-01
1.237440e-01
4.608843e-02
3.842367e-03
0.000000e+00
2.500000e+01
3.461327e+01
2.165311e+01
7.775652e+00
2.552423e+00
1.929016e+00
1.259148e+00
7.567000e-01
2.732010e-01
2.134648e-02
0.000000e+00
1.359844e+01
5.588304e+00
7.858422e+00
1.254698e+00
4.411555e-01
3.237506e-01
2.853542e-01
1.545421e-01
8.491276e-02
1.161116e-02
0.000000e+00
7.541950e-01
6.247337e-01
5.290398e-01
1.403209e-01
4.698957e-02
3.520682e-02
2.532649e-02
1.468337e-02
6.223855e-03
6.439765e-04
0.000000e+00
1.008000e+00
5.932165e+00
2.216125e+00
1.332856e+00
4.274845e-01
3.263841e-01
1.876774e-01
1.185933e-01
3.284015e-02
8.606903e-04
0.000000e+00
