1.000000e+00
1.542534e+00
1.041636e+00
5.555343e-01
2.420027e-01
3.304700e-02
0.000000e+00
0.000000e+00
0.000000e+00
0.000000e+00
0.000000e+00
4.500000e+00
5.563603e+00
3.973855e+00
2.119237e+00
1.007526e+00
1.487115e-01
0.000000e+00
0.000000e+00
0.000000e+00
0.000000e+00
0.000000e+00
2.500000e+01
3.444759e+01
2.390951e+01
1.275123e+01
5.806651e+00
8.261749e-01
0.000000e+00
0.000000e+00
0.000000e+00
0.000000e+00
0.000000e+00
1.359844e+01
5.598594e+00
6.201264e+00
3.305815e+00
2.381397e+00
4.493876e-01
0.000000e+00
0.000000e+00
0.000000e+00
0.000000e+00
0.000000e+00
7.541950e-01
6.229168e-01
5.057172e-01
2.696609e-01
1.505534e-01
2.492388e-02
0.000000e+00
0.000000e+00
0.000000e+00
0.000000e+00
0.000000e+00
1.008000e+00
5.891078e+00
3.295511e+00
1.758013e+00
5.003929e-01
3.331137e-02
0.000000e+00
0.000000e+00
0.000000e+00
0.000000e+00
0.000000e+00
