1.000000e+00
1.530769e+00
1.064207e+00
4.820229e-01
1.593599e-01
3.358884e-02
5.884268e-03
1.826396e-03
6.012278e-04
1.528827e-04
0.000000e+00
4.500000e+00
5.543398e+00
4.039733e+00
1.965515e+00
6.060893e-01
1.427415e-01
2.389344e-02
7.424133e-03
2.419447e-03
6.879722e-04
0.000000e+00
2.500000e+01
3.425126e+01
2.436717e+01
1.144242e+01
3.652328e+00
8.146038e-01
1.393825e-01
4.328613e-02
1.417612e-02
3.822068e-03
0.000000e+00
1.359844e+01
5.803973e+00
6.109850e+00
4.282541e+00
9.278513e-01
3.629122e-01
5.115745e-02
1.596714e-02
4.982871e-03
2.078966e-03
0.000000e+00
7.541950e-01
6.268849e-01
5.087400e-01
2.836801e-01
7.663583e-02
2.203431e-02
3.423596e-03
1.065750e-03
3.412261e-04
1.153034e-04
0.000000e+00
1.008000e+00
5.776193e+00
3.430589e+00
1.126609e+00
5.100682e-01
6.031998e-02
1.406925e-02
4.341925e-03
1.506383e-03
1.541058e-04
0.000000e+00
