1.000000e+00
1.554568e+00
9.164002e-01
2.659117e-01
1.121363e-01
1.015944e-01
1.033928e-02
0.000000e+00
0.000000e+00
0.000000e+00
0.000000e+00
4.500000e+00
5.612800e+00
3.719934e+00
1.045220e+00
3.544342e-01
1.698050e-01
4.652676e-02
0.000000e+00
0.000000e+00
0.000000e+00
0.000000e+00
2.500000e+01
3.473206e+01
2.169677e+01
6.175145e+00
2.319278e+00
1.547330e+00
2.584820e-01
0.000000e+00
0.000000e+00
0.000000e+00
0.000000e+00
1.359844e+01
5.732347e+00
8.063757e+00
2.255621e+00
4.208030e-01
3.342884e-01
1.405981e-01
0.000000e+00
0.000000e+00
0.000000e+00
0.000000e+00
7.541950e-01
6.308888e-01
5.363468e-01
1.520444e-01
4.456348e-02
3.526429e-02
7.797834e-03
0.000000e+00
0.000000e+00
0.000000e+00
0.000000e+00
1.008000e+00
5.911265e+00
2.162249e+00
6.468103e-01
4.159723e-01
3.660198e-01
1.042199e-02
0.000000e+00
0.000000e+00
0.000000e+00
0.000000e+00
