1.000000e+00
1.548645e+00
1.189303e+00
6.800541e-01
5.236444e-01
3.016967e-02
0.000000e+00
0.000000e+00
0.000000e+00
0.000000e+00
0.000000e+00
4.500000e+00
5.541307e+00
4.095127e+00
2.455299e+00
1.063491e+00
1.357635e-01
0.000000e+00
0.000000e+00
0.000000e+00
0.000000e+00
0.000000e+00
2.500000e+01
3.442168e+01
2.584508e+01
1.513601e+01
8.649092e+00
7.542416e-01
0.000000e+00
0.000000e+00
0.000000e+00
0.000000e+00
0.000000e+00
1.359844e+01
5.608024e+00
4.294727e+00
3.434400e+00
2.030840e+00
4.102604e-01
0.000000e+00
0.000000e+00
0.000000e+00
0.000000e+00
0.000000e+00
7.541950e-01
6.239206e-01
4.749787e-01
3.066033e-01
1.963595e-01
2.275381e-02
0.000000e+00
0.000000e+00
0.000000e+00
0.000000e+00
0.000000e+00
1.008000e+00
5.910936e+00
4.516691e+00
2.310979e+00
1.826073e+00
3.041102e-02
0.000000e+00
0.000000e+00
0.000000e+00
0.000000e+00
0.000000e+00
