1.000000e+00
1.988261e+00
1.646963e+00
7.473791e-01
1.276265e-01
7.504409e-02
3.056809e-02
8.169990e-03
3.774608e-03
0.000000e+00
0.000000e+00
4.500000e+00
3.793075e+00
3.346168e+00
1.714487e+00
4.637273e-01
2.861134e-01
1.192298e-01
2.943906e-02
1.698574e-02
0.000000e+00
0.000000e+00
2.500000e+01
3.344717e+01
2.726656e+01
1.301705e+01
2.860303e+00
1.722008e+00
7.094571e-01
1.823658e-01
9.436521e-02
0.000000e+00
0.000000e+00
1.359844e+01
7.524593e+00
5.440818e+00
3.720235e+00
5.012155e-01
4.447483e-01
2.111370e-01
2.933563e-02
5.132878e-02
0.000000e+00
0.000000e+00
7.541950e-01
9.683844e-03
5.863455e-01
3.120282e-01
5.287451e-02
3.636318e-02
1.586552e-02
3.288115e-03
2.846791e-03
0.000000e+00
0.000000e+00
1.008000e+00
7.241139e+00
6.024370e+00
2.394724e+00
4.767027e-01
2.379925e-01
8.849010e-02
3.129137e-02
3.804805e-03
0.000000e+00
0.000000e+00
