1.000000e+00
1.554749e+00
8.973964e-01
3.373632e-01
1.698768e-01
2.731927e-02
1.665019e-02
6.439444e-03
3.012909e-03
4.267336e-04
0.000000e+00
4.500000e+00
5.605930e+00
3.672116e+00
1.218840e+00
7.330314e-01
9.762517e-02
5.946715e-02
2.496401e-02
3.585991e-03
1.920301e-03
0.000000e+00
2.500000e+01
3.471521e+01
2.134106e+01
7.539399e+00
4.152209e+00
6.063414e-01
3.674903e-01
1.489970e-01
4.059612e-02
1.066834e-02
0.000000e+00
1.359844e+01
5.623597e+00
8.116983e+00
1.257376e+00
1.973482e+00
1.055876e-01
9.554276e-02
4.277230e-02
9.214008e-03
5.802911e-03
0.000000e+00
7.541950e-01
6.271703e-01
5.331973e-01
1.373721e-01
1.162614e-01
1.122339e-02
7.870030e-03
3.282268e-03
9.885924e-04
3.218403e-04
0.000000e+00
1.008000e+00
5.943181e+00
2.056814e+00
1.278988e+00
2.659396e-01
1.022774e-01
5.307656e-02
1.912219e-02
1.082496e-02
4.301475e-04
0.000000e+00
