1.000000e+00
1.562061e+00
9.071314e-01
2.935634e-01
8.266632e-02
4.844060e-02
1.593710e-02
7.544605e-03
3.596655e-03
6.481292e-04
1.743832e-04
4.500000e+00
5.590358e+00
3.696669e+00
9.333017e-01
2.989234e-01
1.926325e-01
6.174381e-02
2.188554e-02
1.097225e-02
2.585619e-03
7.847244e-04
2.500000e+01
3.474400e+01
2.152691e+01
6.125806e+00
1.847686e+00
1.133546e+00
3.678749e-01
1.484789e-01
7.253679e-02
1.521458e-02
4.359580e-03
1.359844e+01
5.651580e+00
8.034534e+00
2.468345e+00
3.195500e-01
4.038551e-01
1.176659e-01
3.390121e-02
1.985762e-02
5.119718e-03
2.371339e-03
7.541950e-01
6.195322e-01
5.329888e-01
1.043774e-01
3.404556e-02
2.751718e-02
8.512524e-03
3.136805e-03
1.630171e-03
3.589929e-04
1.315189e-04
1.008000e+00
5.967705e+00
2.127205e+00
7.076751e-01
3.100461e-01
1.202833e-01
4.381640e-02
2.600769e-02
1.139009e-02
1.694916e-03
1.757783e-04
