1.000000e+00
1.580612e+00
1.191626e+00
6.089661e-01
2.173512e-01
9.566856e-02
2.621970e-02
9.199836e-03
4.240602e-03
1.017846e-03
3.895321e-04
4.500000e+00
5.565123e+00
3.656724e+00
1.834673e+00
8.167583e-01
2.913923e-01
8.067840e-02
3.492370e-02
1.278281e-02
3.514014e-03
1.535151e-03
2.500000e+01
3.482825e+01
2.450650e+01
1.218704e+01
4.927133e+00
1.916530e+00
5.304382e-01
2.099665e-01
8.444158e-02
2.217472e-02
9.087861e-03
1.359844e+01
5.753578e+00
6.740236e+00
3.516459e+00
1.554842e+00
7.085809e-01
1.592198e-01
6.387344e-02
3.172149e-02
6.342540e-03
2.866824e-03
7.541950e-01
6.205776e-01
3.500235e-01
2.805391e-01
1.138180e-01
4.931014e-02
1.237787e-02
4.763219e-03
2.192921e-03
4.043437e-04
2.083714e-04
1.008000e+00
6.015374e+00
3.808554e+00
1.878972e+00
6.082415e-01
2.493817e-01
7.885828e-02
2.637731e-02
1.093940e-02
3.112433e-03
1.077928e-03
