1.000000e+00
1.552985e+00
9.087733e-01
3.486903e-01
2.097420e-01
1.498490e-01
3.141856e-02
1.439380e-02
0.000000e+00
0.000000e+00
0.000000e+00
4.500000e+00
5.588198e+00
3.681352e+00
1.220460e+00
7.777180e-01
3.930821e-01
1.269479e-01
1.713163e-02
0.000000e+00
0.000000e+00
0.000000e+00
2.500000e+01
3.463487e+01
2.149048e+01
7.649740e+00
4.743507e+00
2.799924e+00
7.423420e-01
1.939430e-01
0.000000e+00
0.000000e+00
0.000000e+00
1.359844e+01
5.602732e+00
7.958961e+00
1.269892e+00
1.059434e+00
6.092828e-01
2.661297e-01
4.401879e-02
0.000000e+00
0.000000e+00
0.000000e+00
7.541950e-01
6.257126e-01
5.304587e-01
1.400788e-01
9.505007e-02
5.920773e-02
1.803324e-02
4.722878e-03
0.000000e+00
0.000000e+00
0.000000e+00
1.008000e+00
5.938871e+00
2.154185e+00
1.324305e+00
7.160420e-01
5.287475e-01
7.710143e-02
5.171490e-02
0.000000e+00
0.000000e+00
0.000000e+00
