1.000000e+00
1.560595e+00
9.155971e-01
3.504710e-01
1.684937e-01
1.002252e-01
1.257988e-02
0.000000e+00
0.000000e+00
0.000000e+00
0.000000e+00
4.500000e+00
5.622430e+00
3.718794e+00
1.103599e+00
6.572790e-01
3.605838e-01
5.660948e-02
0.000000e+00
0.000000e+00
0.000000e+00
0.000000e+00
2.500000e+01
3.482632e+01
2.163980e+01
7.208031e+00
3.775260e+00
1.934390e+00
3.144971e-01
0.000000e+00
0.000000e+00
0.000000e+00
0.000000e+00
1.359844e+01
5.652706e+00
8.106023e+00
1.897331e+00
1.130424e+00
2.776156e-01
1.710668e-01
0.000000e+00
0.000000e+00
0.000000e+00
0.000000e+00
7.541950e-01
6.284864e-01
5.349500e-01
1.090731e-01
8.754139e-02
4.025061e-02
9.487686e-03
0.000000e+00
0.000000e+00
0.000000e+00
0.000000e+00
1.008000e+00
5.964700e+00
2.166187e+00
1.182821e+00
5.508249e-01
5.262384e-01
1.268052e-02
0.000000e+00
0.000000e+00
0.000000e+00
0.000000e+00
