1.000000e+00
1.550413e+00
9.127690e-01
2.551342e-01
7.284699e-02
2.176003e-02
8.050059e-03
3.674458e-03
2.930361e-03
4.080323e-04
2.946314e-04
4.500000e+00
5.601654e+00
3.716832e+00
1.042290e+00
2.956274e-01
8.735782e-02
2.897495e-02
1.325629e-02
6.966056e-03
1.494431e-03
1.116116e-03
2.500000e+01
3.465232e+01
2.165234e+01
6.062226e+00
1.724778e+00
5.120523e-01
1.785974e-01
8.206712e-02
5.205627e-02
9.180039e-03
6.739295e-03
1.359844e+01
5.734688e+00
8.052552e+00
2.289145e+00
6.355430e-01
1.844080e-01
4.459131e-02
1.337293e-02
1.263517e-02
1.734764e-03
1.665812e-03
7.541950e-01
6.298768e-01
5.351807e-01
1.509374e-01
4.245313e-02
1.247927e-02
3.757351e-03
1.485130e-03
1.164681e-03
1.736952e-04
1.399430e-04
1.008000e+00
5.890858e+00
2.149432e+00
5.899862e-01
1.734911e-01
5.328004e-02
2.617336e-02
1.402278e-02
1.000814e-02
1.486739e-03
9.570336e-04
