1.000000e+00
2.795939e+00
9.052667e-01
6.599828e-01
7.025894e-01
1.180393e-01
1.300908e-02
0.000000e+00
0.000000e+00
0.000000e+00
0.000000e+00
4.500000e+00
3.576178e+00
3.214494e+00
2.305573e+00
1.968143e+00
4.548374e-01
5.854087e-02
0.000000e+00
0.000000e+00
0.000000e+00
0.000000e+00
2.500000e+01
3.836864e+01
1.997217e+01
1.436134e+01
1.289151e+01
2.722941e+00
3.252271e-01
0.000000e+00
0.000000e+00
0.000000e+00
0.000000e+00
1.359844e+01
8.438193e+00
3.201496e+00
2.355583e+00
1.968908e+00
7.531341e-01
1.769032e-01
0.000000e+00
0.000000e+00
0.000000e+00
0.000000e+00
7.541950e-01
9.572076e-01
3.721442e-01
2.808905e-01
3.769946e-01
5.907978e-02
9.811385e-03
0.000000e+00
0.000000e+00
0.000000e+00
0.000000e+00
1.008000e+00
1.036485e+01
3.542663e+00
2.633755e+00
3.582418e+00
3.592389e-01
1.311315e-02
0.000000e+00
0.000000e+00
0.000000e+00
0.000000e+00
