1.000000e+00
1.542484e+00
1.314705e+00
7.884195e-01
5.206705e-02
0.000000e+00
0.000000e+00
0.000000e+00
0.000000e+00
0.000000e+00
0.000000e+00
4.500000e+00
5.512091e+00
3.834993e+00
2.493274e+00
2.343017e-01
0.000000e+00
0.000000e+00
0.000000e+00
0.000000e+00
0.000000e+00
0.000000e+00
2.500000e+01
3.428241e+01
2.644821e+01
1.643751e+01
1.301676e+00
0.000000e+00
0.000000e+00
0.000000e+00
0.000000e+00
0.000000e+00
0.000000e+00
1.359844e+01
5.572971e+00
4.991745e+00
5.213266e+00
7.080306e-01
0.000000e+00
0.000000e+00
0.000000e+00
0.000000e+00
0.000000e+00
0.000000e+00
7.541950e-01
6.095955e-01
3.042767e-01
2.591139e-01
3.926871e-02
0.000000e+00
0.000000e+00
0.000000e+00
0.000000e+00
0.000000e+00
0.000000e+00
1.008000e+00
5.894573e+00
4.893058e+00
2.308012e+00
5.248358e-02
0.000000e+00
0.000000e+00
0.000000e+00
0.000000e+00
0.000000e+00
0.000000e+00
