1.000000e+00
1.565297e+00
2.073576e+00
4.526361e-01
3.441110e-01
0.000000e+00
0.000000e+00
0.000000e+00
0.000000e+00
0.000000e+00
0.000000e+00
4.500000e+00
5.640439e+00
7.565740e+00
1.632803e+00
1.329006e+00
0.000000e+00
0.000000e+00
0.000000e+00
0.000000e+00
0.000000e+00
0.000000e+00
2.500000e+01
3.477242e+01
3.942598e+01
9.856732e+00
7.059367e+00
0.000000e+00
0.000000e+00
0.000000e+00
0.000000e+00
0.000000e+00
0.000000e+00
1.359844e+01
5.580096e+00
6.691971e+00
1.581817e+00
2.005522e+00
0.000000e+00
0.000000e+00
0.000000e+00
0.000000e+00
0.000000e+00
0.000000e+00
7.541950e-01
6.301180e-01
8.745611e-01
1.829911e-01
1.738211e-01
0.000000e+00
0.000000e+00
0.000000e+00
0.000000e+00
0.000000e+00
0.000000e+00
1.008000e+00
6.072926e+00
1.098031e+01
1.845669e+00
1.452208e+00
0.000000e+00
0.000000e+00
0.000000e+00
0.000000e+00
0.000000e+00
0.000000e+00
