1.000000e+00
1.535139e+00
1.163030e+00
6.569075e-01
3.008200e-01
1.336860e-01
8.617525e-02
5.314726e-02
3.408043e-02
1.818488e-02
1.102760e-02
4.500000e+00
5.536781e+00
4.195133e+00
2.519238e+00
1.116138e+00
4.937712e-01
3.127776e-01
1.942639e-01
1.263667e-01
6.673641e-02
4.116464e-02
2.500000e+01
3.428200e+01
2.597354e+01
1.511774e+01
6.810885e+00
3.020083e+00
1.930309e+00
1.194560e+00
7.713707e-01
4.095286e-01
2.504196e-01
1.359844e+01
5.570065e+00
4.224789e+00
4.057333e+00
1.439394e+00
6.146015e-01
3.346598e-01
2.216103e-01
1.621499e-01
7.880624e-02
5.554193e-02
7.541950e-01
6.198713e-01
4.697893e-01
3.240796e-01
1.336950e-01
5.853357e-02
3.556918e-02
2.247146e-02
1.511416e-02
7.793575e-03
4.998619e-03
1.008000e+00
5.863314e+00
4.440704e+00
2.037001e+00
1.050848e+00
4.740727e-01
3.229389e-01
1.948775e-01
1.193124e-01
6.583902e-02
3.773972e-02
