1.000000e+00
1.535954e+00
1.166012e+00
6.990908e-01
3.804030e-01
1.261195e-01
4.824971e-02
3.627394e-02
2.348166e-02
1.397581e-02
4.682186e-03
4.500000e+00
5.539241e+00
4.206561e+00
2.614661e+00
1.424676e+00
4.862761e-01
1.743295e-01
1.317656e-01
8.597746e-02
5.213058e-02
1.826075e-02
2.500000e+01
3.429876e+01
2.604214e+01
1.589033e+01
8.652337e+00
2.910242e+00
1.078408e+00
8.128500e-01
5.282236e-01
3.172514e-01
1.086634e-01
1.359844e+01
5.567693e+00
4.243126e+00
3.577354e+00
1.968175e+00
8.080782e-01
1.785001e-01
1.420683e-01
9.955582e-02
6.995157e-02
3.231857e-02
7.541950e-01
6.200129e-01
4.712576e-01
3.188641e-01
1.742656e-01
6.324311e-02
1.960328e-02
1.501436e-02
9.986157e-03
6.319549e-03
2.429392e-03
1.008000e+00
5.867926e+00
4.449972e+00
2.376623e+00
1.287125e+00
3.828740e-01
1.833173e-01
1.355972e-01
8.563789e-02
4.795330e-02
1.356037e-02
