1.000000e+00
1.535392e+00
1.162363e+00
6.627810e-01
2.961673e-01
1.322703e-01
8.369032e-02
3.560921e-02
1.680148e-02
5.575405e-03
6.472838e-04
4.500000e+00
5.537592e+00
4.193377e+00
2.537957e+00
1.105719e+00
4.778215e-01
3.172466e-01
1.310941e-01
6.737398e-02
2.136359e-02
2.912777e-03
2.500000e+01
3.428735e+01
2.596058e+01
1.524154e+01
6.725987e+00
2.956076e+00
1.914938e+00
8.031614e-01
3.954443e-01
1.282556e-01
1.618210e-02
1.359844e+01
5.569864e+00
4.229629e+00
4.051131e+00
1.493509e+00
4.884382e-01
4.755491e-01
1.589200e-01
1.365901e-01
3.423440e-02
8.802051e-03
7.541950e-01
6.199340e-01
4.697751e-01
3.254843e-01
1.343116e-01
5.370835e-02
3.983436e-02
1.542299e-02
9.442251e-03
2.743492e-03
4.881782e-04
1.008000e+00
5.864594e+00
4.436108e+00
2.067193e+00
1.013058e+00
5.027934e-01
2.711769e-01
1.276263e-01
4.284569e-02
1.734560e-02
6.524621e-04
