1.000000e+00
1.580675e+00
1.078458e+00
3.168805e-01
2.252291e-01
9.649396e-02
4.009798e-02
0.000000e+00
0.000000e+00
0.000000e+00
0.000000e+00
4.500000e+00
5.636854e+00
3.342095e+00
1.035249e+00
4.936724e-01
3.500289e-01
1.050464e-01
0.000000e+00
0.000000e+00
0.000000e+00
0.000000e+00
2.500000e+01
3.509381e+01
2.223364e+01
6.729846e+00
4.006020e+00
2.155405e+00
7.663872e-01
0.000000e+00
0.000000e+00
0.000000e+00
0.000000e+00
1.359844e+01
5.703893e+00
8.742612e+00
1.226502e+00
9.264748e-01
6.502839e-01
2.575398e-01
0.000000e+00
0.000000e+00
0.000000e+00
0.000000e+00
7.541950e-01
6.216380e-01
3.572539e-01
1.016838e-01
1.170758e-02
4.321716e-02
7.579851e-03
0.000000e+00
0.000000e+00
0.000000e+00
0.000000e+00
1.008000e+00
6.041722e+00
2.687518e+00
1.180513e+00
8.060822e-01
2.821373e-01
1.180272e-01
0.000000e+00
0.000000e+00
0.000000e+00
0.000000e+00
