1.000000e+00
1.534448e+00
1.163780e+00
7.120579e-01
3.930078e-01
1.741162e-01
2.871951e-02
3.216652e-03
0.000000e+00
0.000000e+00
0.000000e+00
4.500000e+00
5.528906e+00
4.193443e+00
2.596426e+00
1.447600e+00
5.097750e-01
1.104791e-01
1.447494e-02
0.000000e+00
0.000000e+00
0.000000e+00
2.500000e+01
3.424785e+01
2.597380e+01
1.594733e+01
8.866498e+00
3.422277e+00
6.619518e-01
8.041631e-02
0.000000e+00
0.000000e+00
0.000000e+00
1.359844e+01
5.550057e+00
4.232552e+00
3.517331e+00
1.762373e+00
1.130850e+00
1.811767e-01
4.374145e-02
0.000000e+00
0.000000e+00
0.000000e+00
7.541950e-01
6.188874e-01
4.701553e-01
3.190338e-01
1.705148e-01
8.401538e-02
1.430183e-02
2.425983e-03
0.000000e+00
0.000000e+00
0.000000e+00
1.008000e+00
5.864984e+00
4.441351e+00
2.447268e+00
1.406197e+00
4.976049e-01
8.798658e-02
3.242385e-03
0.000000e+00
0.000000e+00
0.000000e+00
