1.000000e+00
1.636954e+00
1.392415e+00
5.419504e-01
1.667821e-01
7.709146e-02
2.252392e-02
6.719603e-03
3.178771e-03
2.579325e-04
0.000000e+00
4.500000e+00
5.611358e+00
3.532985e+00
1.589516e+00
6.224349e-01
2.464372e-01
6.757106e-02
2.631327e-02
1.015994e-02
1.160696e-03
0.000000e+00
2.500000e+01
3.548355e+01
2.549530e+01
1.067221e+01
3.769559e+00
1.586203e+00
4.490134e-01
1.562655e-01
6.538898e-02
6.448312e-03
0.000000e+00
1.359844e+01
5.862086e+00
6.980369e+00
3.362040e+00
1.118383e+00
5.865105e-01
1.411413e-01
4.757024e-02
2.434925e-02
3.507479e-03
0.000000e+00
7.541950e-01
6.515433e-01
5.909260e-01
2.563562e-01
8.479285e-02
4.052134e-02
1.073653e-02
3.528295e-03
1.676268e-03
1.945314e-04
0.000000e+00
1.008000e+00
6.227226e+00
4.502366e+00
1.596111e+00
4.881764e-01
1.982553e-01
6.616401e-02
1.912593e-02
8.125537e-03
2.599959e-04
0.000000e+00
