1.000000e+00
1.548201e+00
1.055040e+00
7.354844e-01
3.644132e-01
7.997562e-02
3.062650e-02
1.130610e-02
4.488944e-03
1.109557e-03
0.000000e+00
4.500000e+00
5.583070e+00
4.022356e+00
2.692032e+00
1.424553e+00
3.050137e-01
1.212214e-01
4.582819e-02
1.697038e-02
4.993008e-03
0.000000e+00
2.500000e+01
3.452388e+01
2.409505e+01
1.561547e+01
8.047840e+00
1.835463e+00
7.160813e-01
2.675694e-01
1.025753e-01
2.773893e-02
0.000000e+00
1.359844e+01
5.596362e+00
6.222799e+00
2.874017e+00
2.446578e+00
4.750720e-01
2.312258e-01
9.739106e-02
2.499442e-02
1.508825e-02
0.000000e+00
7.541950e-01
6.248451e-01
5.112415e-01
3.128302e-01
1.905680e-01
3.879135e-02
1.658769e-02
6.546384e-03
2.118593e-03
8.368226e-04
0.000000e+00
1.008000e+00
5.937893e+00
3.399572e+00
3.117931e+00
1.240758e+00
2.533228e-01
8.310821e-02
2.728757e-02
1.468989e-02
1.118434e-03
0.000000e+00
