1.000000e+00
1.544110e+00
1.040530e+00
5.660882e-01
2.554934e-01
7.901948e-02
2.992532e-02
4.722947e-03
3.879229e-03
2.373995e-03
1.026473e-03
4.500000e+00
5.569666e+00
3.974428e+00
2.146996e+00
1.040164e+00
2.906025e-01
1.154884e-01
1.730782e-02
1.407843e-02
9.586093e-03
3.872805e-03
2.500000e+01
3.447801e+01
2.389469e+01
1.291913e+01
6.039642e+00
1.640264e+00
6.182996e-01
1.062879e-01
8.688967e-02
5.607326e-02
2.343241e-02
1.359844e+01
5.607040e+00
6.247228e+00
3.219746e+00
2.246416e+00
3.136286e-01
1.746057e-01
2.019013e-02
1.504886e-02
2.004044e-02
5.628805e-03
7.541950e-01
6.237042e-01
5.070620e-01
2.698962e-01
1.497266e-01
3.416745e-02
1.507983e-02
2.014389e-03
1.600604e-03
1.360193e-03
4.814086e-04
1.008000e+00
5.898668e+00
3.278678e+00
1.848033e+00
6.118697e-01
3.500631e-01
1.243944e-01
1.717779e-02
1.454181e-02
5.845090e-03
3.383508e-03
