1.000000e+00
2.823015e+00
1.066325e+00
6.296776e-01
4.820178e-01
6.874085e-02
0.000000e+00
0.000000e+00
0.000000e+00
0.000000e+00
0.000000e+00
4.500000e+00
3.412387e+00
2.166859e+00
2.099285e+00
1.194573e+00
3.093338e-01
0.000000e+00
0.000000e+00
0.000000e+00
0.000000e+00
0.000000e+00
2.500000e+01
3.824745e+01
1.842645e+01
1.350939e+01
9.017926e+00
1.718521e+00
0.000000e+00
0.000000e+00
0.000000e+00
0.000000e+00
0.000000e+00
1.359844e+01
8.662940e+00
4.051665e+00
2.366973e+00
1.881291e+00
9.347683e-01
0.000000e+00
0.000000e+00
0.000000e+00
0.000000e+00
0.000000e+00
7.541950e-01
9.193372e-01
8.154132e-03
2.118360e-01
5.870777e-02
5.184401e-02
0.000000e+00
0.000000e+00
0.000000e+00
0.000000e+00
0.000000e+00
1.008000e+00
1.014618e+01
3.900702e+00
2.369059e+00
1.764190e+00
6.929078e-02
0.000000e+00
0.000000e+00
0.000000e+00
0.000000e+00
0.000000e+00
