1.000000e+00
1.534651e+00
1.168210e+00
7.046890e-01
4.374398e-01
1.428595e-01
4.311349e-02
2.997474e-03
0.000000e+00
0.000000e+00
0.000000e+00
4.500000e+00
5.525632e+00
4.177707e+00
2.613505e+00
1.348990e+00
4.747760e-01
1.765507e-01
1.348863e-02
0.000000e+00
0.000000e+00
0.000000e+00
2.500000e+01
3.423775e+01
2.595639e+01
1.594302e+01
8.905822e+00
3.019187e+00
1.025681e+00
7.493684e-02
0.000000e+00
0.000000e+00
0.000000e+00
1.359844e+01
5.548857e+00
4.242587e+00
3.497345e+00
1.928007e+00
8.748630e-01
3.914069e-01
4.076097e-02
0.000000e+00
0.000000e+00
0.000000e+00
7.541950e-01
6.188111e-01
4.709987e-01
3.173081e-01
1.825139e-01
6.851190e-02
2.566712e-02
2.260680e-03
0.000000e+00
0.000000e+00
0.000000e+00
1.008000e+00
5.865676e+00
4.454869e+00
2.424270e+00
1.532202e+00
4.332478e-01
9.840850e-02
3.021454e-03
0.000000e+00
0.000000e+00
0.000000e+00
