1.000000e+00
1.534756e+00
1.162220e+00
6.610500e-01
3.006995e-01
1.400980e-01
9.380647e-02
4.757053e-02
2.787701e-02
1.207327e-02
7.307454e-03
4.500000e+00
5.535311e+00
4.192386e+00
2.531389e+00
1.119048e+00
5.056773e-01
3.478019e-01
1.742048e-01
1.036804e-01
4.576829e-02
2.672157e-02
2.500000e+01
3.427318e+01
2.595597e+01
1.520192e+01
6.818186e+00
3.129757e+00
2.123132e+00
1.070186e+00
6.319054e-01
2.762570e-01
1.642793e-01
1.359844e+01
5.567692e+00
4.223799e+00
4.041227e+00
1.476285e+00
5.126391e-01
4.460646e-01
2.019829e-01
1.361544e-01
6.862469e-02
3.059689e-02
7.541950e-01
6.196820e-01
4.695308e-01
3.246580e-01
1.349583e-01
5.672145e-02
4.159285e-02
2.024097e-02
1.248673e-02
5.747306e-03
3.094154e-03
1.008000e+00
5.862127e+00
4.437061e+00
2.061603e+00
1.039862e+00
5.338752e-01
3.284791e-01
1.734065e-01
9.660231e-02
3.911428e-02
2.675885e-02
