1.000000e+00
1.535954e+00
1.177636e+00
6.354942e-01
2.963149e-01
1.103340e-01
7.620275e-03
4.090845e-03
9.633803e-04
0.000000e+00
0.000000e+00
4.500000e+00
5.526038e+00
4.230711e+00
2.206117e+00
1.075669e+00
3.133504e-01
2.842729e-02
1.657265e-02
4.335212e-03
0.000000e+00
0.000000e+00
2.500000e+01
3.425485e+01
2.623855e+01
1.386758e+01
6.604395e+00
2.121686e+00
1.729901e-01
9.678619e-02
2.408451e-02
0.000000e+00
0.000000e+00
1.359844e+01
5.573920e+00
4.374495e+00
4.113899e+00
1.692868e+00
8.987079e-01
3.817703e-02
3.513606e-02
1.310047e-02
0.000000e+00
0.000000e+00
7.541950e-01
6.174621e-01
4.747203e-01
2.637953e-01
1.402208e-01
5.902783e-02
3.446986e-03
2.365049e-03
7.265766e-04
0.000000e+00
0.000000e+00
1.008000e+00
5.864906e+00
4.466517e+00
1.897166e+00
9.496317e-01
2.597123e-01
2.613622e-02
9.902292e-03
9.710874e-04
0.000000e+00
0.000000e+00
