1.000000e+00
1.539553e+00
1.053872e+00
5.617125e-01
1.300038e-01
2.237069e-02
5.584768e-03
0.000000e+00
0.000000e+00
0.000000e+00
0.000000e+00
4.500000e+00
5.561065e+00
4.010309e+00
2.142918e+00
5.579927e-01
8.486333e-02
2.513146e-02
0.000000e+00
0.000000e+00
0.000000e+00
0.000000e+00
2.500000e+01
3.440556e+01
2.415983e+01
1.289337e+01
3.169367e+00
5.120552e-01
1.396192e-01
0.000000e+00
0.000000e+00
0.000000e+00
0.000000e+00
1.359844e+01
5.679440e+00
6.159951e+00
3.343837e+00
1.466234e+00
1.278114e-01
7.594414e-02
0.000000e+00
0.000000e+00
0.000000e+00
0.000000e+00
7.541950e-01
6.249348e-01
5.076457e-01
2.727040e-01
8.744768e-02
1.067230e-02
4.212004e-03
0.000000e+00
0.000000e+00
0.000000e+00
0.000000e+00
1.008000e+00
5.853846e+00
3.366417e+00
1.777210e+00
2.160944e-01
7.229029e-02
5.629446e-03
0.000000e+00
0.000000e+00
0.000000e+00
0.000000e+00
