1.000000e+00
1.560995e+00
9.318700e-01
5.646937e-01
6.887688e-02
4.772724e-02
2.885098e-02
1.220133e-02
3.392834e-03
1.633674e-03
0.000000e+00
4.500000e+00
5.637426e+00
3.780100e+00
2.113484e+00
2.494611e-01
1.729603e-01
1.099663e-01
4.755768e-02
1.222546e-02
7.351535e-03
0.000000e+00
2.500000e+01
3.475734e+01
2.189981e+01
9.450788e+00
1.541242e+00
1.068279e+00
6.619396e-01
2.830824e-01
7.573291e-02
4.084186e-02
0.000000e+00
1.359844e+01
5.727213e+00
8.033982e+00
2.383373e+00
2.615538e-01
1.823536e-01
1.706389e-01
8.390548e-02
1.218250e-02
2.221542e-02
0.000000e+00
7.541950e-01
6.314112e-01
5.383328e-01
2.090226e-01
2.822086e-02
1.959438e-02
1.396779e-02
6.319742e-03
1.365489e-03
1.232109e-03
0.000000e+00
1.008000e+00
6.020808e+00
2.347300e+00
4.153614e+00
2.597854e-01
1.797006e-01
9.159475e-02
3.542548e-02
1.299469e-02
1.646744e-03
0.000000e+00
