1.000000e+00
1.560143e+00
1.401532e+00
6.282210e-01
3.686688e-01
2.015443e-01
7.130539e-02
7.180363e-03
0.000000e+00
0.000000e+00
0.000000e+00
4.500000e+00
5.555631e+00
3.694102e+00
2.304097e+00
1.285394e+00
6.359802e-01
2.784027e-01
3.231163e-02
0.000000e+00
0.000000e+00
0.000000e+00
2.500000e+01
3.461118e+01
2.692785e+01
1.411614e+01
8.067086e+00
4.145959e+00
1.655764e+00
1.795091e-01
0.000000e+00
0.000000e+00
0.000000e+00
1.359844e+01
5.630572e+00
5.222389e+00
3.147991e+00
1.384156e+00
1.056771e+00
4.956220e-01
9.764173e-02
0.000000e+00
0.000000e+00
0.000000e+00
7.541950e-01
6.120844e-01
2.260557e-01
2.832653e-01
1.493585e-01
8.999661e-02
3.711831e-02
5.415394e-03
0.000000e+00
0.000000e+00
0.000000e+00
1.008000e+00
5.962237e+00
5.215686e+00
2.148033e+00
1.387053e+00
6.583298e-01
2.055421e-01
7.237806e-03
0.000000e+00
0.000000e+00
0.000000e+00
