1.000000e+00
1.531671e+00
1.181735e+00
6.791889e-01
2.237128e-01
4.421318e-02
4.724702e-03
2.975402e-03
7.548947e-04
0.000000e+00
0.000000e+00
4.500000e+00
5.519652e+00
4.232562e+00
2.732523e+00
6.982239e-01
5.605470e-02
1.732403e-02
1.194265e-02
3.397026e-03
0.000000e+00
0.000000e+00
2.500000e+01
3.418827e+01
2.628901e+01
1.599418e+01
4.630927e+00
6.079559e-01
1.063566e-01
7.006358e-02
1.887237e-02
0.000000e+00
0.000000e+00
1.359844e+01
5.577834e+00
4.448332e+00
5.915007e+00
1.661708e+00
1.417267e-01
2.030671e-02
2.431476e-02
1.026539e-02
0.000000e+00
0.000000e+00
7.541950e-01
6.180729e-01
4.730968e-01
3.949068e-01
7.346396e-02
1.480314e-02
2.018971e-03
1.676566e-03
5.693378e-04
0.000000e+00
0.000000e+00
1.008000e+00
5.843659e+00
4.464553e+00
1.616762e+00
6.016270e-01
1.574809e-01
1.715342e-02
7.552143e-03
7.609339e-04
0.000000e+00
0.000000e+00
