1.000000e+00
1.542571e+00
1.050318e+00
5.541050e-01
2.041399e-01
5.595869e-02
2.714594e-02
2.951486e-03
1.913584e-03
4.983574e-04
0.000000e+00
4.500000e+00
5.548481e+00
3.976400e+00
1.923234e+00
7.814437e-01
2.093940e-01
3.409375e-02
1.079846e-02
7.686847e-03
2.242608e-03
0.000000e+00
2.500000e+01
3.439840e+01
2.401199e+01
1.209419e+01
4.684079e+00
1.259469e+00
3.721226e-01
6.636926e-02
4.507859e-02
1.245893e-02
0.000000e+00
1.359844e+01
5.636766e+00
6.181887e+00
3.875917e+00
1.399782e+00
4.933778e-01
8.640438e-02
1.242056e-02
1.570598e-02
6.776883e-03
0.000000e+00
7.541950e-01
6.197243e-01
5.013970e-01
2.289825e-01
1.052670e-01
3.236586e-02
9.060974e-03
1.251926e-03
1.080658e-03
3.758586e-04
0.000000e+00
1.008000e+00
5.879094e+00
3.341262e+00
1.572701e+00
5.915673e-01
1.288373e-01
9.681887e-02
1.079031e-02
4.837780e-03
5.023442e-04
0.000000e+00
