1.000000e+00
1.588446e+00
1.072871e+00
7.636417e-01
2.755371e-01
5.524350e-02
1.619119e-02
7.461620e-03
0.000000e+00
0.000000e+00
0.000000e+00
4.500000e+00
5.525753e+00
4.123112e+00
1.871760e+00
1.336005e+00
7.475524e-02
5.834197e-02
3.357729e-02
0.000000e+00
0.000000e+00
0.000000e+00
2.500000e+01
3.469630e+01
2.446987e+01
1.374194e+01
6.136427e+00
7.757095e-01
3.614104e-01
1.865405e-01
0.000000e+00
0.000000e+00
0.000000e+00
1.359844e+01
5.681016e+00
6.135383e+00
3.798662e+00
1.831224e+00
1.976181e-01
5.813700e-02
1.014664e-01
0.000000e+00
0.000000e+00
0.000000e+00
7.541950e-01
6.328435e-01
5.043232e-01
3.215558e-01
1.080671e-01
1.928553e-02
6.516346e-03
5.627517e-03
0.000000e+00
0.000000e+00
0.000000e+00
1.008000e+00
6.066169e+00
3.543004e+00
2.467225e+00
1.160490e+00
1.914503e-01
6.201286e-02
7.521313e-03
0.000000e+00
0.000000e+00
0.000000e+00
