1.000000e+00
1.536650e+00
1.166077e+00
7.009350e-01
3.952570e-01
1.135908e-01
1.917989e-02
0.000000e+00
0.000000e+00
0.000000e+00
0.000000e+00
4.500000e+00
5.535532e+00
4.190333e+00
2.615421e+00
1.347605e+00
4.552373e-01
8.630951e-02
0.000000e+00
0.000000e+00
0.000000e+00
0.000000e+00
2.500000e+01
3.429448e+01
2.599060e+01
1.591391e+01
8.564730e+00
2.672722e+00
4.794973e-01
0.000000e+00
0.000000e+00
0.000000e+00
0.000000e+00
1.359844e+01
5.564644e+00
4.254159e+00
3.518290e+00
2.047885e+00
9.205263e-01
2.608166e-01
0.000000e+00
0.000000e+00
0.000000e+00
0.000000e+00
7.541950e-01
6.186513e-01
4.672545e-01
3.172977e-01
1.475408e-01
6.373397e-02
1.446538e-02
0.000000e+00
0.000000e+00
0.000000e+00
0.000000e+00
1.008000e+00
5.871750e+00
4.445937e+00
2.402208e+00
1.327128e+00
2.904949e-01
1.933333e-02
0.000000e+00
0.000000e+00
0.000000e+00
0.000000e+00
