1.000000e+00
1.595718e+00
1.070952e+00
2.489593e-01
8.659774e-02
4.396987e-02
3.956049e-03
0.000000e+00
0.000000e+00
0.000000e+00
0.000000e+00
4.500000e+00
5.638717e+00
3.368318e+00
9.791806e-01
3.531071e-01
1.681784e-01
1.780222e-02
0.000000e+00
0.000000e+00
0.000000e+00
0.000000e+00
2.500000e+01
3.525804e+01
2.222500e+01
5.769417e+00
2.055664e+00
8.905038e-01
9.890124e-02
0.000000e+00
0.000000e+00
0.000000e+00
0.000000e+00
1.359844e+01
5.794354e+00
8.808059e+00
1.801931e+00
7.692991e-01
2.362886e-01
5.379610e-02
0.000000e+00
0.000000e+00
0.000000e+00
0.000000e+00
7.541950e-01
6.149183e-01
3.688962e-01
1.324164e-01
5.096169e-02
2.157033e-02
2.983633e-03
0.000000e+00
0.000000e+00
0.000000e+00
0.000000e+00
1.008000e+00
6.086305e+00
2.639859e+00
7.105276e-01
2.024233e-01
1.938173e-01
3.987698e-03
0.000000e+00
0.000000e+00
0.000000e+00
0.000000e+00
