1.000000e+00
1.552272e+00
9.131535e-01
2.996096e-01
1.500837e-01
6.787650e-02
2.720371e-02
5.216910e-03
0.000000e+00
0.000000e+00
0.000000e+00
4.500000e+00
5.606363e+00
3.715461e+00
1.128907e+00
5.803783e-01
1.961512e-01
1.035234e-01
2.347609e-02
0.000000e+00
0.000000e+00
0.000000e+00
2.500000e+01
3.468678e+01
2.165059e+01
6.828930e+00
3.460757e+00
1.332515e+00
6.236546e-01
1.304227e-01
0.000000e+00
0.000000e+00
0.000000e+00
1.359844e+01
5.736716e+00
8.056946e+00
1.724649e+00
1.102363e+00
3.139829e-01
1.590620e-01
7.094184e-02
0.000000e+00
0.000000e+00
0.000000e+00
7.541950e-01
6.304246e-01
5.353702e-01
1.431788e-01
7.995003e-02
2.850015e-02
1.310583e-02
3.934567e-03
0.000000e+00
0.000000e+00
0.000000e+00
1.008000e+00
5.899031e+00
2.149560e+00
9.631060e-01
4.141525e-01
2.311958e-01
8.688225e-02
5.258645e-03
0.000000e+00
0.000000e+00
0.000000e+00
