1.000000e+00
1.622200e+00
1.062088e+00
4.213213e-01
1.512072e-01
4.375307e-02
2.325037e-02
9.879960e-03
1.132331e-03
0.000000e+00
0.000000e+00
4.500000e+00
5.941169e+00
6.790936e+00
1.511704e+00
6.243355e-01
1.594211e-01
8.914358e-02
3.796599e-02
5.095488e-03
0.000000e+00
0.000000e+00
2.500000e+01
3.613307e+01
2.655296e+01
8.554069e+00
3.612608e+00
9.819031e-01
5.350082e-01
2.276007e-01
2.830827e-02
0.000000e+00
0.000000e+00
1.359844e+01
5.763524e+00
7.949279e+00
1.231001e+00
1.430090e+00
1.768004e-01
1.433639e-01
6.187520e-02
1.539793e-02
0.000000e+00
0.000000e+00
7.541950e-01
6.516830e-01
5.648632e-01
1.674034e-01
9.203516e-02
1.830128e-02
1.146193e-02
4.904153e-03
8.539981e-04
0.000000e+00
0.000000e+00
1.008000e+00
6.328154e+00
4.067762e+00
2.022111e+00
3.289652e-01
1.620213e-01
7.216462e-02
3.039634e-02
1.141389e-03
0.000000e+00
0.000000e+00
