1.000000e+00
1.898353e+00
1.093669e+00
7.111118e-01
2.602941e-01
1.154462e-01
4.457038e-02
8.432607e-03
1.842184e-03
0.000000e+00
0.000000e+00
4.500000e+00
3.756050e+00
3.937041e+00
2.620886e+00
9.369329e-01
4.551750e-01
7.878215e-02
3.426618e-02
8.289830e-03
0.000000e+00
0.000000e+00
2.500000e+01
3.247872e+01
2.439712e+01
1.603503e+01
5.786319e+00
2.693980e+00
6.960914e-01
1.998207e-01
4.605461e-02
0.000000e+00
0.000000e+00
1.359844e+01
7.207178e+00
3.951899e+00
3.425986e+00
1.289759e+00
8.518739e-01
2.075906e-01
7.359213e-02
2.505083e-02
0.000000e+00
0.000000e+00
7.541950e-01
0.000000e+00
4.407124e-01
3.160176e-01
1.155638e-01
6.183371e-02
1.503606e-02
4.916101e-03
1.389366e-03
0.000000e+00
0.000000e+00
1.008000e+00
6.938806e+00
4.180857e+00
2.474454e+00
8.917874e-01
3.188388e-01
1.442309e-01
2.008347e-02
1.856922e-03
0.000000e+00
0.000000e+00
