1.000000e+00
1.594190e+00
1.059478e+00
2.994400e-01
1.428008e-01
2.377619e-02
9.190695e-03
6.032670e-03
1.885799e-03
1.093526e-03
1.557495e-04
4.500000e+00
5.631232e+00
3.364569e+00
1.103222e+00
6.066576e-01
9.490050e-02
3.289959e-02
1.873396e-02
7.276865e-03
3.105500e-03
7.008726e-04
2.500000e+01
3.521987e+01
2.210101e+01
6.756205e+00
3.462325e+00
5.579997e-01
2.042589e-01
1.248534e-01
4.353277e-02
2.128116e-02
3.893737e-03
1.359844e+01
5.827716e+00
8.687073e+00
1.350755e+00
1.552342e+00
2.027994e-01
3.445910e-02
3.061922e-02
1.214783e-02
4.823639e-03
2.117950e-03
7.541950e-01
6.142772e-01
3.727600e-01
1.301098e-01
9.378790e-02
1.336882e-02
3.741984e-03
1.780008e-03
9.479280e-04
4.501111e-04
1.174655e-04
1.008000e+00
6.067912e+00
2.617642e+00
1.069119e+00
2.536918e-01
5.785910e-02
3.473245e-02
2.030877e-02
5.706573e-03
3.785396e-03
1.569955e-04
