1.000000e+00
1.558563e+00
9.112788e-01
3.505904e-01
2.455853e-01
8.768718e-02
1.766401e-02
1.357180e-02
5.272265e-03
0.000000e+00
0.000000e+00
4.500000e+00
5.610992e+00
3.681848e+00
1.234419e+00
7.098077e-01
3.456081e-01
6.569901e-02
5.099388e-02
2.372519e-02
0.000000e+00
0.000000e+00
2.500000e+01
3.476896e+01
2.151401e+01
7.715377e+00
4.824623e+00
2.045854e+00
4.004096e-01
3.091863e-01
1.318066e-01
0.000000e+00
0.000000e+00
1.359844e+01
5.628237e+00
7.984052e+00
1.324269e+00
1.087342e+00
6.457013e-01
8.630528e-02
7.206249e-02
7.169458e-02
0.000000e+00
0.000000e+00
7.541950e-01
6.282020e-01
5.317981e-01
1.425819e-01
1.015110e-01
4.691871e-02
7.913235e-03
6.282122e-03
3.976316e-03
0.000000e+00
0.000000e+00
1.008000e+00
5.959054e+00
2.157609e+00
1.318640e+00
8.509551e-01
2.425517e-01
6.120204e-02
4.540157e-02
5.314443e-03
0.000000e+00
0.000000e+00
