1.000000e+00
1.549836e+00
9.128414e-01
2.558867e-01
7.343456e-02
2.107469e-02
1.333771e-02
2.151818e-03
7.165198e-04
2.506116e-04
6.614098e-05
4.500000e+00
5.599669e+00
3.716448e+00
1.042890e+00
2.919657e-01
8.555794e-02
2.418550e-02
8.696012e-03
2.906595e-03
1.004674e-03
2.976344e-04
2.500000e+01
3.463972e+01
2.165173e+01
6.071578e+00
1.716890e+00
4.991516e-01
2.101075e-01
5.084658e-02
1.696383e-02
5.897629e-03
1.653524e-03
1.359844e+01
5.733668e+00
8.050432e+00
2.286571e+00
6.334083e-01
1.830302e-01
4.385243e-02
1.824367e-02
6.197244e-03
2.034261e-03
8.994141e-04
7.541950e-01
6.296815e-01
5.351161e-01
1.510163e-01
4.241346e-02
1.225498e-02
4.673018e-03
1.235664e-03
4.157575e-04
1.407313e-04
4.988320e-05
1.008000e+00
5.888351e+00
2.150310e+00
5.940876e-01
1.760543e-01
5.044354e-02
4.837264e-02
5.275851e-03
1.722255e-03
6.399686e-04
6.667011e-05
