1.000000e+00
1.545385e+00
1.040848e+00
7.471513e-01
1.771013e-01
7.896022e-02
1.748180e-02
2.569639e-02
1.467146e-03
0.000000e+00
0.000000e+00
4.500000e+00
5.474645e+00
3.944398e+00
1.949522e+00
6.769158e-01
2.697577e-01
6.374795e-02
3.058407e-02
6.602155e-03
0.000000e+00
0.000000e+00
2.500000e+01
3.419188e+01
2.381173e+01
1.428672e+01
4.068949e+00
1.696667e+00
3.924755e-01
3.462347e-01
3.667864e-02
0.000000e+00
0.000000e+00
1.359844e+01
5.577416e+00
5.912391e+00
2.807791e+00
1.068547e+00
4.690281e-01
7.120325e-02
7.858409e-02
1.995089e-02
0.000000e+00
0.000000e+00
7.541950e-01
5.994668e-01
4.953236e-01
1.179828e-01
8.648208e-02
3.756037e-02
7.332123e-03
8.431470e-03
1.106514e-03
0.000000e+00
0.000000e+00
1.008000e+00
5.903640e+00
3.372992e+00
2.771324e+00
5.563078e-01
2.449712e-01
6.457822e-02
9.232349e-02
1.478883e-03
0.000000e+00
0.000000e+00
