1.000000e+00
1.550426e+00
9.139238e-01
2.588050e-01
9.861991e-02
5.692915e-02
2.888642e-02
7.238427e-03
0.000000e+00
0.000000e+00
0.000000e+00
4.500000e+00
5.601341e+00
3.720234e+00
1.051098e+00
3.591127e-01
2.161992e-01
1.165264e-01
3.257292e-02
0.000000e+00
0.000000e+00
0.000000e+00
2.500000e+01
3.465153e+01
2.167585e+01
6.131006e+00
2.212551e+00
1.303795e+00
6.819454e-01
1.809607e-01
0.000000e+00
0.000000e+00
0.000000e+00
1.359844e+01
5.730730e+00
8.048149e+00
2.252314e+00
3.960077e-01
3.279131e-01
2.425568e-01
9.843131e-02
0.000000e+00
0.000000e+00
0.000000e+00
7.541950e-01
6.297412e-01
5.353452e-01
1.506585e-01
4.116335e-02
2.725237e-02
1.650520e-02
5.459185e-03
0.000000e+00
0.000000e+00
0.000000e+00
1.008000e+00
5.892036e+00
2.156267e+00
6.181582e-01
3.659036e-01
1.832157e-01
7.148663e-02
7.296334e-03
0.000000e+00
0.000000e+00
0.000000e+00
