1.000000e+00
1.540324e+00
1.044451e+00
5.056612e-01
1.534323e-01
1.350753e-02
0.000000e+00
0.000000e+00
0.000000e+00
0.000000e+00
0.000000e+00
4.500000e+00
5.563225e+00
3.973056e+00
1.989548e+00
6.107465e-01
6.078388e-02
0.000000e+00
0.000000e+00
0.000000e+00
0.000000e+00
0.000000e+00
2.500000e+01
3.442092e+01
2.393967e+01
1.178741e+01
3.597731e+00
3.376882e-01
0.000000e+00
0.000000e+00
0.000000e+00
0.000000e+00
0.000000e+00
1.359844e+01
5.675295e+00
6.089226e+00
3.684997e+00
1.196932e+00
1.836813e-01
0.000000e+00
0.000000e+00
0.000000e+00
0.000000e+00
0.000000e+00
7.541950e-01
6.250022e-01
5.025574e-01
2.692093e-01
8.445530e-02
1.018731e-02
0.000000e+00
0.000000e+00
0.000000e+00
0.000000e+00
0.000000e+00
1.008000e+00
5.858749e+00
3.340739e+00
1.409577e+00
4.054870e-01
1.361559e-02
0.000000e+00
0.000000e+00
0.000000e+00
0.000000e+00
0.000000e+00
