1.000000e+00
1.554230e+00
9.073321e-01
3.528588e-01
2.395919e-01
1.015239e-01
2.683174e-02
0.000000e+00
0.000000e+00
0.000000e+00
0.000000e+00
4.500000e+00
5.587169e+00
3.668315e+00
1.223812e+00
7.025735e-01
3.756304e-01
1.207428e-01
0.000000e+00
0.000000e+00
0.000000e+00
0.000000e+00
2.500000e+01
3.464219e+01
2.142836e+01
7.700512e+00
4.737961e+00
2.295456e+00
6.707934e-01
0.000000e+00
0.000000e+00
0.000000e+00
0.000000e+00
1.359844e+01
5.609921e+00
7.971324e+00
1.274165e+00
1.158159e+00
4.740011e-01
3.648698e-01
0.000000e+00
0.000000e+00
0.000000e+00
0.000000e+00
7.541950e-01
6.261738e-01
5.302736e-01
1.411287e-01
1.024874e-01
4.470676e-02
2.023636e-02
0.000000e+00
0.000000e+00
0.000000e+00
0.000000e+00
1.008000e+00
5.941929e+00
2.142177e+00
1.341533e+00
8.029590e-01
3.579733e-01
2.704639e-02
0.000000e+00
0.000000e+00
0.000000e+00
0.000000e+00
