1.000000e+00
1.534139e+00
1.162884e+00
6.540054e-01
2.876714e-01
8.422076e-02
2.749961e-02
9.437210e-03
4.055445e-03
4.719190e-04
0.000000e+00
4.500000e+00
5.533562e+00
4.194612e+00
2.515607e+00
1.072711e+00
3.284432e-01
1.096630e-01
3.618066e-02
1.557841e-02
2.123636e-03
0.000000e+00
2.500000e+01
3.426082e+01
2.597029e+01
1.507336e+01
6.529194e+00
1.954516e+00
6.454149e-01
2.171504e-01
9.340703e-02
1.179798e-02
0.000000e+00
1.359844e+01
5.570789e+00
4.224321e+00
4.123101e+00
1.436281e+00
5.810861e-01
2.167479e-01
5.816521e-02
2.533594e-02
6.417363e-03
0.000000e+00
7.541950e-01
6.196203e-01
4.697325e-01
3.255893e-01
1.299531e-01
4.369010e-02
1.521500e-02
4.651446e-03
2.010835e-03
3.559190e-04
0.000000e+00
1.008000e+00
5.858264e+00
4.440128e+00
2.004402e+00
9.880539e-01
2.439858e-01
7.204867e-02
2.929846e-02
1.249435e-02
4.756944e-04
0.000000e+00
