1.000000e+00
1.535327e+00
1.162769e+00
6.603433e-01
2.983242e-01
1.251368e-01
7.426269e-02
3.741741e-02
2.196171e-02
1.088282e-02
6.927070e-03
4.500000e+00
5.537458e+00
4.194295e+00
2.531247e+00
1.109966e+00
4.627731e-01
2.749092e-01
1.385800e-01
8.178212e-02
4.021898e-02
2.576531e-02
2.500000e+01
3.428620e+01
2.596802e+01
1.519333e+01
6.763602e+00
2.828677e+00
1.679507e+00
8.464216e-01
4.981243e-01
2.459214e-01
1.570265e-01
1.359844e+01
5.570731e+00
4.225021e+00
4.065529e+00
1.461914e+00
5.817545e-01
3.483191e-01
1.762418e-01
1.084014e-01
5.029029e-02
3.385600e-02
7.541950e-01
6.199466e-01
4.697252e-01
3.253169e-01
1.337970e-01
5.501729e-02
3.275822e-02
1.653132e-02
9.877130e-03
4.774047e-03
3.103611e-03
1.008000e+00
5.864037e+00
4.439372e+00
2.051328e+00
1.032412e+00
4.419352e-01
2.614001e-01
1.314982e-01
7.578312e-02
3.851949e-02
2.399780e-02
