1.000000e+00
1.542133e+00
1.034923e+00
5.956773e-01
2.484315e-01
0.000000e+00
0.000000e+00
0.000000e+00
0.000000e+00
0.000000e+00
0.000000e+00
4.500000e+00
5.562063e+00
3.961920e+00
2.206430e+00
1.117942e+00
0.000000e+00
0.000000e+00
0.000000e+00
0.000000e+00
0.000000e+00
0.000000e+00
2.500000e+01
3.443836e+01
2.379628e+01
1.347565e+01
6.210786e+00
0.000000e+00
0.000000e+00
0.000000e+00
0.000000e+00
0.000000e+00
0.000000e+00
1.359844e+01
5.596070e+00
6.313924e+00
2.808708e+00
3.378280e+00
0.000000e+00
0.000000e+00
0.000000e+00
0.000000e+00
0.000000e+00
0.000000e+00
7.541950e-01
6.227175e-01
5.078222e-01
2.632797e-01
1.873658e-01
0.000000e+00
0.000000e+00
0.000000e+00
0.000000e+00
0.000000e+00
0.000000e+00
1.008000e+00
5.889850e+00
3.231236e+00
2.092584e+00
2.504189e-01
0.000000e+00
0.000000e+00
0.000000e+00
0.000000e+00
0.000000e+00
0.000000e+00
