1.000000e+00
1.902750e+00
1.204395e+00
1.136217e+00
2.289726e-01
4.312415e-02
1.939130e-02
7.017570e-03
1.991607e-03
1.402842e-04
0.000000e+00
4.500000e+00
3.711983e+00
3.724095e+00
1.852283e+00
5.756072e-01
1.075006e-01
5.362608e-02
2.122440e-02
5.599045e-03
6.312790e-04
0.000000e+00
2.500000e+01
3.235087e+01
2.464857e+01
1.728099e+01
4.303100e+00
7.824493e-01
3.718617e-01
1.402348e-01
3.807830e-02
3.507105e-03
0.000000e+00
1.359844e+01
7.192393e+00
4.266013e+00
3.707598e+00
1.081907e+00
2.177740e-01
8.879484e-02
4.868978e-02
1.637244e-02
1.907647e-03
0.000000e+00
7.541950e-01
0.000000e+00
4.552405e-01
3.215774e-01
3.380844e-02
1.830872e-02
8.055443e-03
3.504925e-03
1.069110e-03
1.058017e-04
0.000000e+00
1.008000e+00
6.953459e+00
4.534704e+00
4.123607e+00
7.837326e-01
1.386568e-01
6.592291e-02
1.924332e-02
4.634101e-03
1.414065e-04
0.000000e+00
