1.000000e+00
1.557480e+00
9.043743e-01
3.495063e-01
2.337618e-01
3.453284e-02
2.229622e-02
4.753619e-03
2.220634e-03
0.000000e+00
0.000000e+00
4.500000e+00
5.613299e+00
3.666865e+00
1.220038e+00
7.117772e-01
1.153011e-01
4.133690e-02
1.720855e-02
9.992852e-03
0.000000e+00
0.000000e+00
2.500000e+01
3.476665e+01
2.138630e+01
7.655268e+00
4.676877e+00
7.323008e-01
3.542593e-01
1.063458e-01
5.551585e-02
0.000000e+00
0.000000e+00
1.359844e+01
5.640133e+00
8.120466e+00
1.277909e+00
1.815854e+00
2.031909e-01
7.826244e-02
1.795873e-02
3.019716e-02
0.000000e+00
0.000000e+00
7.541950e-01
6.284336e-01
5.345781e-01
1.404962e-01
1.232725e-01
1.629993e-02
7.996789e-03
1.944438e-03
1.674791e-03
0.000000e+00
0.000000e+00
1.008000e+00
5.951240e+00
2.084962e+00
1.325371e+00
5.842576e-01
1.072731e-01
7.954129e-02
1.795555e-02
2.238399e-03
0.000000e+00
0.000000e+00
