1.000000e+00
1.555935e+00
1.194545e+00
6.120517e-01
1.520935e-01
5.565130e-02
1.694832e-02
4.058585e-03
0.000000e+00
0.000000e+00
0.000000e+00
4.500000e+00
5.537411e+00
3.613943e+00
1.736574e+00
5.995587e-01
2.266265e-01
6.849940e-02
1.826363e-02
0.000000e+00
0.000000e+00
0.000000e+00
2.500000e+01
3.450533e+01
2.440415e+01
1.213043e+01
3.548838e+00
1.320174e+00
4.005033e-01
1.014646e-01
0.000000e+00
0.000000e+00
0.000000e+00
1.359844e+01
5.780911e+00
6.668846e+00
3.649891e+00
1.121098e+00
4.910930e-01
1.437725e-01
5.519043e-02
0.000000e+00
0.000000e+00
0.000000e+00
7.541950e-01
6.111464e-01
3.358418e-01
1.458684e-01
8.142022e-02
3.263445e-02
9.735253e-03
3.060965e-03
0.000000e+00
0.000000e+00
0.000000e+00
1.008000e+00
5.898414e+00
3.839895e+00
1.892098e+00
4.203880e-01
1.310135e-01
4.153143e-02
4.091054e-03
0.000000e+00
0.000000e+00
0.000000e+00
