1.000000e+00
1.541151e+00
1.046820e+00
5.511731e-01
2.404115e-01
4.547959e-02
0.000000e+00
0.000000e+00
0.000000e+00
0.000000e+00
0.000000e+00
4.500000e+00
5.558354e+00
3.981388e+00
2.104671e+00
9.238186e-01
2.046581e-01
0.000000e+00
0.000000e+00
0.000000e+00
0.000000e+00
0.000000e+00
2.500000e+01
3.441592e+01
2.399193e+01
1.265731e+01
5.538212e+00
1.136990e+00
0.000000e+00
0.000000e+00
0.000000e+00
0.000000e+00
0.000000e+00
1.359844e+01
5.590664e+00
6.095467e+00
3.302976e+00
1.505430e+00
6.184514e-01
0.000000e+00
0.000000e+00
0.000000e+00
0.000000e+00
0.000000e+00
7.541950e-01
6.222560e-01
5.034310e-01
2.683563e-01
1.193271e-01
3.430048e-02
0.000000e+00
0.000000e+00
0.000000e+00
0.000000e+00
0.000000e+00
1.008000e+00
5.886616e+00
3.350448e+00
1.737694e+00
7.396966e-01
4.584342e-02
0.000000e+00
0.000000e+00
0.000000e+00
0.000000e+00
0.000000e+00
