1.000000e+00
1.625804e+00
1.235204e+00
2.336716e-01
1.654280e-01
8.151248e-02
3.782548e-02
2.316018e-02
5.305964e-03
1.765175e-03
0.000000e+00
4.500000e+00
5.693946e+00
3.173035e+00
8.373609e-01
5.878162e-01
3.110646e-01
1.339595e-01
5.089501e-02
2.065596e-02
7.943287e-03
0.000000e+00
2.500000e+01
3.568671e+01
2.258958e+01
5.198326e+00
3.658495e+00
1.870947e+00
8.366564e-01
3.990107e-01
1.230277e-01
4.412937e-02
0.000000e+00
1.359844e+01
5.820939e+00
8.942147e+00
8.565032e-01
6.669980e-01
5.044086e-01
1.444154e-01
1.307614e-01
3.620495e-02
2.400363e-02
0.000000e+00
7.541950e-01
6.498202e-01
6.158589e-01
9.423555e-02
6.836848e-02
3.983701e-02
1.473938e-02
7.799056e-03
2.738311e-03
1.331286e-03
0.000000e+00
1.008000e+00
6.204991e+00
3.184675e+00
8.891422e-01
6.107566e-01
2.523775e-01
1.422278e-01
7.019247e-02
1.548515e-02
1.779296e-03
0.000000e+00
