1.000000e+00
1.566029e+00
8.964390e-01
3.450271e-01
1.163765e-01
2.522119e-02
1.700299e-02
9.719501e-03
3.078156e-03
9.782614e-04
3.028130e-04
4.500000e+00
5.587510e+00
3.665004e+00
1.027603e+00
4.894374e-01
9.161135e-02
6.037470e-02
3.107729e-02
5.452886e-03
3.807755e-03
1.362659e-03
2.500000e+01
3.477761e+01
2.130824e+01
6.996127e+00
2.805388e+00
5.651579e-01
3.751525e-01
2.008568e-01
4.800103e-02
2.268088e-02
7.570326e-03
1.359844e+01
5.665881e+00
8.080909e+00
1.920322e+00
1.227459e+00
9.872395e-02
7.867774e-02
6.031585e-02
1.036024e-02
6.668557e-03
4.117785e-03
7.541950e-01
6.167927e-01
5.316476e-01
9.318080e-02
7.523355e-02
1.043749e-02
7.404414e-03
4.658681e-03
1.083358e-03
5.046325e-04
2.283801e-04
1.008000e+00
5.981670e+00
2.062230e+00
1.109495e+00
2.170343e-01
9.429620e-02
5.974716e-02
2.904010e-02
1.107153e-02
2.856848e-03
3.052355e-04
