1.000000e+00
1.551584e+00
9.047120e-01
3.527446e-01
2.117322e-01
1.351651e-01
1.553147e-02
0.000000e+00
0.000000e+00
0.000000e+00
0.000000e+00
4.500000e+00
5.574563e+00
3.677774e+00
1.231918e+00
7.895176e-01
3.975155e-01
6.989163e-02
0.000000e+00
0.000000e+00
0.000000e+00
0.000000e+00
2.500000e+01
3.457212e+01
2.144255e+01
7.726992e+00
4.805564e+00
2.676211e+00
3.882869e-01
0.000000e+00
0.000000e+00
0.000000e+00
0.000000e+00
1.359844e+01
5.595736e+00
7.911642e+00
1.311086e+00
1.056907e+00
6.689682e-01
2.112038e-01
0.000000e+00
0.000000e+00
0.000000e+00
0.000000e+00
7.541950e-01
6.248819e-01
5.280026e-01
1.425165e-01
9.564031e-02
5.836053e-02
1.171376e-02
0.000000e+00
0.000000e+00
0.000000e+00
0.000000e+00
1.008000e+00
5.932682e+00
2.150151e+00
1.331416e+00
7.272921e-01
4.485508e-01
1.565573e-02
0.000000e+00
0.000000e+00
0.000000e+00
0.000000e+00
