1.000000e+00
1.555279e+00
9.089722e-01
3.528438e-01
2.509246e-01
9.668097e-02
1.938472e-02
2.888044e-02
1.680524e-03
0.000000e+00
0.000000e+00
4.500000e+00
5.586323e+00
3.674292e+00
1.220348e+00
7.307116e-01
3.405758e-01
7.071451e-02
3.437376e-02
7.562359e-03
0.000000e+00
0.000000e+00
2.500000e+01
3.464916e+01
2.146670e+01
7.684615e+00
4.948804e+00
2.110031e+00
4.352793e-01
3.891369e-01
4.201310e-02
0.000000e+00
0.000000e+00
1.359844e+01
5.604437e+00
7.953249e+00
1.322634e+00
1.124657e+00
6.586020e-01
7.926056e-02
8.832149e-02
2.285251e-02
0.000000e+00
0.000000e+00
7.541950e-01
6.261815e-01
5.301435e-01
1.426456e-01
1.042985e-01
4.901715e-02
8.141018e-03
9.476218e-03
1.267443e-03
0.000000e+00
0.000000e+00
1.008000e+00
5.947933e+00
2.155580e+00
1.326523e+00
8.662951e-01
2.766205e-01
7.152120e-02
1.037633e-01
1.693968e-03
0.000000e+00
0.000000e+00
