1.000000e+00
1.536264e+00
1.055318e+00
5.627188e-01
2.119453e-01
2.784579e-02
0.000000e+00
0.000000e+00
0.000000e+00
0.000000e+00
0.000000e+00
4.500000e+00
5.551368e+00
4.015363e+00
2.147074e+00
8.715155e-01
1.253061e-01
0.000000e+00
0.000000e+00
0.000000e+00
0.000000e+00
0.000000e+00
2.500000e+01
3.433858e+01
2.419164e+01
1.291742e+01
5.052970e+00
6.961448e-01
0.000000e+00
0.000000e+00
0.000000e+00
0.000000e+00
0.000000e+00
1.359844e+01
5.691672e+00
6.163407e+00
3.353366e+00
1.964273e+00
3.786593e-01
0.000000e+00
0.000000e+00
0.000000e+00
0.000000e+00
0.000000e+00
7.541950e-01
6.244561e-01
5.081667e-01
2.733169e-01
1.275893e-01
2.100116e-02
0.000000e+00
0.000000e+00
0.000000e+00
0.000000e+00
0.000000e+00
1.008000e+00
5.834470e+00
3.372444e+00
1.779396e+00
4.724607e-01
2.806856e-02
0.000000e+00
0.000000e+00
0.000000e+00
0.000000e+00
0.000000e+00
