1.000000e+00
1.575234e+00
1.584438e+00
2.252437e-01
6.663801e-02
0.000000e+00
0.000000e+00
0.000000e+00
0.000000e+00
0.000000e+00
0.000000e+00
4.500000e+00
5.690154e+00
6.611167e+00
8.893070e-01
2.998710e-01
0.000000e+00
0.000000e+00
0.000000e+00
0.000000e+00
0.000000e+00
0.000000e+00
2.500000e+01
3.509683e+01
2.921244e+01
5.259814e+00
1.665950e+00
0.000000e+00
0.000000e+00
0.000000e+00
0.000000e+00
0.000000e+00
0.000000e+00
1.359844e+01
5.721555e+00
8.144969e+00
1.675781e+00
9.061729e-01
0.000000e+00
0.000000e+00
0.000000e+00
0.000000e+00
0.000000e+00
0.000000e+00
7.541950e-01
6.334645e-01
4.911938e-01
1.211239e-01
5.025805e-02
0.000000e+00
0.000000e+00
0.000000e+00
0.000000e+00
0.000000e+00
0.000000e+00
1.008000e+00
6.087911e+00
1.144089e+01
6.182090e-01
6.717111e-02
0.000000e+00
0.000000e+00
0.000000e+00
0.000000e+00
0.000000e+00
0.000000e+00
