1.000000e+00
1.556381e+00
9.014346e-01
3.436310e-01
2.234772e-01
3.914923e-02
2.356904e-02
2.582453e-03
0.000000e+00
0.000000e+00
0.000000e+00
4.500000e+00
5.609650e+00
3.667465e+00
1.216458e+00
7.219103e-01
1.383107e-01
4.266492e-02
1.162104e-02
0.000000e+00
0.000000e+00
0.000000e+00
2.500000e+01
3.474358e+01
2.136133e+01
7.588206e+00
4.620034e+00
8.548176e-01
3.708403e-01
6.456132e-02
0.000000e+00
0.000000e+00
0.000000e+00
1.359844e+01
5.631157e+00
8.118677e+00
1.267275e+00
1.794138e+00
2.840183e-01
8.024146e-02
3.511733e-02
0.000000e+00
0.000000e+00
0.000000e+00
7.541950e-01
6.278325e-01
5.339479e-01
1.388910e-01
1.207458e-01
2.043058e-02
8.346811e-03
1.947673e-03
0.000000e+00
0.000000e+00
0.000000e+00
1.008000e+00
5.948573e+00
2.072936e+00
1.302645e+00
5.480820e-01
1.069373e-01
8.465140e-02
2.603112e-03
0.000000e+00
0.000000e+00
0.000000e+00
