1.000000e+00
1.533874e+00
1.163068e+00
6.540334e-01
2.918441e-01
8.382225e-02
2.374417e-02
1.553978e-02
5.275311e-03
4.674624e-03
2.952891e-03
4.500000e+00
5.532704e+00
4.195047e+00
2.510781e+00
1.085792e+00
3.244095e-01
9.090668e-02
3.972264e-02
1.922627e-02
1.529996e-02
1.099753e-02
2.500000e+01
3.425520e+01
2.597369e+01
1.505793e+01
6.616446e+00
1.935089e+00
5.459821e-01
2.937898e-01
1.184027e-01
9.856887e-02
6.698015e-02
1.359844e+01
5.570890e+00
4.224425e+00
4.135803e+00
1.430243e+00
6.863656e-01
1.449558e-01
8.122497e-02
2.137109e-02
1.827783e-02
1.459088e-02
7.541950e-01
6.195508e-01
4.697420e-01
3.245133e-01
1.308920e-01
4.425975e-02
1.165430e-02
2.657847e-03
2.208494e-03
1.894367e-03
1.328592e-03
1.008000e+00
5.856956e+00
4.440979e+00
2.000524e+00
1.009951e+00
2.114823e-01
7.410702e-02
5.094760e-02
1.951963e-02
1.720826e-02
1.018512e-02
