1.000000e+00
1.534490e+00
1.169828e+00
6.542875e-01
3.270562e-01
1.018821e-01
1.037132e-01
1.662714e-02
5.594854e-03
3.757237e-03
2.501003e-03
4.500000e+00
5.533254e+00
4.171360e+00
2.499956e+00
9.771592e-01
3.698038e-01
1.839480e-01
6.595759e-02
2.158975e-02
1.371293e-02
9.521032e-03
2.500000e+01
3.426371e+01
2.595732e+01
1.502466e+01
6.607265e+00
2.282191e+00
1.615187e+00
3.891984e-01
1.291560e-01
8.438791e-02
5.734683e-02
1.359844e+01
5.567021e+00
4.245254e+00
4.021920e+00
1.544301e+00
3.958517e-01
3.964946e-01
1.271671e-01
3.604618e-02
1.543761e-02
1.466254e-02
7.541950e-01
6.193007e-01
4.666999e-01
3.219345e-01
1.048846e-01
4.205909e-02
3.807395e-02
9.062909e-03
2.812542e-03
1.580564e-03
1.206270e-03
1.008000e+00
5.860947e+00
4.461848e+00
2.033070e+00
1.123747e+00
3.817448e-01
3.590038e-01
4.465860e-02
1.692889e-02
1.384143e-02
7.976619e-03
