1.000000e+00
1.545451e+00
1.206451e+00
9.076886e-01
4.065774e-01
1.193210e-01
4.282322e-02
2.179081e-02
2.466602e-03
0.000000e+00
0.000000e+00
4.500000e+00
5.546598e+00
4.193136e+00
2.520771e+00
1.558383e+00
4.621516e-01
1.592457e-01
8.366564e-02
1.109971e-02
0.000000e+00
0.000000e+00
2.500000e+01
3.441315e+01
2.636051e+01
1.749724e+01
9.354261e+00
2.759604e+00
9.706324e-01
5.017754e-01
6.166505e-02
0.000000e+00
0.000000e+00
1.359844e+01
5.581579e+00
4.366467e+00
3.322232e+00
2.501815e+00
7.878241e-01
2.088991e-01
1.356825e-01
3.354194e-02
0.000000e+00
0.000000e+00
7.541950e-01
6.225355e-01
4.830680e-01
3.497568e-01
2.002519e-01
6.065308e-02
1.917253e-02
1.078873e-02
1.860299e-03
0.000000e+00
0.000000e+00
1.008000e+00
5.905899e+00
4.585284e+00
3.334985e+00
1.263398e+00
3.556636e-01
1.484672e-01
6.726266e-02
2.486335e-03
0.000000e+00
0.000000e+00
