1.000000e+00
1.607728e+00
1.434215e+00
2.396211e-01
1.733586e-01
1.194876e-01
5.809623e-02
1.948988e-02
7.594953e-03
2.970155e-03
9.210591e-04
4.500000e+00
5.752576e+00
5.530331e+00
8.640455e-01
6.188414e-01
3.401793e-01
1.761861e-01
7.436255e-02
3.175836e-02
8.636222e-03
4.144766e-03
2.500000e+01
3.546350e+01
2.951494e+01
5.348442e+00
3.845841e+00
2.329013e+00
1.171382e+00
4.471265e-01
1.826480e-01
5.958782e-02
2.302648e-02
1.359844e+01
5.667829e+00
8.299292e+00
9.013500e-01
6.614680e-01
5.221346e-01
2.634274e-01
1.296891e-01
7.628208e-02
1.508584e-02
1.252497e-02
7.541950e-01
6.450534e-01
7.212460e-01
9.778872e-02
7.088040e-02
4.892567e-02
2.441318e-02
9.635008e-03
4.779227e-03
7.279485e-04
6.946582e-04
1.008000e+00
6.290431e+00
6.022112e+00
9.057168e-01
6.514644e-01
4.152723e-01
2.008182e-01
5.772398e-02
1.526857e-02
9.954103e-03
9.284276e-04
