1.000000e+00
1.532551e+00
1.163688e+00
6.569416e-01
3.036254e-01
7.968798e-02
3.426693e-02
8.425466e-03
5.212618e-03
2.660652e-03
7.266213e-04
4.500000e+00
5.526553e+00
4.181391e+00
2.526373e+00
9.880146e-01
3.195882e-01
1.220636e-01
2.959318e-02
1.895851e-02
8.480276e-03
1.402451e-03
2.500000e+01
3.421814e+01
2.593214e+01
1.510519e+01
6.429917e+00
1.821966e+00
6.662029e-01
1.850919e-01
1.167083e-01
5.498907e-02
1.231883e-02
1.359844e+01
5.566387e+00
4.224504e+00
4.129458e+00
1.472393e+00
6.398178e-01
8.756348e-02
3.276623e-02
2.935630e-02
1.482130e-02
2.754516e-03
7.541950e-01
6.186826e-01
4.659624e-01
3.269270e-01
1.001462e-01
4.498882e-02
1.333060e-02
3.455945e-03
2.275163e-03
1.218823e-03
0.000000e+00
1.008000e+00
5.852926e+00
4.444604e+00
2.030309e+00
1.045156e+00
2.265348e-01
1.785800e-01
3.139878e-02
1.690906e-02
8.446421e-03
2.654612e-03
