1.000000e+00
1.535133e+00
1.161087e+00
6.608947e-01
2.968200e-01
1.282341e-01
9.118453e-02
4.883284e-02
2.122651e-02
1.026664e-02
6.444269e-03
4.500000e+00
5.536566e+00
4.188142e+00
2.531626e+00
1.103483e+00
4.654710e-01
3.342801e-01
1.832838e-01
8.033321e-02
3.778408e-02
2.401937e-02
2.500000e+01
3.428129e+01
2.593020e+01
1.520083e+01
6.726853e+00
2.872533e+00
2.052436e+00
1.111896e+00
4.852989e-01
2.315263e-01
1.462310e-01
1.359844e+01
5.567880e+00
4.217939e+00
4.049560e+00
1.444656e+00
4.984261e-01
3.911790e-01
2.570800e-01
1.191572e-01
4.568253e-02
3.205256e-02
7.541950e-01
6.197929e-01
4.690117e-01
3.249080e-01
1.327749e-01
5.294431e-02
3.893949e-02
2.252615e-02
1.005204e-02
4.441874e-03
2.906846e-03
1.008000e+00
5.863901e+00
4.433225e+00
2.058501e+00
1.029994e+00
4.804311e-01
3.312590e-01
1.639828e-01
6.918994e-02
3.683493e-02
2.216836e-02
