1.000000e+00
1.530787e+00
1.064252e+00
4.856049e-01
1.224364e-01
1.948940e-02
5.933899e-03
1.897172e-03
6.359678e-04
2.697108e-04
1.035526e-04
4.500000e+00
5.545918e+00
4.041809e+00
1.983343e+00
5.226523e-01
7.926073e-02
2.405114e-02
7.636354e-03
2.543241e-03
9.935975e-04
3.731328e-04
2.500000e+01
3.425899e+01
2.437390e+01
1.153707e+01
2.976338e+00
4.620184e-01
1.404272e-01
4.473807e-02
1.494743e-02
6.085285e-03
2.311442e-03
1.359844e+01
5.831458e+00
6.131353e+00
4.350322e+00
1.348962e+00
1.708100e-01
5.109980e-02
1.574352e-02
5.092158e-03
1.211121e-03
3.718219e-04
7.541950e-01
6.278557e-01
5.095083e-01
2.870519e-01
8.123544e-02
1.138752e-02
3.435281e-03
1.077443e-03
3.546645e-04
1.170778e-04
4.167605e-05
1.008000e+00
5.768528e+00
3.424746e+00
1.124842e+00
2.125181e-01
4.621262e-02
1.432584e-02
4.747719e-03
1.643795e-03
9.645702e-04
3.966105e-04
