1.000000e+00
1.542792e+00
1.045109e+00
5.232085e-01
1.156530e-01
4.882328e-02
2.722083e-03
0.000000e+00
0.000000e+00
0.000000e+00
0.000000e+00
4.500000e+00
5.564106e+00
3.975608e+00
2.017356e+00
4.401681e-01
5.810990e-02
1.224937e-02
0.000000e+00
0.000000e+00
0.000000e+00
0.000000e+00
2.500000e+01
3.445047e+01
2.395000e+01
1.205256e+01
2.625481e+00
6.578479e-01
6.805208e-02
0.000000e+00
0.000000e+00
0.000000e+00
0.000000e+00
1.359844e+01
5.620553e+00
6.172370e+00
3.686390e+00
1.096604e+00
1.493102e-01
3.701608e-02
0.000000e+00
0.000000e+00
0.000000e+00
0.000000e+00
7.541950e-01
6.237055e-01
5.054953e-01
2.734028e-01
6.960753e-02
1.601984e-02
2.052982e-03
0.000000e+00
0.000000e+00
0.000000e+00
0.000000e+00
1.008000e+00
5.885756e+00
3.319324e+00
1.489261e+00
2.446710e-01
1.754152e-01
2.743860e-03
0.000000e+00
0.000000e+00
0.000000e+00
0.000000e+00
