1.000000e+00
1.543534e+00
1.178295e+00
7.679631e-01
3.921351e-01
4.779394e-02
0.000000e+00
0.000000e+00
0.000000e+00
0.000000e+00
0.000000e+00
4.500000e+00
5.556862e+00
4.195488e+00
2.307831e+00
1.184447e+00
2.150727e-01
0.000000e+00
0.000000e+00
0.000000e+00
0.000000e+00
0.000000e+00
2.500000e+01
3.443417e+01
2.612134e+01
1.554949e+01
7.879160e+00
1.194849e+00
0.000000e+00
0.000000e+00
0.000000e+00
0.000000e+00
0.000000e+00
1.359844e+01
5.614302e+00
4.348660e+00
3.828055e+00
1.936544e+00
6.499230e-01
0.000000e+00
0.000000e+00
0.000000e+00
0.000000e+00
0.000000e+00
7.541950e-01
6.219864e-01
4.708970e-01
2.540828e-01
1.699066e-01
3.604595e-02
0.000000e+00
0.000000e+00
0.000000e+00
0.000000e+00
0.000000e+00
1.008000e+00
5.890219e+00
4.472169e+00
2.580650e+00
1.307680e+00
4.817629e-02
0.000000e+00
0.000000e+00
0.000000e+00
0.000000e+00
0.000000e+00
