1.000000e+00
1.556143e+00
1.540695e+00
6.569984e-01
3.558982e-01
1.199419e-01
6.479268e-02
1.573037e-03
0.000000e+00
0.000000e+00
0.000000e+00
4.500000e+00
5.585936e+00
5.635864e+00
1.814803e+00
1.122019e+00
4.006069e-01
1.656765e-01
7.078666e-03
0.000000e+00
0.000000e+00
0.000000e+00
2.500000e+01
3.457248e+01
3.124614e+01
1.266640e+01
7.422952e+00
2.571476e+00
1.226945e+00
3.932592e-02
0.000000e+00
0.000000e+00
0.000000e+00
1.359844e+01
5.565916e+00
6.276400e+00
2.294373e+00
1.636179e+00
6.632352e-01
3.345354e-01
2.139085e-02
0.000000e+00
0.000000e+00
0.000000e+00
7.541950e-01
6.247774e-01
6.713530e-01
2.344171e-01
1.071381e-01
4.318708e-02
1.020136e-02
1.186377e-03
0.000000e+00
0.000000e+00
0.000000e+00
1.008000e+00
5.997356e+00
7.015452e+00
2.451040e+00
1.248393e+00
3.900758e-01
2.139597e-01
1.585621e-03
0.000000e+00
0.000000e+00
0.000000e+00
