1.000000e+00
1.568210e+00
1.228966e+00
7.524080e-01
1.323832e-01
0.000000e+00
0.000000e+00
0.000000e+00
0.000000e+00
0.000000e+00
0.000000e+00
4.500000e+00
5.546731e+00
3.639565e+00
1.823938e+00
5.957243e-01
0.000000e+00
0.000000e+00
0.000000e+00
0.000000e+00
0.000000e+00
0.000000e+00
2.500000e+01
3.464246e+01
2.479455e+01
1.353279e+01
3.309579e+00
0.000000e+00
0.000000e+00
0.000000e+00
0.000000e+00
0.000000e+00
0.000000e+00
1.359844e+01
5.660024e+00
6.801968e+00
2.652869e+00
1.800205e+00
0.000000e+00
0.000000e+00
0.000000e+00
0.000000e+00
0.000000e+00
0.000000e+00
7.541950e-01
6.188282e-01
3.550414e-01
2.803391e-01
9.984273e-02
0.000000e+00
0.000000e+00
0.000000e+00
0.000000e+00
0.000000e+00
0.000000e+00
1.008000e+00
5.985009e+00
3.949820e+00
2.750938e+00
1.334422e-01
0.000000e+00
0.000000e+00
0.000000e+00
0.000000e+00
0.000000e+00
0.000000e+00
