1.000000e+00
1.537011e+00
1.086301e+00
7.657356e-01
1.913466e-01
8.852898e-02
7.717538e-03
0.000000e+00
0.000000e+00
0.000000e+00
0.000000e+00
4.500000e+00
5.528941e+00
3.999982e+00
1.859095e+00
7.118763e-01
3.534506e-01
3.472892e-02
0.000000e+00
0.000000e+00
0.000000e+00
0.000000e+00
2.500000e+01
3.426381e+01
2.442546e+01
1.375077e+01
4.338025e+00
2.079010e+00
1.929385e-01
0.000000e+00
0.000000e+00
0.000000e+00
0.000000e+00
1.359844e+01
5.678238e+00
6.118455e+00
3.218751e+00
9.369958e-01
7.023996e-01
1.049465e-01
0.000000e+00
0.000000e+00
0.000000e+00
0.000000e+00
7.541950e-01
6.236334e-01
5.124881e-01
3.025153e-01
8.579407e-02
4.914398e-02
5.820529e-03
0.000000e+00
0.000000e+00
0.000000e+00
0.000000e+00
1.008000e+00
5.837997e+00
3.516646e+00
2.646200e+00
6.623869e-01
2.306401e-01
7.779279e-03
0.000000e+00
0.000000e+00
0.000000e+00
0.000000e+00
