1.000000e+00
1.906015e+00
1.195329e+00
1.146028e+00
1.105794e-01
5.747386e-02
3.219846e-02
1.119601e-02
7.847788e-04
0.000000e+00
0.000000e+00
4.500000e+00
3.737031e+00
3.734628e+00
1.856953e+00
4.118582e-01
2.111549e-01
9.130338e-02
2.695378e-02
3.531505e-03
0.000000e+00
0.000000e+00
2.500000e+01
3.248479e+01
2.460122e+01
1.739014e+01
2.500777e+00
1.286114e+00
6.242220e-01
1.903455e-01
1.961947e-02
0.000000e+00
0.000000e+00
1.359844e+01
7.216495e+00
4.251235e+00
3.760501e+00
6.684316e-01
3.236088e-01
1.724740e-01
4.882908e-02
1.067177e-02
0.000000e+00
0.000000e+00
7.541950e-01
0.000000e+00
4.545361e-01
3.230431e-01
5.378536e-02
2.786261e-02
1.425596e-02
6.151648e-03
5.918763e-04
0.000000e+00
0.000000e+00
1.008000e+00
6.966990e+00
4.501269e+00
4.152109e+00
3.452124e-01
1.867194e-01
1.024058e-01
3.968385e-02
7.910571e-04
0.000000e+00
0.000000e+00
