1.000000e+00
1.542466e+00
1.044586e+00
4.796079e-01
1.472103e-01
4.200440e-02
9.714265e-03
1.324033e-03
0.000000e+00
0.000000e+00
0.000000e+00
4.500000e+00
5.565329e+00
3.980929e+00
1.955600e+00
5.785802e-01
1.729966e-01
4.122940e-02
5.958150e-03
0.000000e+00
0.000000e+00
0.000000e+00
2.500000e+01
3.445195e+01
2.396474e+01
1.138489e+01
3.429732e+00
1.002246e+00
2.354341e-01
3.310083e-02
0.000000e+00
0.000000e+00
0.000000e+00
1.359844e+01
5.620355e+00
6.172153e+00
4.260330e+00
1.065812e+00
3.923611e-01
1.043664e-01
1.800479e-02
0.000000e+00
0.000000e+00
0.000000e+00
7.541950e-01
6.236628e-01
5.055092e-01
2.822323e-01
7.812806e-02
2.539426e-02
6.351767e-03
9.985793e-04
0.000000e+00
0.000000e+00
0.000000e+00
1.008000e+00
5.884611e+00
3.318007e+00
1.121177e+00
4.123304e-01
9.276862e-02
1.761211e-02
1.334626e-03
0.000000e+00
0.000000e+00
0.000000e+00
