1.000000e+00
1.529360e+00
1.164706e+00
7.076381e-01
2.109971e-01
2.222987e-02
0.000000e+00
0.000000e+00
0.000000e+00
0.000000e+00
0.000000e+00
4.500000e+00
5.519266e+00
4.215826e+00
2.812313e+00
8.474375e-01
1.000344e-01
0.000000e+00
0.000000e+00
0.000000e+00
0.000000e+00
0.000000e+00
2.500000e+01
3.416289e+01
2.605472e+01
1.657954e+01
4.970086e+00
5.557468e-01
0.000000e+00
0.000000e+00
0.000000e+00
0.000000e+00
0.000000e+00
1.359844e+01
5.586239e+00
4.394380e+00
5.470279e+00
1.730270e+00
3.022916e-01
0.000000e+00
0.000000e+00
0.000000e+00
0.000000e+00
0.000000e+00
7.541950e-01
6.188432e-01
4.762127e-01
3.877540e-01
1.191031e-01
1.676566e-02
0.000000e+00
0.000000e+00
0.000000e+00
0.000000e+00
0.000000e+00
1.008000e+00
5.830768e+00
4.400996e+00
1.884238e+00
5.338545e-01
2.240771e-02
0.000000e+00
0.000000e+00
0.000000e+00
0.000000e+00
0.000000e+00
