1.000000e+00
2.706690e+00
9.002200e-01
7.245937e-01
2.335545e-01
2.521602e-02
0.000000e+00
0.000000e+00
0.000000e+00
0.000000e+00
0.000000e+00
4.500000e+00
3.324847e+00
3.017957e+00
1.817254e+00
9.014850e-01
1.134721e-01
0.000000e+00
0.000000e+00
0.000000e+00
0.000000e+00
0.000000e+00
2.500000e+01
3.686767e+01
1.936714e+01
1.362260e+01
5.392246e+00
6.304005e-01
0.000000e+00
0.000000e+00
0.000000e+00
0.000000e+00
0.000000e+00
1.359844e+01
8.318063e+00
3.392527e+00
2.959115e+00
1.507310e+00
3.428985e-01
0.000000e+00
0.000000e+00
0.000000e+00
0.000000e+00
0.000000e+00
7.541950e-01
8.822865e-01
3.071856e-01
9.532956e-02
1.174989e-01
1.901779e-02
0.000000e+00
0.000000e+00
0.000000e+00
0.000000e+00
0.000000e+00
1.008000e+00
9.733528e+00
3.385645e+00
2.615758e+00
7.059609e-01
2.541775e-02
0.000000e+00
0.000000e+00
0.000000e+00
0.000000e+00
0.000000e+00
