1.000000e+00
1.541864e+00
1.188666e+00
7.815354e-01
3.805055e-01
2.997250e-01
3.506630e-02
4.813476e-03
0.000000e+00
0.000000e+00
0.000000e+00
4.500000e+00
5.548893e+00
4.248417e+00
2.767620e+00
1.395278e+00
8.243285e-01
4.173622e-02
2.166064e-02
0.000000e+00
0.000000e+00
0.000000e+00
2.500000e+01
3.434666e+01
2.626194e+01
1.674575e+01
8.545589e+00
4.670528e+00
4.724855e-01
1.203369e-01
0.000000e+00
0.000000e+00
0.000000e+00
1.359844e+01
5.561181e+00
4.249334e+00
3.557691e+00
1.960337e+00
8.297938e-01
1.072389e-01
6.545576e-02
0.000000e+00
0.000000e+00
0.000000e+00
7.541950e-01
6.218464e-01
4.791249e-01
3.453537e-01
1.733356e-01
1.229242e-01
1.150592e-02
3.630300e-03
0.000000e+00
0.000000e+00
0.000000e+00
1.008000e+00
5.935756e+00
4.683147e+00
3.192025e+00
1.285078e+00
2.170590e+00
1.259883e-01
4.851984e-03
0.000000e+00
0.000000e+00
0.000000e+00
