1.000000e+00
1.540702e+00
1.159499e+00
7.459825e-01
2.533905e-01
7.131550e-02
5.660395e-02
2.656295e-02
9.900732e-03
4.600466e-03
4.125797e-04
4.500000e+00
5.518497e+00
4.184006e+00
2.308695e+00
9.458035e-01
2.626746e-01
2.045720e-01
1.064398e-01
3.682568e-02
1.826520e-02
1.856608e-03
2.500000e+01
3.428344e+01
2.589950e+01
1.540095e+01
5.753890e+00
1.608898e+00
1.265303e+00
6.249609e-01
2.244344e-01
1.077322e-01
1.031449e-02
1.359844e+01
5.582994e+00
4.229916e+00
4.437422e+00
1.275441e+00
3.197121e-01
2.100541e-01
2.150798e-01
4.838750e-02
3.536129e-02
5.610440e-03
7.541950e-01
6.123274e-01
4.689941e-01
2.262425e-01
1.148296e-01
3.093860e-02
2.302027e-02
1.489760e-02
4.435855e-03
2.513755e-03
3.111655e-04
1.008000e+00
5.883927e+00
4.422161e+00
2.323005e+00
8.674008e-01
2.551949e-01
2.148753e-01
6.798318e-02
3.430025e-02
1.230664e-02
4.158803e-04
