1.000000e+00
1.546303e+00
1.214674e+00
1.065924e+00
3.353993e-01
1.257647e-01
1.164629e-02
6.771656e-03
3.269863e-03
1.446954e-03
1.664355e-04
4.500000e+00
5.541444e+00
4.282964e+00
3.259463e+00
1.161102e+00
2.635948e-01
4.459622e-02
2.476285e-02
1.249786e-02
5.552908e-03
7.489596e-04
2.500000e+01
3.436453e+01
2.661863e+01
2.084907e+01
6.943894e+00
2.109399e+00
2.678210e-01
1.522357e-01
7.512538e-02
3.331096e-02
4.160887e-03
1.359844e+01
5.551345e+00
4.284294e+00
3.994296e+00
1.386208e+00
6.858042e-01
7.118167e-02
2.835978e-02
1.972672e-02
8.979900e-03
2.263263e-03
7.541950e-01
6.276032e-01
5.021242e-01
5.523557e-01
1.408672e-01
4.695790e-02
5.719213e-03
2.867506e-03
1.596664e-03
7.153503e-04
1.255248e-04
1.008000e+00
5.958604e+00
4.795536e+00
4.808261e+00
1.363162e+00
3.839584e-01
3.632558e-02
2.479505e-02
1.027184e-02
4.474751e-03
1.677669e-04
