1.000000e+00
1.550385e+00
9.139056e-01
2.550243e-01
9.788247e-02
5.854225e-02
2.531582e-02
1.465510e-02
3.237779e-03
0.000000e+00
0.000000e+00
4.500000e+00
5.600647e+00
3.718532e+00
1.035076e+00
3.490486e-01
2.142306e-01
9.508662e-02
2.915861e-02
1.457001e-02
0.000000e+00
0.000000e+00
2.500000e+01
3.464899e+01
2.166943e+01
6.037478e+00
2.170926e+00
1.310162e+00
5.766329e-01
2.399096e-01
8.094449e-02
0.000000e+00
0.000000e+00
1.359844e+01
5.724479e+00
8.047905e+00
2.243720e+00
3.596437e-01
3.498770e-01
1.340453e-01
5.560762e-02
4.402875e-02
0.000000e+00
0.000000e+00
7.541950e-01
6.295102e-01
5.352935e-01
1.492451e-01
3.957842e-02
2.825288e-02
1.170503e-02
5.440629e-03
2.441917e-03
0.000000e+00
0.000000e+00
1.008000e+00
5.893600e+00
2.155982e+00
6.018074e-01
3.718684e-01
1.833224e-01
8.479436e-02
5.137132e-02
3.263682e-03
0.000000e+00
0.000000e+00
