1.000000e+00
1.540538e+00
1.158373e+00
7.877529e-01
3.452352e-01
7.481686e-02
2.423097e-02
2.060327e-02
6.474811e-03
7.422849e-04
0.000000e+00
4.500000e+00
5.513584e+00
4.178244e+00
2.434993e+00
1.297428e+00
2.979718e-01
8.806081e-02
5.467970e-02
2.483950e-02
3.340282e-03
0.000000e+00
2.500000e+01
3.426595e+01
2.586820e+01
1.626660e+01
7.865767e+00
1.741584e+00
5.431072e-01
3.720779e-01
1.490339e-01
1.855712e-02
0.000000e+00
1.359844e+01
5.580828e+00
4.215423e+00
3.881884e+00
1.836014e+00
6.922030e-01
9.536407e-02
9.300850e-02
4.008737e-02
1.009392e-02
0.000000e+00
7.541950e-01
6.111488e-01
4.682464e-01
2.289948e-01
1.599050e-01
4.590434e-02
1.004584e-02
1.097661e-02
3.197675e-03
5.598275e-04
0.000000e+00
1.008000e+00
5.883443e+00
4.420751e+00
2.684748e+00
1.154091e+00
1.665974e-01
9.044846e-02
7.239769e-02
2.005057e-02
7.482232e-04
0.000000e+00
