1.000000e+00
1.599232e+00
1.033170e+00
2.865262e-01
1.604523e-01
4.042185e-02
1.721243e-02
1.989563e-03
0.000000e+00
0.000000e+00
0.000000e+00
4.500000e+00
5.837360e+00
6.741278e+00
1.036417e+00
6.610172e-01
1.551346e-01
6.619805e-02
8.953035e-03
0.000000e+00
0.000000e+00
0.000000e+00
2.500000e+01
3.575338e+01
2.611093e+01
6.407543e+00
3.829034e+00
9.305979e-01
3.966812e-01
4.973908e-02
0.000000e+00
0.000000e+00
0.000000e+00
1.359844e+01
5.752617e+00
7.973264e+00
1.073157e+00
1.500886e+00
2.509678e-01
1.084142e-01
2.705496e-02
0.000000e+00
0.000000e+00
0.000000e+00
7.541950e-01
6.437285e-01
5.561953e-01
1.168744e-01
9.707743e-02
1.998766e-02
8.565518e-03
1.500519e-03
0.000000e+00
0.000000e+00
0.000000e+00
1.008000e+00
6.153834e+00
3.883224e+00
1.084903e+00
3.537713e-01
1.249757e-01
5.278090e-02
2.005480e-03
0.000000e+00
0.000000e+00
0.000000e+00
