1.000000e+00
1.534731e+00
1.153449e+00
3.602626e-01
2.631678e-01
1.908958e-01
9.629913e-02
1.707064e-02
7.756886e-03
0.000000e+00
0.000000e+00
4.500000e+00
5.530122e+00
4.158609e+00
1.298529e+00
9.640359e-01
6.878581e-01
3.966196e-01
6.151093e-02
3.490599e-02
0.000000e+00
0.000000e+00
2.500000e+01
3.425739e+01
2.575370e+01
8.042739e+00
5.921357e+00
4.261068e+00
2.297769e+00
3.810412e-01
1.939221e-01
0.000000e+00
0.000000e+00
1.359844e+01
5.510693e+00
4.168054e+00
1.297921e+00
1.120829e+00
6.854414e-01
8.996176e-01
6.129482e-02
1.054815e-01
0.000000e+00
0.000000e+00
7.541950e-01
6.176718e-01
4.651484e-01
1.451448e-01
1.120968e-01
7.682843e-02
5.822201e-02
6.870295e-03
5.850205e-03
0.000000e+00
0.000000e+00
1.008000e+00
5.878079e+00
4.410306e+00
1.378595e+00
9.583466e-01
7.311383e-01
2.126550e-01
6.538122e-02
7.818941e-03
0.000000e+00
0.000000e+00
