1.000000e+00
1.552660e+00
9.041671e-01
3.396268e-01
1.924245e-01
9.846291e-02
4.062840e-02
1.652708e-02
2.578854e-03
0.000000e+00
0.000000e+00
4.500000e+00
5.596618e+00
3.682519e+00
1.223931e+00
7.409900e-01
3.547930e-01
1.651739e-01
5.955231e-02
1.160484e-02
0.000000e+00
0.000000e+00
2.500000e+01
3.466324e+01
2.145042e+01
7.581398e+00
4.437451e+00
2.197833e+00
9.629744e-01
3.689081e-01
6.447135e-02
0.000000e+00
0.000000e+00
1.359844e+01
5.596212e+00
7.984560e+00
1.221133e+00
1.222451e+00
3.535465e-01
3.554504e-01
5.934309e-02
3.506839e-02
0.000000e+00
0.000000e+00
7.541950e-01
6.256305e-01
5.304148e-01
1.367450e-01
9.612443e-02
3.962763e-02
2.371685e-02
6.651532e-03
1.944959e-03
0.000000e+00
0.000000e+00
1.008000e+00
5.940784e+00
2.126951e+00
1.300319e+00
5.871128e-01
3.771167e-01
9.651349e-02
6.329936e-02
2.599485e-03
0.000000e+00
0.000000e+00
