1.000000e+00
1.534805e+00
1.178968e+00
6.504109e-01
3.472273e-01
5.661625e-02
2.432383e-02
1.484489e-02
1.061178e-02
5.312182e-03
4.971187e-04
4.500000e+00
5.533328e+00
4.139827e+00
2.495155e+00
8.976197e-01
2.139705e-01
9.361558e-02
5.460201e-02
3.940278e-02
2.107183e-02
2.237034e-03
2.500000e+01
3.426733e+01
2.596767e+01
1.497072e+01
6.608703e+00
1.293521e+00
5.607736e-01
3.346785e-01
2.403508e-01
1.243418e-01
1.242797e-02
1.359844e+01
5.569274e+00
4.293629e+00
4.026485e+00
1.681306e+00
3.144993e-01
1.539591e-01
6.570462e-02
5.110754e-02
4.061867e-02
6.760039e-03
7.541950e-01
6.191731e-01
4.478336e-01
3.212006e-01
5.574418e-02
2.669449e-02
1.213087e-02
6.410382e-03
4.727892e-03
2.895153e-03
3.749244e-04
1.008000e+00
5.861756e+00
4.490386e+00
2.014240e+00
1.179462e+00
1.854830e-01
7.437525e-02
5.335941e-02
3.697654e-02
1.427067e-02
5.010956e-04
