1.000000e+00
1.621276e+00
1.225446e+00
2.351145e-01
1.646365e-01
8.762799e-02
4.253288e-02
1.189419e-02
8.638452e-03
2.456790e-03
8.099042e-04
4.500000e+00
5.700107e+00
3.165029e+00
8.416834e-01
5.890554e-01
3.132462e-01
1.208812e-01
4.388089e-02
2.244993e-02
9.165205e-03
1.685463e-03
2.500000e+01
3.566839e+01
2.246960e+01
5.228206e+00
3.655799e+00
1.935865e+00
8.277471e-01
2.685494e-01
1.645401e-01
5.577290e-02
1.411359e-02
1.359844e+01
5.806759e+00
8.937347e+00
8.644219e-01
6.535973e-01
5.307284e-01
1.958989e-01
5.411831e-02
5.479353e-02
1.231055e-02
3.536842e-03
7.541950e-01
6.485105e-01
6.136767e-01
9.436914e-02
6.815526e-02
4.113005e-02
1.769235e-02
5.187994e-03
1.578673e-03
1.111392e-03
2.196374e-05
1.008000e+00
6.190744e+00
3.142735e+00
8.939217e-01
6.113829e-01
2.715967e-01
1.448283e-01
4.233768e-02
2.561292e-02
8.425738e-03
2.833018e-03
