1.000000e+00
1.535018e+00
1.168744e+00
6.568402e-01
3.041780e-01
9.490809e-02
6.945379e-02
1.523660e-02
1.009386e-02
6.429417e-03
2.088259e-03
4.500000e+00
5.536444e+00
4.182535e+00
2.522022e+00
1.064608e+00
3.712195e-01
1.318830e-01
5.547197e-02
3.706834e-02
2.437443e-02
8.779523e-03
2.500000e+01
3.427959e+01
2.597914e+01
1.512528e+01
6.652561e+00
2.205817e+00
1.115928e+00
3.418044e-01
2.273914e-01
1.471199e-01
5.036146e-02
1.359844e+01
5.570755e+00
4.242258e+00
4.090869e+00
1.437224e+00
6.670785e-01
2.289131e-01
6.106759e-02
4.402227e-02
3.655928e-02
2.150362e-02
7.541950e-01
6.198620e-01
4.712077e-01
3.252397e-01
1.330800e-01
4.966492e-02
2.449212e-02
6.355625e-03
4.335790e-03
3.061136e-03
1.332678e-03
1.008000e+00
5.862531e+00
4.458057e+00
2.027219e+00
1.057511e+00
2.714912e-01
2.526990e-01
5.656384e-02
3.646642e-02
2.082561e-02
4.048809e-03
