1.000000e+00
1.553580e+00
9.082060e-01
2.503064e-01
1.153124e-01
2.557231e-02
0.000000e+00
0.000000e+00
0.000000e+00
0.000000e+00
0.000000e+00
4.500000e+00
5.596456e+00
3.676757e+00
1.024834e+00
2.811883e-01
1.150754e-01
0.000000e+00
0.000000e+00
0.000000e+00
0.000000e+00
0.000000e+00
2.500000e+01
3.466944e+01
2.146269e+01
5.954326e+00
2.070625e+00
6.393077e-01
0.000000e+00
0.000000e+00
0.000000e+00
0.000000e+00
0.000000e+00
1.359844e+01
5.624435e+00
8.049436e+00
2.270449e+00
5.591562e-01
3.477435e-01
0.000000e+00
0.000000e+00
0.000000e+00
0.000000e+00
0.000000e+00
7.541950e-01
6.267423e-01
5.332269e-01
1.489480e-01
4.804424e-02
1.928651e-02
0.000000e+00
0.000000e+00
0.000000e+00
0.000000e+00
0.000000e+00
1.008000e+00
5.936346e+00
2.124150e+00
5.718894e-01
3.766089e-01
2.577689e-02
0.000000e+00
0.000000e+00
0.000000e+00
0.000000e+00
0.000000e+00
