1.000000e+00
1.599284e+00
1.248475e+00
2.229604e-01
1.680931e-01
1.006532e-01
5.428494e-02
1.353214e-02
6.731788e-03
2.504299e-03
7.565805e-04
4.500000e+00
5.695879e+00
3.184706e+00
8.031183e-01
6.008627e-01
3.592156e-01
1.733989e-01
4.890075e-02
2.816236e-02
7.224052e-03
3.404612e-03
2.500000e+01
3.545220e+01
2.275198e+01
4.973623e+00
3.731246e+00
2.225910e+00
1.121197e+00
3.022470e-01
1.619299e-01
5.005237e-02
1.891451e-02
1.359844e+01
5.744061e+00
8.998851e+00
8.355485e-01
6.540552e-01
4.937299e-01
3.366317e-01
6.181713e-02
6.776147e-02
1.295777e-02
1.028831e-02
7.541950e-01
6.421321e-01
6.207648e-01
9.087018e-02
6.916850e-02
4.471712e-02
2.600742e-02
5.646758e-03
4.241299e-03
6.021712e-04
5.706092e-04
1.008000e+00
6.113903e+00
3.226853e+00
8.435308e-01
6.280487e-01
3.457176e-01
1.622370e-01
4.802428e-02
1.349133e-02
8.320103e-03
7.626331e-04
