1.000000e+00
1.552263e+00
9.146979e-01
2.591194e-01
9.612877e-02
6.222560e-02
1.707015e-02
6.282071e-03
3.921646e-03
1.774547e-03
2.106579e-04
4.500000e+00
5.608359e+00
3.722633e+00
1.054978e+00
3.482162e-01
2.413534e-01
6.997309e-02
2.279088e-02
1.500334e-02
6.811174e-03
9.479604e-04
2.500000e+01
3.469373e+01
2.169196e+01
6.146230e+00
2.151209e+00
1.440150e+00
4.063135e-01
1.406866e-01
9.014280e-02
4.085584e-02
5.266447e-03
1.359844e+01
5.741768e+00
8.046566e+00
2.284101e+00
3.656324e-01
4.146716e-01
1.557583e-01
2.428207e-02
2.381810e-02
1.102499e-02
2.864618e-03
7.541950e-01
6.306367e-01
5.355034e-01
1.518626e-01
3.940756e-02
3.176480e-02
1.019016e-02
2.588936e-03
1.920525e-03
8.777295e-04
1.588771e-04
1.008000e+00
5.897820e+00
2.160462e+00
6.107175e-01
3.624055e-01
1.843995e-01
3.874159e-02
2.357406e-02
1.227443e-02
5.484453e-03
2.123431e-04
