1.000000e+00
1.532537e+00
1.063677e+00
4.772465e-01
1.796656e-01
1.180228e-01
2.389757e-02
4.949319e-03
7.377544e-04
5.672315e-04
2.255626e-04
4.500000e+00
5.538446e+00
4.038476e+00
1.938371e+00
6.494761e-01
3.564919e-01
9.508911e-02
2.016226e-02
2.738253e-03
2.131719e-03
1.015032e-03
2.500000e+01
3.424892e+01
2.435729e+01
1.130002e+01
4.016618e+00
2.356807e+00
5.602488e-01
1.174310e-01
1.670638e-02
1.292371e-02
5.639066e-03
1.359844e+01
5.812375e+00
6.115211e+00
4.252954e+00
6.683780e-01
8.185715e-01
1.860171e-01
4.375720e-02
3.540672e-03
3.016712e-03
3.067300e-03
7.541950e-01
6.273979e-01
5.087821e-01
2.811133e-01
7.312619e-02
5.892559e-02
1.313982e-02
2.905213e-03
3.282563e-04
2.627317e-04
1.701182e-04
1.008000e+00
5.780498e+00
3.426513e+00
1.110378e+00
6.815670e-01
3.236517e-01
6.327120e-02
1.162847e-02
2.574196e-03
1.896180e-03
2.273671e-04
