1.000000e+00
1.540789e+00
1.048675e+00
5.852439e-01
2.696722e-01
4.348843e-02
8.291960e-03
2.635761e-03
4.031979e-04
0.000000e+00
0.000000e+00
4.500000e+00
5.546351e+00
4.004918e+00
2.414203e+00
7.758932e-01
1.839753e-01
3.354628e-02
1.068600e-02
1.814391e-03
0.000000e+00
0.000000e+00
2.500000e+01
3.434671e+01
2.401527e+01
1.305725e+01
5.257022e+00
1.052193e+00
1.960446e-01
6.238428e-02
1.007995e-02
0.000000e+00
0.000000e+00
1.359844e+01
5.587263e+00
6.185621e+00
3.781570e+00
1.641774e+00
4.605404e-01
7.070869e-02
2.272899e-02
5.482862e-03
0.000000e+00
0.000000e+00
7.541950e-01
6.210972e-01
5.049655e-01
2.658039e-01
1.261784e-01
2.820047e-02
4.775904e-03
1.527001e-03
3.040898e-04
0.000000e+00
0.000000e+00
1.008000e+00
5.889440e+00
3.353806e+00
2.043318e+00
8.009992e-01
8.072958e-02
2.021546e-02
6.354580e-03
4.064235e-04
0.000000e+00
0.000000e+00
