1.000000e+00
1.547342e+00
1.045290e+00
5.139119e-01
1.449493e-01
7.122264e-02
2.627440e-02
4.250267e-03
0.000000e+00
0.000000e+00
0.000000e+00
4.500000e+00
5.539135e+00
3.979606e+00
1.841949e+00
5.561215e-01
2.772532e-01
1.057184e-01
1.912620e-02
0.000000e+00
0.000000e+00
0.000000e+00
2.500000e+01
3.442040e+01
2.396893e+01
1.138976e+01
3.336512e+00
1.651374e+00
6.194711e-01
1.062567e-01
0.000000e+00
0.000000e+00
0.000000e+00
1.359844e+01
5.643176e+00
6.131599e+00
4.396171e+00
8.979614e-01
4.858229e-01
2.175968e-01
5.779701e-02
0.000000e+00
0.000000e+00
0.000000e+00
7.541950e-01
6.146218e-01
5.042784e-01
2.361848e-01
7.160418e-02
3.675105e-02
1.490635e-02
3.205530e-03
0.000000e+00
0.000000e+00
0.000000e+00
1.008000e+00
5.898644e+00
3.332853e+00
1.232044e+00
4.487128e-01
2.079045e-01
6.587616e-02
4.284270e-03
0.000000e+00
0.000000e+00
0.000000e+00
