1.000000e+00
1.590023e+00
1.050801e+00
3.944593e-01
2.472767e-01
3.686118e-02
1.649257e-02
3.423106e-03
8.385783e-04
0.000000e+00
0.000000e+00
4.500000e+00
5.650540e+00
3.300207e+00
1.011360e+00
6.361001e-01
1.367756e-01
7.027978e-02
1.294688e-02
3.773602e-03
0.000000e+00
0.000000e+00
2.500000e+01
3.522343e+01
2.178362e+01
7.427425e+00
4.569770e+00
8.346027e-01
4.005543e-01
7.823783e-02
2.096446e-02
0.000000e+00
0.000000e+00
1.359844e+01
5.731119e+00
8.650910e+00
1.465233e+00
1.076148e+00
1.764757e-01
1.803352e-01
1.912555e-02
1.140336e-02
0.000000e+00
0.000000e+00
7.541950e-01
6.275476e-01
3.693983e-01
8.571995e-02
9.974446e-02
1.638587e-02
1.089437e-02
1.617871e-03
6.324516e-04
0.000000e+00
0.000000e+00
1.008000e+00
6.074992e+00
2.580042e+00
1.455417e+00
8.494879e-01
1.287386e-01
2.901434e-02
1.118345e-02
8.452869e-04
0.000000e+00
0.000000e+00
