1.000000e+00
1.596904e+00
1.326282e+00
2.855566e-01
1.344923e-01
0.000000e+00
0.000000e+00
0.000000e+00
0.000000e+00
0.000000e+00
0.000000e+00
4.500000e+00
5.787297e+00
7.072152e+00
1.034319e+00
6.052153e-01
0.000000e+00
0.000000e+00
0.000000e+00
0.000000e+00
0.000000e+00
0.000000e+00
2.500000e+01
3.559934e+01
2.787371e+01
6.390068e+00
3.362307e+00
0.000000e+00
0.000000e+00
0.000000e+00
0.000000e+00
0.000000e+00
0.000000e+00
1.359844e+01
5.725644e+00
7.950187e+00
1.085251e+00
1.828885e+00
0.000000e+00
0.000000e+00
0.000000e+00
0.000000e+00
0.000000e+00
0.000000e+00
7.541950e-01
6.405773e-01
5.376867e-01
1.170316e-01
1.014334e-01
0.000000e+00
0.000000e+00
0.000000e+00
0.000000e+00
0.000000e+00
0.000000e+00
1.008000e+00
6.202107e+00
9.130903e+00
1.076798e+00
1.355682e-01
0.000000e+00
0.000000e+00
0.000000e+00
0.000000e+00
0.000000e+00
0.000000e+00
