1.000000e+00
1.394971e+00
9.601585e-01
3.628449e-01
1.501844e-01
9.298756e-02
1.681257e-02
0.000000e+00
0.000000e+00
0.000000e+00
0.000000e+00
4.500000e+00
5.151566e+00
3.781589e+00
1.343118e+00
5.444337e-01
3.493533e-01
7.565656e-02
0.000000e+00
0.000000e+00
0.000000e+00
0.000000e+00
2.500000e+01
3.151128e+01
2.239349e+01
8.205780e+00
3.362104e+00
2.118301e+00
4.203142e-01
0.000000e+00
0.000000e+00
0.000000e+00
0.000000e+00
1.359844e+01
6.404463e+00
7.039555e+00
1.700998e+00
5.757770e-01
4.933721e-01
2.286247e-01
0.000000e+00
0.000000e+00
0.000000e+00
0.000000e+00
7.541950e-01
6.104733e-01
5.126703e-01
1.600247e-01
6.172699e-02
4.302928e-02
1.267996e-02
0.000000e+00
0.000000e+00
0.000000e+00
0.000000e+00
1.008000e+00
4.949256e+00
2.664569e+00
1.277439e+00
5.649149e-01
3.111734e-01
1.694707e-02
0.000000e+00
0.000000e+00
0.000000e+00
0.000000e+00
