1.000000e+00
1.540265e+00
1.043558e+00
4.790283e-01
1.375133e-01
5.517221e-02
1.942186e-02
1.525369e-02
8.225361e-03
4.650526e-03
6.423512e-04
4.500000e+00
5.556955e+00
3.976017e+00
1.947345e+00
5.549890e-01
1.988894e-01
7.064053e-02
5.524934e-02
3.105744e-02
1.734146e-02
2.890580e-03
2.500000e+01
3.440150e+01
2.393818e+01
1.135353e+01
3.247187e+00
1.231781e+00
4.354875e-01
3.413369e-01
1.878402e-01
1.055513e-01
1.605878e-02
1.359844e+01
5.607502e+00
6.155009e+00
4.189423e+00
1.157668e+00
1.990698e-01
7.707472e-02
5.795678e-02
4.537020e-02
2.321797e-02
8.734974e-03
7.541950e-01
6.226030e-01
5.046225e-01
2.795801e-01
7.867749e-02
2.223868e-02
8.074453e-03
6.251015e-03
3.866961e-03
2.100797e-03
4.844580e-04
1.008000e+00
5.877578e+00
3.317861e+00
1.138365e+00
3.394705e-01
2.110394e-01
7.231740e-02
5.752382e-02
2.703801e-02
1.597329e-02
6.474900e-04
