1.000000e+00
2.652066e+00
1.017569e+00
8.663613e-01
1.962251e-01
8.355356e-02
3.847887e-02
4.275067e-03
0.000000e+00
0.000000e+00
0.000000e+00
4.500000e+00
3.267754e+00
3.166792e+00
1.621594e+00
5.516010e-01
3.129469e-01
1.485750e-01
1.923780e-02
0.000000e+00
0.000000e+00
0.000000e+00
2.500000e+01
3.620952e+01
2.087949e+01
1.383305e+01
3.879735e+00
1.900514e+00
8.885468e-01
1.068767e-01
0.000000e+00
0.000000e+00
0.000000e+00
1.359844e+01
8.192642e+00
3.568032e+00
2.862564e+00
8.027128e-01
4.325699e-01
2.489194e-01
5.813424e-02
0.000000e+00
0.000000e+00
0.000000e+00
7.541950e-01
8.411110e-01
3.949467e-01
3.051953e-01
4.087658e-02
3.828604e-02
1.937889e-02
3.224234e-03
0.000000e+00
0.000000e+00
0.000000e+00
1.008000e+00
9.536241e+00
3.840906e+00
3.146187e+00
7.122006e-01
2.826341e-01
1.161444e-01
4.309267e-03
0.000000e+00
0.000000e+00
0.000000e+00
