1.000000e+00
1.555692e+00
9.028367e-01
3.424783e-01
1.758060e-01
9.261364e-02
4.905262e-02
5.538323e-03
0.000000e+00
0.000000e+00
0.000000e+00
4.500000e+00
5.608671e+00
3.681153e+00
1.235606e+00
6.861652e-01
3.359637e-01
1.889333e-01
2.492245e-02
0.000000e+00
0.000000e+00
0.000000e+00
2.500000e+01
3.473429e+01
2.143097e+01
7.649229e+00
4.081608e+00
2.073982e+00
1.131312e+00
1.384581e-01
0.000000e+00
0.000000e+00
0.000000e+00
1.359844e+01
5.619679e+00
8.018045e+00
1.246999e+00
1.219223e+00
3.576278e-01
3.120845e-01
7.531255e-02
0.000000e+00
0.000000e+00
0.000000e+00
7.541950e-01
6.272929e-01
5.312242e-01
1.384419e-01
9.141983e-02
3.815512e-02
2.452004e-02
4.176975e-03
0.000000e+00
0.000000e+00
0.000000e+00
1.008000e+00
5.948849e+00
2.111066e+00
1.306833e+00
5.075470e-01
3.476405e-01
1.495367e-01
5.582630e-03
0.000000e+00
0.000000e+00
0.000000e+00
