1.000000e+00
1.535720e+00
1.181473e+00
6.940418e-01
3.659390e-01
1.522275e-01
5.374051e-02
2.351097e-02
1.123594e-02
1.235607e-03
0.000000e+00
4.500000e+00
5.538349e+00
4.259059e+00
2.646269e+00
1.341985e+00
5.426824e-01
1.956009e-01
8.740980e-02
4.326326e-02
5.560230e-03
0.000000e+00
2.500000e+01
3.427774e+01
2.624066e+01
1.570225e+01
7.693618e+00
2.965767e+00
1.205410e+00
5.328410e-01
2.590966e-01
3.089017e-02
0.000000e+00
1.359844e+01
5.562367e+00
4.228202e+00
4.058465e+00
1.437551e+00
3.767040e-01
2.148035e-01
1.144685e-01
7.133367e-02
1.680232e-02
0.000000e+00
7.541950e-01
6.199068e-01
4.762805e-01
3.364662e-01
1.566927e-01
5.915788e-02
2.239612e-02
1.051837e-02
5.611192e-03
9.318884e-04
0.000000e+00
1.008000e+00
5.874490e+00
4.583274e+00
2.305220e+00
1.582234e+00
7.950867e-01
1.996697e-01
8.157466e-02
3.429561e-02
1.245492e-03
0.000000e+00
