1.000000e+00
1.535591e+00
1.169315e+00
5.973880e-01
2.685140e-01
5.257849e-02
0.000000e+00
0.000000e+00
0.000000e+00
0.000000e+00
0.000000e+00
4.500000e+00
5.539351e+00
4.230380e+00
2.316203e+00
1.054748e+00
2.366032e-01
0.000000e+00
0.000000e+00
0.000000e+00
0.000000e+00
0.000000e+00
2.500000e+01
3.429490e+01
2.615147e+01
1.382333e+01
6.254122e+00
1.314462e+00
0.000000e+00
0.000000e+00
0.000000e+00
0.000000e+00
0.000000e+00
1.359844e+01
5.582194e+00
4.387997e+00
3.971210e+00
1.937451e+00
7.149855e-01
0.000000e+00
0.000000e+00
0.000000e+00
0.000000e+00
0.000000e+00
7.541950e-01
6.204225e-01
4.772617e-01
3.046096e-01
1.422747e-01
3.965444e-02
0.000000e+00
0.000000e+00
0.000000e+00
0.000000e+00
0.000000e+00
1.008000e+00
5.862083e+00
4.425115e+00
1.773061e+00
7.539611e-01
5.299912e-02
0.000000e+00
0.000000e+00
0.000000e+00
0.000000e+00
0.000000e+00
