1.000000e+00
1.534191e+00
1.163258e+00
6.559696e-01
2.886634e-01
8.261011e-02
1.045598e-02
1.179254e-02
2.937149e-03
1.963564e-03
7.884859e-04
4.500000e+00
5.533181e+00
4.193500e+00
2.505649e+00
1.069676e+00
2.606160e-01
3.757965e-02
2.275875e-02
1.068294e-02
6.874847e-03
3.058258e-03
2.500000e+01
3.425978e+01
2.596964e+01
1.505284e+01
6.529381e+00
1.678810e+00
2.330222e-01
1.907707e-01
6.585847e-02
4.285993e-02
1.824863e-02
1.359844e+01
5.572908e+00
4.224783e+00
4.157025e+00
1.401698e+00
7.605750e-01
3.778378e-02
3.968238e-02
1.165636e-02
1.078412e-02
5.254145e-03
7.541950e-01
6.196918e-01
4.697960e-01
3.268670e-01
1.289367e-01
4.770436e-02
4.213797e-03
4.194063e-03
1.221107e-03
9.089002e-04
4.024932e-04
1.008000e+00
5.857799e+00
4.441417e+00
2.001164e+00
1.002087e+00
1.726986e-01
3.995981e-02
4.272382e-02
1.093637e-02
6.380088e-03
2.336694e-03
