1.000000e+00
1.543655e+00
1.049280e+00
5.803250e-01
3.609557e-01
4.554166e-02
1.552548e-02
4.848443e-03
7.505611e-04
0.000000e+00
0.000000e+00
4.500000e+00
5.562090e+00
3.954277e+00
2.110748e+00
9.259522e-01
1.820897e-01
6.301961e-02
1.968987e-02
3.377525e-03
0.000000e+00
0.000000e+00
2.500000e+01
3.445237e+01
2.391016e+01
1.294781e+01
6.642472e+00
1.070291e+00
3.676895e-01
1.148539e-01
1.876403e-02
0.000000e+00
0.000000e+00
1.359844e+01
5.599575e+00
6.173309e+00
3.343377e+00
1.871176e+00
3.642940e-01
1.347253e-01
4.217952e-02
1.020646e-02
0.000000e+00
0.000000e+00
7.541950e-01
6.231369e-01
5.058550e-01
2.756378e-01
1.554602e-01
2.538504e-02
9.024199e-03
2.821895e-03
5.660694e-04
0.000000e+00
0.000000e+00
1.008000e+00
5.895367e+00
3.333508e+00
1.852209e+00
1.150511e+00
1.178125e-01
3.719247e-02
1.158485e-02
7.565656e-04
0.000000e+00
0.000000e+00
